0	0.4135	0.9730	2.701
1	0.4070	0.9753	2.470
2	0.4126	0.9729	2.707
3	0.4144	0.9727	2.730
4	0.4144	0.9729	2.714
5	0.4141	0.9723	2.765
6	0.4147	0.9726	2.743
7	0.4142	0.9728	2.719
8	0.4162	0.9718	2.820
9	0.4081	0.9749	2.508
10	0.4083	0.9749	2.511
11	0.4137	0.9730	2.695
12	0.4097	0.9747	2.535
13	0.4134	0.9733	2.675
14	0.4152	0.9721	2.787
15	0.4124	0.9736	2.644
16	0.4144	0.9726	2.744
17	0.4143	0.9729	2.713
18	0.4144	0.9729	2.713
19	0.4133	0.9730	2.698
20	0.4166	0.9717	2.828
21	0.4130	0.9734	2.663
22	0.4143	0.9727	2.730
23	0.4144	0.9728	2.720
24	0.3993	0.9796	2.040
25	0.4145	0.9723	2.770
26	0.3994	0.9792	2.083
27	0.4127	0.9732	2.676
28	0.4108	0.9741	2.585
29	0.4159	0.9720	2.804
30	0.4097	0.9747	2.534
31	0.4132	0.9730	2.697
32	0.4082	0.9749	2.509
33	0.4153	0.9720	2.804
34	0.4161	0.9718	2.818
35	0.4088	0.9748	2.519
36	0.4089	0.9747	2.528
37	0.4136	0.9723	2.767
38	0.4081	0.9749	2.508
39	0.4127	0.9734	2.657
40	0.4130	0.9731	2.695
41	0.4120	0.9739	2.614
42	0.4126	0.9730	2.703
43	0.4109	0.9739	2.613
44	0.4138	0.9729	2.710
45	0.4070	0.9753	2.471
46	0.4160	0.9718	2.821
47	0.4110	0.9739	2.605
48	0.4128	0.9729	2.714
49	0.4019	0.9783	2.168
50	0.4137	0.9730	2.695
51	0.4131	0.9734	2.655
52	0.4100	0.9746	2.537
53	0.4115	0.9735	2.652
54	0.4144	0.9726	2.736
55	0.4126	0.9729	2.706
56	0.4143	0.9727	2.726
57	0.4090	0.9752	2.479
58	0.4151	0.9722	2.777
59	0.4135	0.9730	2.697
60	0.4146	0.9726	2.740
61	0.4119	0.9735	2.648
62	0.3995	0.9794	2.060
63	0.4103	0.9745	2.546
64	0.4152	0.9722	2.775
65	0.4150	0.9722	2.779
66	0.4116	0.9735	2.651
67	0.4032	0.9774	2.256
68	0.4150	0.9723	2.771
69	0.3976	0.9801	1.987
70	0.4086	0.9752	2.478
71	0.4141	0.9727	2.728
72	0.4101	0.9740	2.597
73	0.3992	0.9794	2.055
74	0.4098	0.9746	2.539
75	0.4054	0.9760	2.399
76	0.4123	0.9732	2.682
77	0.4121	0.9732	2.677
78	0.4169	0.9711	2.887
79	0.4075	0.9756	2.444
80	0.4108	0.9739	2.611
81	0.4098	0.9742	2.581
82	0.4133	0.9730	2.699
83	0.4149	0.9724	2.760
84	0.4124	0.9735	2.645
85	0.4159	0.9717	2.830
86	0.4156	0.9725	2.754
87	0.4133	0.9730	2.704
88	0.4069	0.9754	2.462
89	0.4152	0.9721	2.789
90	0.4084	0.9748	2.524
91	0.4139	0.9722	2.783
92	0.4147	0.9724	2.763
93	0.4143	0.9725	2.746
94	0.4052	0.9765	2.354
95	0.4133	0.9733	2.673
96	0.4082	0.9749	2.514
97	0.4156	0.9723	2.766
98	0.4149	0.9723	2.774
99	0.4123	0.9735	2.651
100	0.4122	0.9734	2.655
101	0.4146	0.9727	2.734
102	0.4132	0.9728	2.724
103	0.4015	0.9778	2.216
104	0.4006	0.9785	2.147
105	0.4112	0.9738	2.624
106	0.4094	0.9743	2.573
107	0.4140	0.9723	2.765
108	0.4101	0.9748	2.516
109	0.4135	0.9727	2.725
110	0.4123	0.9735	2.647
111	0.4141	0.9728	2.718
112	0.4131	0.9733	2.665
113	0.4135	0.9729	2.709
114	0.4150	0.9724	2.764
115	0.4130	0.9732	2.683
116	0.4157	0.9718	2.824
117	0.4018	0.9783	2.167
118	0.4074	0.9755	2.446
119	0.4151	0.9722	2.780
120	0.4143	0.9726	2.736
121	0.4103	0.9745	2.546
122	0.3993	0.9796	2.041
123	0.4090	0.9752	2.477
124	0.4135	0.9723	2.767
125	0.4126	0.9732	2.677
126	0.4134	0.9730	2.699
127	0.4139	0.9722	2.783
128	0.4006	0.9785	2.148
129	0.4081	0.9749	2.507
130	0.4161	0.9718	2.823
131	0.4100	0.9746	2.537
132	0.4082	0.9749	2.512
133	0.4169	0.9711	2.887
134	0.4141	0.9728	2.720
135	0.4101	0.9748	2.516
136	0.4149	0.9723	2.773
137	0.3975	0.9801	1.988
138	0.4053	0.9760	2.398
139	0.4123	0.9735	2.647
140	0.3992	0.9794	2.057
141	0.4143	0.9729	2.714
142	0.4101	0.9740	2.598
143	0.4122	0.9734	2.658
144	0.4137	0.9729	2.710
145	0.4137	0.9730	2.696
146	0.4134	0.9729	2.708
147	0.4142	0.9729	2.712
148	0.4031	0.9774	2.256
149	0.3994	0.9794	2.060
150	0.4084	0.9748	2.525
151	0.4129	0.9733	2.665
152	0.4111	0.9738	2.624
153	0.4143	0.9728	2.722
154	0.4119	0.9735	2.651
155	0.4151	0.9721	2.789
156	0.4108	0.9739	2.612
157	0.4015	0.9778	2.215
158	0.4152	0.9720	2.805
159	0.4132	0.9730	2.698
160	0.4140	0.9723	2.765
161	0.4051	0.9765	2.353
162	0.4158	0.9717	2.831
163	0.4143	0.9727	2.728
164	0.4087	0.9748	2.516
165	0.4149	0.9724	2.761
166	0.4119	0.9739	2.613
167	0.4125	0.9729	2.706
168	0.4109	0.9739	2.607
169	0.4069	0.9753	2.470
170	0.4115	0.9735	2.651
171	0.4131	0.9730	2.700
172	0.3993	0.9792	2.080
173	0.4142	0.9727	2.729
174	0.4129	0.9731	2.694
175	0.4152	0.9722	2.776
176	0.4096	0.9746	2.537
177	0.4133	0.9733	2.675
178	0.4148	0.9723	2.775
179	0.4123	0.9735	2.651
180	0.4068	0.9754	2.463
181	0.4165	0.9717	2.833
182	0.4093	0.9743	2.572
183	0.4125	0.9730	2.704
184	0.4145	0.9727	2.735
185	0.4133	0.9730	2.704
186	0.4156	0.9718	2.824
187	0.4085	0.9752	2.477
188	0.4131	0.9728	2.725
189	0.4155	0.9723	2.765
190	0.4158	0.9719	2.809
191	0.4107	0.9741	2.588
192	0.4123	0.9735	2.646
193	0.4097	0.9746	2.539
194	0.4140	0.9727	2.728
195	0.4122	0.9732	2.681
196	0.4127	0.9728	2.715
197	0.4126	0.9734	2.659
198	0.4146	0.9724	2.762
199	0.4088	0.9747	2.527
200	0.4145	0.9726	2.743
201	0.4132	0.9730	2.700
202	0.4134	0.9727	2.726
203	0.4120	0.9732	2.677
204	0.4130	0.9734	2.665
205	0.4155	0.9725	2.754
206	0.4107	0.9739	2.610
207	0.4142	0.9725	2.745
208	0.4159	0.9718	2.821
209	0.4082	0.9749	2.515
210	0.4097	0.9742	2.580
211	0.4143	0.9723	2.770
212	0.4130	0.9734	2.655
213	0.4129	0.9732	2.682
214	0.4143	0.9726	2.744
215	0.4148	0.9724	2.762
216	0.4149	0.9722	2.779
217	0.4114	0.9735	2.652
218	0.4088	0.9747	2.528
219	0.4146	0.9724	2.762
220	0.4122	0.9732	2.682
221	0.4143	0.9729	2.713
222	0.3994	0.9794	2.061
223	0.4120	0.9732	2.677
224	0.4018	0.9783	2.168
225	0.4128	0.9734	2.664
226	0.4107	0.9739	2.611
227	0.4145	0.9726	2.744
228	0.4126	0.9728	2.716
229	0.4118	0.9735	2.651
230	0.4131	0.9730	2.700
231	0.4121	0.9734	2.657
232	0.4102	0.9745	2.545
233	0.4014	0.9778	2.215
234	0.4081	0.9749	2.514
235	0.4134	0.9729	2.708
236	0.3993	0.9792	2.082
237	0.4145	0.9726	2.735
238	0.4069	0.9753	2.470
239	0.3991	0.9794	2.058
240	0.4126	0.9732	2.677
241	0.4131	0.9730	2.697
242	0.4140	0.9728	2.720
243	0.4132	0.9730	2.699
244	0.4123	0.9735	2.646
245	0.4140	0.9727	2.728
246	0.4097	0.9742	2.581
247	0.4130	0.9734	2.665
248	0.4158	0.9719	2.810
249	0.4097	0.9746	2.539
250	0.4147	0.9724	2.760
251	0.4114	0.9735	2.650
252	0.4135	0.9723	2.768
253	0.4109	0.9739	2.606
254	0.4152	0.9720	2.805
255	0.4129	0.9732	2.681
256	0.4122	0.9735	2.651
257	0.4143	0.9723	2.772
258	0.4073	0.9756	2.445
259	0.4149	0.9722	2.780
260	0.4106	0.9741	2.587
261	0.4149	0.9723	2.770
262	0.4132	0.9733	2.674
263	0.4124	0.9729	2.705
264	0.3974	0.9801	1.988
265	0.4136	0.9730	2.697
266	0.4051	0.9765	2.354
267	0.4136	0.9729	2.710
268	0.4142	0.9728	2.721
269	0.4168	0.9711	2.887
270	0.4124	0.9730	2.704
271	0.4125	0.9734	2.659
272	0.4142	0.9727	2.727
273	0.4128	0.9731	2.695
274	0.4142	0.9725	2.746
275	0.4142	0.9727	2.729
276	0.4139	0.9723	2.766
277	0.4151	0.9723	2.774
278	0.4150	0.9722	2.777
279	0.4160	0.9718	2.819
280	0.4142	0.9726	2.744
281	0.4154	0.9725	2.753
282	0.4085	0.9752	2.479
283	0.3992	0.9796	2.041
284	0.4107	0.9739	2.613
285	0.4005	0.9785	2.148
286	0.4096	0.9747	2.534
287	0.4155	0.9724	2.761
288	0.4087	0.9748	2.519
289	0.4150	0.9721	2.787
290	0.4142	0.9727	2.735
291	0.4100	0.9740	2.598
292	0.4134	0.9727	2.725
293	0.4158	0.9718	2.820
294	0.4083	0.9747	2.525
295	0.4113	0.9735	2.652
296	0.4130	0.9735	2.654
297	0.4068	0.9754	2.463
298	0.4147	0.9723	2.774
299	0.4131	0.9728	2.723
300	0.4118	0.9739	2.614
301	0.4052	0.9760	2.400
302	0.4132	0.9730	2.703
303	0.4030	0.9774	2.256
304	0.4141	0.9729	2.712
305	0.4092	0.9743	2.573
306	0.4148	0.9724	2.762
307	0.4089	0.9752	2.480
308	0.4079	0.9749	2.506
309	0.4164	0.9717	2.828
310	0.4122	0.9735	2.646
311	0.4099	0.9747	2.535
312	0.4110	0.9738	2.623
313	0.4155	0.9718	2.824
314	0.4099	0.9749	2.514
315	0.4081	0.9749	2.510
316	0.4157	0.9717	2.829
317	0.4133	0.9730	2.698
318	0.4137	0.9722	2.781
319	0.4068	0.9753	2.470
320	0.4081	0.9749	2.515
321	0.4126	0.9728	2.715
322	0.4158	0.9718	2.821
323	0.4030	0.9774	2.255
324	0.4141	0.9725	2.745
325	0.4122	0.9735	2.646
326	0.4139	0.9723	2.765
327	0.4100	0.9740	2.597
328	0.4079	0.9749	2.508
329	0.4132	0.9733	2.674
330	0.4133	0.9730	2.697
331	0.4145	0.9726	2.743
332	0.4081	0.9749	2.511
333	0.4129	0.9734	2.655
334	0.4147	0.9723	2.774
335	0.4099	0.9749	2.514
336	0.4120	0.9734	2.655
337	0.4141	0.9729	2.713
338	0.4096	0.9746	2.537
339	0.4164	0.9717	2.828
340	0.4151	0.9723	2.775
341	0.4141	0.9727	2.729
342	0.4148	0.9723	2.771
343	0.4017	0.9783	2.166
344	0.4149	0.9722	2.779
345	0.4014	0.9778	2.216
346	0.3993	0.9794	2.059
347	0.4052	0.9760	2.400
348	0.4130	0.9730	2.699
349	0.4128	0.9731	2.695
350	0.4067	0.9754	2.463
351	0.4159	0.9718	2.820
352	0.4073	0.9756	2.444
353	0.4131	0.9730	2.701
354	0.4087	0.9747	2.527
355	0.4113	0.9735	2.651
356	0.4107	0.9739	2.612
357	0.4098	0.9746	2.537
358	0.4151	0.9720	2.805
359	0.4142	0.9728	2.721
360	0.4155	0.9718	2.825
361	0.4142	0.9726	2.745
362	0.4142	0.9729	2.714
363	0.4088	0.9752	2.479
364	0.4083	0.9748	2.525
365	0.4119	0.9732	2.677
366	0.4134	0.9723	2.767
367	0.4147	0.9724	2.761
368	0.4124	0.9730	2.704
369	0.3991	0.9796	2.041
370	0.3990	0.9794	2.057
371	0.4154	0.9723	2.765
372	0.4135	0.9730	2.695
373	0.4128	0.9732	2.682
374	0.4142	0.9726	2.737
375	0.4157	0.9719	2.807
376	0.4101	0.9745	2.546
377	0.4125	0.9732	2.676
378	0.4144	0.9727	2.734
379	0.4133	0.9727	2.725
380	0.4136	0.9729	2.710
381	0.4110	0.9738	2.623
382	0.4105	0.9741	2.586
383	0.4106	0.9739	2.610
384	0.3992	0.9792	2.082
385	0.4132	0.9730	2.704
386	0.4122	0.9736	2.645
387	0.4121	0.9732	2.682
388	0.4148	0.9724	2.764
389	0.4145	0.9724	2.762
390	0.4149	0.9722	2.777
391	0.4096	0.9742	2.580
392	0.4092	0.9743	2.572
393	0.4133	0.9729	2.709
394	0.4108	0.9739	2.606
395	0.4142	0.9723	2.771
396	0.4086	0.9748	2.518
397	0.4125	0.9734	2.658
398	0.4127	0.9734	2.663
399	0.4130	0.9728	2.724
400	0.4121	0.9735	2.649
401	0.4004	0.9785	2.148
402	0.4124	0.9730	2.704
403	0.4117	0.9735	2.649
404	0.4130	0.9730	2.698
405	0.4139	0.9727	2.728
406	0.3974	0.9801	1.986
407	0.4167	0.9711	2.886
408	0.4095	0.9747	2.532
409	0.4156	0.9717	2.830
410	0.4149	0.9721	2.787
411	0.4084	0.9752	2.478
412	0.4129	0.9734	2.665
413	0.4113	0.9735	2.650
414	0.4154	0.9725	2.754
415	0.4141	0.9727	2.726
416	0.4139	0.9728	2.716
417	0.4137	0.9722	2.780
418	0.4117	0.9739	2.614
419	0.4050	0.9765	2.354
420	0.4148	0.9722	2.779
421	0.4141	0.9727	2.730
422	0.4099	0.9749	2.514
423	0.4101	0.9746	2.544
424	0.4113	0.9735	2.649
425	0.4121	0.9736	2.643
426	0.4125	0.9734	2.658
427	0.4155	0.9717	2.825
428	0.4121	0.9735	2.649
429	0.4130	0.9728	2.723
430	0.4051	0.9760	2.400
431	0.4145	0.9724	2.761
432	0.4127	0.9730	2.695
433	0.4133	0.9727	2.725
434	0.4137	0.9722	2.781
435	0.4129	0.9735	2.654
436	0.4124	0.9732	2.676
437	0.4079	0.9749	2.507
438	0.4095	0.9747	2.534
439	0.4128	0.9732	2.683
440	0.4157	0.9718	2.820
441	0.3990	0.9795	2.054
442	0.4105	0.9741	2.585
443	0.4132	0.9730	2.695
444	0.4082	0.9747	2.525
445	0.4141	0.9728	2.720
446	0.4156	0.9720	2.803
447	0.4159	0.9718	2.818
448	0.4086	0.9748	2.520
449	0.4135	0.9729	2.709
450	0.4148	0.9724	2.760
451	0.4050	0.9765	2.354
452	0.4098	0.9746	2.537
453	0.4125	0.9729	2.713
454	0.4149	0.9722	2.777
455	0.4142	0.9723	2.770
456	0.4088	0.9752	2.479
457	0.4086	0.9747	2.527
458	0.4139	0.9729	2.714
459	0.4117	0.9735	2.648
460	0.4130	0.9730	2.697
461	0.4072	0.9756	2.445
462	0.4119	0.9732	2.676
463	0.4131	0.9733	2.675
464	0.4135	0.9730	2.696
465	0.4080	0.9748	2.516
466	0.4150	0.9720	2.804
467	0.4127	0.9734	2.663
468	0.4141	0.9727	2.734
469	0.3973	0.9801	1.987
470	0.4138	0.9724	2.763
471	0.4138	0.9727	2.728
472	0.4129	0.9730	2.697
473	0.4016	0.9783	2.166
474	0.3991	0.9796	2.041
475	0.4067	0.9753	2.471
476	0.3992	0.9794	2.061
477	0.4128	0.9733	2.666
478	0.4130	0.9730	2.699
479	0.4120	0.9732	2.682
480	0.4096	0.9746	2.538
481	0.4091	0.9743	2.573
482	0.4123	0.9729	2.706
483	0.4083	0.9752	2.477
484	0.4105	0.9739	2.610
485	0.4029	0.9774	2.256
486	0.4131	0.9729	2.705
487	0.4013	0.9778	2.216
488	0.4123	0.9730	2.703
489	0.4079	0.9749	2.512
490	0.4119	0.9734	2.658
491	0.4109	0.9738	2.623
492	0.4121	0.9735	2.648
493	0.4147	0.9722	2.776
494	0.4163	0.9717	2.834
495	0.4144	0.9726	2.745
496	0.4106	0.9739	2.612
497	0.4098	0.9740	2.598
498	0.4141	0.9727	2.729
499	0.4117	0.9739	2.612
500	0.4107	0.9739	2.606
501	0.4143	0.9727	2.734
502	0.4166	0.9711	2.886
503	0.4141	0.9729	2.713
504	0.4156	0.9717	2.830
505	0.4149	0.9721	2.789
506	0.4150	0.9722	2.776
507	0.4140	0.9725	2.745
508	0.4140	0.9729	2.712
509	0.4153	0.9725	2.754
510	0.4153	0.9724	2.763
511	0.4141	0.9726	2.744
512	0.4004	0.9785	2.148
513	0.3991	0.9792	2.082
514	0.4095	0.9742	2.580
515	0.4133	0.9723	2.768
516	0.4112	0.9735	2.651
517	0.4146	0.9723	2.774
518	0.4066	0.9754	2.463
519	0.4146	0.9724	2.760
520	0.4132	0.9729	2.709
521	0.4128	0.9733	2.666
522	0.4116	0.9735	2.651
523	0.4129	0.9730	2.701
524	0.4148	0.9722	2.781
525	0.4132	0.9730	2.699
526	0.4095	0.9746	2.538
527	0.4158	0.9718	2.819
528	0.4129	0.9728	2.723
529	0.4080	0.9749	2.515
530	0.4004	0.9785	2.148
531	0.4130	0.9733	2.674
532	0.3991	0.9792	2.082
533	0.4119	0.9734	2.657
534	0.4146	0.9723	2.774
535	0.4150	0.9723	2.774
536	0.4117	0.9739	2.613
537	0.4123	0.9730	2.704
538	0.4144	0.9724	2.762
539	0.3973	0.9801	1.986
540	0.4135	0.9729	2.710
541	0.4143	0.9727	2.735
542	0.4141	0.9726	2.735
543	0.4078	0.9749	2.508
544	0.4083	0.9752	2.478
545	0.4072	0.9756	2.445
546	0.4121	0.9735	2.645
547	0.4150	0.9720	2.804
548	0.4157	0.9718	2.821
549	0.4156	0.9719	2.807
550	0.4066	0.9754	2.462
551	0.4147	0.9724	2.764
552	0.4153	0.9725	2.755
553	0.4106	0.9739	2.613
554	0.4147	0.9723	2.770
555	0.4029	0.9774	2.255
556	0.4126	0.9731	2.695
557	0.4120	0.9735	2.646
558	0.4130	0.9730	2.704
559	0.4079	0.9749	2.511
560	0.4132	0.9729	2.708
561	0.4129	0.9730	2.699
562	0.4126	0.9734	2.663
563	0.4141	0.9726	2.745
564	0.3989	0.9794	2.055
565	0.4012	0.9778	2.216
566	0.4123	0.9732	2.677
567	0.4097	0.9746	2.537
568	0.4119	0.9732	2.683
569	0.4140	0.9727	2.727
570	0.4130	0.9730	2.700
571	0.4085	0.9747	2.526
572	0.4100	0.9746	2.545
573	0.4132	0.9728	2.724
574	0.4148	0.9721	2.788
575	0.4104	0.9741	2.585
576	0.4104	0.9739	2.610
577	0.4066	0.9753	2.470
578	0.3990	0.9796	2.041
579	0.4155	0.9717	2.830
580	0.4091	0.9743	2.572
581	0.4132	0.9723	2.767
582	0.4134	0.9730	2.697
583	0.4085	0.9748	2.516
584	0.4128	0.9734	2.655
585	0.4095	0.9742	2.581
586	0.4140	0.9728	2.722
587	0.4112	0.9735	2.651
588	0.4123	0.9734	2.656
589	0.4153	0.9723	2.766
590	0.4124	0.9728	2.716
591	0.4138	0.9727	2.729
592	0.4109	0.9738	2.624
593	0.4094	0.9746	2.536
594	0.4081	0.9748	2.524
595	0.4162	0.9717	2.833
596	0.4098	0.9748	2.515
597	0.4137	0.9723	2.765
598	0.4050	0.9760	2.398
599	0.4141	0.9723	2.772
600	0.4154	0.9718	2.824
601	0.4140	0.9725	2.745
602	0.4048	0.9765	2.354
603	0.4140	0.9729	2.712
604	0.4112	0.9735	2.649
605	0.3991	0.9794	2.060
606	0.4120	0.9735	2.651
607	0.4087	0.9752	2.477
608	0.4145	0.9724	2.760
609	0.4126	0.9732	2.682
610	0.4136	0.9722	2.782
611	0.4166	0.9711	2.886
612	0.4148	0.9722	2.778
613	0.4118	0.9732	2.677
614	0.4139	0.9727	2.729
615	0.4143	0.9726	2.743
616	0.4098	0.9740	2.597
617	0.4015	0.9783	2.168
618	0.4122	0.9730	2.704
619	0.4107	0.9739	2.606
620	0.4138	0.9728	2.720
621	0.4139	0.9729	2.712
622	0.4137	0.9723	2.765
623	0.4104	0.9739	2.610
624	0.4116	0.9739	2.613
625	0.3990	0.9792	2.082
626	0.4079	0.9749	2.511
627	0.3972	0.9801	1.988
628	0.4097	0.9746	2.536
629	0.4148	0.9722	2.780
630	0.4149	0.9722	2.776
631	0.4152	0.9724	2.763
632	0.4143	0.9726	2.743
633	0.4077	0.9749	2.508
634	0.4129	0.9730	2.701
635	0.4140	0.9728	2.721
636	0.4130	0.9733	2.674
637	0.4081	0.9748	2.525
638	0.4106	0.9739	2.605
639	0.4048	0.9765	2.354
640	0.4127	0.9733	2.666
641	0.4124	0.9728	2.716
642	0.4145	0.9723	2.774
643	0.4126	0.9732	2.682
644	0.4129	0.9730	2.699
645	0.4108	0.9738	2.624
646	0.4139	0.9727	2.729
647	0.4123	0.9734	2.658
648	0.4158	0.9718	2.820
649	0.4120	0.9735	2.650
650	0.4079	0.9749	2.515
651	0.4093	0.9746	2.535
652	0.4137	0.9727	2.728
653	0.4131	0.9730	2.698
654	0.4127	0.9735	2.655
655	0.4097	0.9749	2.514
656	0.4156	0.9718	2.822
657	0.4126	0.9731	2.695
658	0.4094	0.9746	2.537
659	0.4085	0.9747	2.527
660	0.4119	0.9732	2.683
661	0.4099	0.9746	2.544
662	0.4104	0.9741	2.585
663	0.4118	0.9732	2.676
664	0.4155	0.9717	2.830
665	0.4143	0.9724	2.761
666	0.4145	0.9724	2.762
667	0.4105	0.9739	2.614
668	0.4111	0.9735	2.652
669	0.4131	0.9727	2.725
670	0.4140	0.9723	2.770
671	0.4012	0.9778	2.216
672	0.3989	0.9796	2.041
673	0.4132	0.9723	2.767
674	0.4165	0.9711	2.885
675	0.4142	0.9727	2.734
676	0.4126	0.9734	2.663
677	0.4003	0.9785	2.148
678	0.4133	0.9730	2.695
679	0.4138	0.9728	2.716
680	0.4028	0.9774	2.256
681	0.4139	0.9727	2.725
682	0.4128	0.9728	2.724
683	0.4118	0.9735	2.654
684	0.4082	0.9752	2.479
685	0.4148	0.9721	2.788
686	0.4146	0.9723	2.771
687	0.4066	0.9753	2.470
688	0.4161	0.9717	2.828
689	0.4097	0.9740	2.598
690	0.4149	0.9720	2.804
691	0.4146	0.9724	2.761
692	0.4084	0.9748	2.520
693	0.4120	0.9736	2.644
694	0.4131	0.9729	2.708
695	0.4146	0.9722	2.780
696	0.4128	0.9730	2.697
697	0.4130	0.9730	2.704
698	0.4112	0.9735	2.649
699	0.4094	0.9742	2.580
700	0.4086	0.9752	2.479
701	0.3991	0.9794	2.059
702	0.4140	0.9726	2.744
703	0.4115	0.9735	2.649
704	0.4015	0.9783	2.167
705	0.4065	0.9754	2.463
706	0.4155	0.9719	2.809
707	0.4134	0.9729	2.709
708	0.4152	0.9725	2.754
709	0.4135	0.9722	2.782
710	0.4049	0.9760	2.398
711	0.4123	0.9732	2.677
712	0.4122	0.9729	2.706
713	0.4090	0.9743	2.573
714	0.4139	0.9725	2.746
715	0.4153	0.9718	2.824
716	0.4122	0.9730	2.703
717	0.3988	0.9794	2.058
718	0.4140	0.9729	2.713
719	0.4119	0.9735	2.648
720	0.4140	0.9726	2.736
721	0.4138	0.9729	2.713
722	0.4070	0.9756	2.444
723	0.4077	0.9749	2.506
724	0.3988	0.9794	2.058
725	0.4129	0.9729	2.706
726	0.4123	0.9734	2.658
727	0.4104	0.9739	2.612
728	0.4131	0.9729	2.707
729	0.4133	0.9730	2.697
730	0.4140	0.9729	2.712
731	0.4094	0.9746	2.540
732	0.4048	0.9765	2.355
733	0.4145	0.9723	2.774
734	0.4117	0.9732	2.677
735	0.4155	0.9719	2.810
736	0.4096	0.9746	2.536
737	0.4078	0.9749	2.515
738	0.4148	0.9722	2.776
739	0.4070	0.9755	2.446
740	0.4139	0.9727	2.728
741	0.4028	0.9774	2.256
742	0.4146	0.9722	2.775
743	0.4119	0.9735	2.650
744	0.4129	0.9730	2.699
745	0.4147	0.9722	2.780
746	0.4154	0.9717	2.830
747	0.4080	0.9748	2.524
748	0.4122	0.9732	2.677
749	0.4153	0.9718	2.824
750	0.4139	0.9728	2.721
751	0.4131	0.9723	2.768
752	0.4129	0.9733	2.674
753	0.4115	0.9739	2.611
754	0.4137	0.9727	2.728
755	0.4118	0.9732	2.681
756	0.4049	0.9760	2.399
757	0.3989	0.9792	2.082
758	0.4126	0.9732	2.682
759	0.4086	0.9752	2.478
760	0.4143	0.9724	2.762
761	0.4140	0.9723	2.771
762	0.4139	0.9725	2.746
763	0.3990	0.9794	2.061
764	0.4084	0.9748	2.517
765	0.3971	0.9801	1.988
766	0.4130	0.9730	2.699
767	0.4139	0.9726	2.736
768	0.4106	0.9739	2.605
769	0.4135	0.9722	2.782
770	0.4137	0.9728	2.717
771	0.3989	0.9796	2.041
772	0.4014	0.9783	2.166
773	0.4144	0.9724	2.761
774	0.4107	0.9738	2.624
775	0.4165	0.9711	2.887
776	0.4127	0.9730	2.700
777	0.4093	0.9746	2.536
778	0.4011	0.9778	2.216
779	0.4125	0.9734	2.664
780	0.4133	0.9729	2.710
781	0.4136	0.9723	2.765
782	0.4089	0.9743	2.573
783	0.4103	0.9741	2.588
784	0.4145	0.9724	2.763
785	0.4161	0.9717	2.833
786	0.4151	0.9723	2.765
787	0.4127	0.9733	2.666
788	0.4119	0.9735	2.647
789	0.4126	0.9734	2.655
790	0.4094	0.9742	2.581
791	0.4157	0.9718	2.822
792	0.4096	0.9749	2.515
793	0.4065	0.9753	2.469
794	0.4111	0.9735	2.650
795	0.4148	0.9719	2.805
796	0.4121	0.9729	2.706
797	0.4081	0.9752	2.476
798	0.4110	0.9735	2.651
799	0.4141	0.9727	2.734
800	0.4103	0.9739	2.610
801	0.4130	0.9727	2.726
802	0.4064	0.9754	2.463
803	0.4138	0.9729	2.713
804	0.4155	0.9718	2.822
805	0.4138	0.9727	2.729
806	0.4084	0.9747	2.526
807	0.4125	0.9731	2.694
808	0.4114	0.9735	2.651
809	0.4121	0.9730	2.704
810	0.4151	0.9724	2.756
811	0.4139	0.9726	2.743
812	0.4119	0.9735	2.645
813	0.4117	0.9734	2.656
814	0.4123	0.9728	2.716
815	0.4147	0.9721	2.789
816	0.4077	0.9749	2.511
817	0.4098	0.9746	2.545
818	0.4127	0.9730	2.698
819	0.4127	0.9728	2.723
820	0.4146	0.9722	2.779
821	0.4141	0.9726	2.743
822	0.4002	0.9785	2.147
823	0.4096	0.9740	2.597
824	0.4127	0.9730	2.700
825	0.4125	0.9734	2.663
826	0.4155	0.9718	2.821
827	0.4119	0.9736	2.644
828	0.4125	0.9732	2.681
829	0.4156	0.9718	2.818
830	0.4145	0.9724	2.762
831	0.4083	0.9748	2.518
832	0.4119	0.9735	2.646
833	0.4095	0.9746	2.536
834	0.4139	0.9726	2.745
835	0.4121	0.9730	2.704
836	0.4047	0.9765	2.354
837	0.4092	0.9747	2.534
838	0.4065	0.9753	2.471
839	0.4114	0.9735	2.651
840	0.4096	0.9740	2.597
841	0.4122	0.9734	2.657
842	0.4146	0.9722	2.780
843	0.4123	0.9728	2.716
844	0.4138	0.9727	2.729
845	0.4010	0.9778	2.215
846	0.4119	0.9735	2.650
847	0.4093	0.9742	2.581
848	0.4127	0.9728	2.724
849	0.4126	0.9734	2.655
850	0.4132	0.9730	2.696
851	0.4130	0.9730	2.698
852	0.4139	0.9723	2.771
853	0.4142	0.9724	2.762
854	0.4118	0.9732	2.682
855	0.4084	0.9747	2.527
856	0.4139	0.9727	2.735
857	0.4111	0.9735	2.651
858	0.4130	0.9729	2.709
859	0.4098	0.9746	2.545
860	0.4147	0.9721	2.787
861	0.4089	0.9743	2.573
862	0.4160	0.9717	2.829
863	0.3988	0.9796	2.042
864	0.4128	0.9730	2.701
865	0.4135	0.9723	2.765
866	0.4151	0.9724	2.761
867	0.4141	0.9727	2.734
868	0.4145	0.9723	2.771
869	0.3989	0.9792	2.082
870	0.4014	0.9783	2.168
871	0.4138	0.9727	2.727
872	0.4096	0.9748	2.516
873	0.3971	0.9801	1.987
874	0.4080	0.9748	2.524
875	0.4069	0.9756	2.445
876	0.4076	0.9749	2.507
877	0.4124	0.9731	2.694
878	0.4121	0.9730	2.704
879	0.4143	0.9724	2.760
880	0.4138	0.9728	2.722
881	0.4152	0.9718	2.823
882	0.4127	0.9730	2.699
883	0.4064	0.9754	2.463
884	0.4110	0.9735	2.651
885	0.4077	0.9749	2.513
886	0.4137	0.9729	2.713
887	0.4147	0.9722	2.776
888	0.4116	0.9732	2.677
889	0.4048	0.9760	2.397
890	0.4136	0.9728	2.719
891	0.3990	0.9794	2.059
892	0.4001	0.9785	2.149
893	0.4144	0.9723	2.775
894	0.4153	0.9717	2.831
895	0.4117	0.9734	2.656
896	0.4126	0.9733	2.665
897	0.4136	0.9727	2.729
898	0.4148	0.9720	2.805
899	0.4130	0.9727	2.726
900	0.4093	0.9746	2.538
901	0.3987	0.9794	2.057
902	0.4128	0.9733	2.674
903	0.4121	0.9732	2.677
904	0.4102	0.9741	2.586
905	0.4138	0.9725	2.746
906	0.4105	0.9740	2.605
907	0.4134	0.9722	2.782
908	0.4164	0.9711	2.887
909	0.4107	0.9738	2.624
910	0.4146	0.9722	2.778
911	0.4102	0.9739	2.610
912	0.4141	0.9726	2.743
913	0.4132	0.9729	2.710
914	0.4138	0.9729	2.713
915	0.4130	0.9723	2.767
916	0.4128	0.9730	2.703
917	0.4027	0.9774	2.255
918	0.4150	0.9725	2.754
919	0.4103	0.9739	2.612
920	0.4080	0.9752	2.478
921	0.4114	0.9739	2.612
922	0.4085	0.9752	2.478
923	0.4077	0.9749	2.515
924	0.4153	0.9719	2.807
925	0.4153	0.9719	2.807
926	0.4088	0.9743	2.572
927	0.4085	0.9752	2.478
928	0.4140	0.9727	2.734
929	0.4103	0.9739	2.612
930	0.4092	0.9747	2.532
931	0.4093	0.9742	2.580
932	0.4120	0.9730	2.704
933	0.4077	0.9749	2.514
934	0.4095	0.9746	2.537
935	0.4138	0.9728	2.720
936	0.4077	0.9749	2.511
937	0.4114	0.9739	2.613
938	0.4064	0.9754	2.462
939	0.4117	0.9734	2.656
940	0.4151	0.9718	2.824
941	0.4121	0.9732	2.676
942	0.4127	0.9728	2.723
943	0.4143	0.9724	2.761
944	0.4141	0.9726	2.742
945	0.3989	0.9794	2.060
946	0.4137	0.9727	2.729
947	0.4130	0.9723	2.767
948	0.4048	0.9760	2.399
949	0.4139	0.9723	2.772
950	0.4110	0.9735	2.650
951	0.3970	0.9801	1.987
952	0.4137	0.9726	2.745
953	0.4160	0.9717	2.831
954	0.4109	0.9735	2.651
955	0.4150	0.9725	2.755
956	0.4146	0.9721	2.788
957	0.4142	0.9724	2.763
958	0.4118	0.9735	2.651
959	0.4118	0.9736	2.644
960	0.4096	0.9740	2.597
961	0.4138	0.9729	2.713
962	0.4144	0.9723	2.771
963	0.4147	0.9720	2.804
964	0.4125	0.9734	2.664
965	0.4135	0.9727	2.728
966	0.4128	0.9730	2.704
967	0.4125	0.9735	2.654
968	0.4146	0.9722	2.777
969	0.4124	0.9732	2.682
970	0.4121	0.9734	2.659
971	0.4138	0.9727	2.725
972	0.4095	0.9749	2.513
973	0.3988	0.9792	2.083
974	0.4120	0.9730	2.704
975	0.4097	0.9746	2.544
976	0.4026	0.9774	2.255
977	0.4147	0.9723	2.774
978	0.4135	0.9724	2.764
979	0.4080	0.9752	2.478
980	0.4154	0.9718	2.821
981	0.4145	0.9722	2.779
982	0.4116	0.9732	2.676
983	0.4137	0.9729	2.713
984	0.4124	0.9734	2.663
985	0.4133	0.9722	2.780
986	0.4124	0.9731	2.695
987	0.4143	0.9723	2.774
988	0.4113	0.9735	2.648
989	0.4144	0.9724	2.761
990	0.4138	0.9726	2.743
991	0.4153	0.9717	2.830
992	0.4118	0.9735	2.647
993	0.4083	0.9748	2.524
994	0.3987	0.9796	2.041
995	0.4104	0.9739	2.605
996	0.4126	0.9730	2.698
997	0.4122	0.9729	2.712
998	0.4163	0.9711	2.886
999	0.4013	0.9783	2.167
1000	0.4102	0.9741	2.586
1001	0.4132	0.9729	2.710
1002	0.4155	0.9718	2.819
1003	0.4131	0.9731	2.695
1004	0.4009	0.9779	2.215
1005	0.4046	0.9765	2.354
1006	0.4126	0.9730	2.699
1007	0.4150	0.9724	2.763
1008	0.4135	0.9728	2.717
1009	0.4082	0.9748	2.518
1010	0.4138	0.9727	2.734
1011	0.3986	0.9794	2.056
1012	0.4092	0.9746	2.538
1013	0.4064	0.9753	2.470
1014	0.4075	0.9749	2.507
1015	0.4129	0.9728	2.725
1016	0.4129	0.9730	2.698
1017	0.4106	0.9738	2.623
1018	0.4069	0.9756	2.445
1019	0.4000	0.9785	2.146
1020	0.4129	0.9729	2.708
1021	0.4127	0.9733	2.674
1022	0.4102	0.9739	2.610
1023	0.4079	0.9748	2.524
1024	0.4117	0.9732	2.682
1025	0.4127	0.9730	2.700
1026	0.4097	0.9746	2.545
1027	0.4144	0.9724	2.764
1028	0.4138	0.9728	2.721
1029	0.4125	0.9735	2.655
1030	0.4130	0.9723	2.768
1031	0.4026	0.9774	2.256
1032	0.4095	0.9740	2.598
1033	0.4141	0.9724	2.762
1034	0.4113	0.9735	2.651
1035	0.4144	0.9723	2.770
1036	0.4013	0.9783	2.167
1037	0.4117	0.9735	2.650
1038	0.4063	0.9753	2.469
1039	0.4135	0.9727	2.729
1040	0.4121	0.9728	2.716
1041	0.4101	0.9739	2.610
1042	0.4109	0.9735	2.650
1043	0.4153	0.9719	2.810
1044	0.4138	0.9726	2.743
1045	0.4046	0.9765	2.354
1046	0.4000	0.9785	2.148
1047	0.4121	0.9734	2.657
1048	0.4068	0.9755	2.446
1049	0.3987	0.9792	2.082
1050	0.4133	0.9722	2.785
1051	0.4140	0.9727	2.735
1052	0.4119	0.9729	2.706
1053	0.4087	0.9743	2.572
1054	0.4076	0.9749	2.512
1055	0.4127	0.9732	2.675
1056	0.4137	0.9727	2.730
1057	0.4150	0.9724	2.756
1058	0.4079	0.9752	2.477
1059	0.4108	0.9735	2.652
1060	0.4120	0.9732	2.678
1061	0.3987	0.9796	2.040
1062	0.4137	0.9725	2.748
1063	0.4150	0.9723	2.767
1064	0.4137	0.9726	2.736
1065	0.4131	0.9729	2.710
1066	0.4084	0.9752	2.480
1067	0.4102	0.9739	2.612
1068	0.4127	0.9729	2.705
1069	0.4091	0.9746	2.536
1070	0.3986	0.9794	2.058
1071	0.4123	0.9733	2.667
1072	0.4125	0.9730	2.700
1073	0.4123	0.9731	2.694
1074	0.4159	0.9717	2.834
1075	0.4136	0.9729	2.714
1076	0.4047	0.9760	2.398
1077	0.4126	0.9728	2.725
1078	0.4092	0.9746	2.540
1079	0.4128	0.9730	2.700
1080	0.4136	0.9727	2.729
1081	0.4126	0.9730	2.698
1082	0.4135	0.9728	2.720
1083	0.4144	0.9722	2.780
1084	0.4150	0.9718	2.823
1085	0.4119	0.9730	2.704
1086	0.4076	0.9748	2.515
1087	0.4138	0.9723	2.772
1088	0.4145	0.9721	2.789
1089	0.4116	0.9732	2.682
1090	0.4101	0.9741	2.588
1091	0.4163	0.9711	2.886
1092	0.4063	0.9754	2.463
1093	0.4146	0.9720	2.805
1094	0.4104	0.9739	2.605
1095	0.4140	0.9726	2.743
1096	0.4134	0.9723	2.765
1097	0.4137	0.9729	2.713
1098	0.3988	0.9794	2.059
1099	0.4131	0.9730	2.695
1100	0.4142	0.9723	2.773
1101	0.4078	0.9748	2.524
1102	0.4074	0.9749	2.507
1103	0.4081	0.9748	2.516
1104	0.4009	0.9778	2.215
1105	0.4113	0.9739	2.613
1106	0.4126	0.9730	2.700
1107	0.4123	0.9732	2.682
1108	0.4092	0.9742	2.579
1109	0.4117	0.9735	2.646
1110	0.4082	0.9747	2.527
1111	0.4128	0.9729	2.708
1112	0.4124	0.9733	2.666
1113	0.4146	0.9722	2.776
1114	0.4153	0.9718	2.822
1115	0.3969	0.9801	1.986
1116	0.4152	0.9717	2.831
1117	0.4115	0.9734	2.655
1118	0.4145	0.9722	2.779
1119	0.4155	0.9718	2.821
1120	0.4115	0.9732	2.677
1121	0.4094	0.9748	2.516
1122	0.4128	0.9728	2.725
1123	0.4142	0.9724	2.761
1124	0.4105	0.9738	2.623
1125	0.4094	0.9746	2.536
1126	0.4117	0.9735	2.646
1127	0.4128	0.9729	2.708
1128	0.4146	0.9720	2.804
1129	0.4153	0.9718	2.822
1130	0.4103	0.9739	2.606
1131	0.4068	0.9755	2.445
1132	0.4094	0.9746	2.535
1133	0.4124	0.9734	2.664
1134	0.4125	0.9728	2.722
1135	0.4135	0.9728	2.717
1136	0.4082	0.9747	2.527
1137	0.4152	0.9717	2.829
1138	0.4137	0.9729	2.714
1139	0.4101	0.9742	2.585
1140	0.4063	0.9753	2.469
1141	0.4125	0.9730	2.698
1142	0.4128	0.9728	2.725
1143	0.4076	0.9749	2.515
1144	0.4123	0.9732	2.683
1145	0.4134	0.9724	2.764
1146	0.4127	0.9730	2.704
1147	0.4117	0.9736	2.643
1148	0.4122	0.9734	2.663
1149	0.4130	0.9730	2.696
1150	0.3969	0.9801	1.987
1151	0.4139	0.9726	2.740
1152	0.4126	0.9733	2.675
1153	0.4132	0.9722	2.781
1154	0.4079	0.9752	2.478
1155	0.4115	0.9735	2.654
1156	0.4120	0.9733	2.675
1157	0.4144	0.9722	2.778
1158	0.4144	0.9722	2.778
1159	0.4090	0.9747	2.533
1160	0.4143	0.9723	2.771
1161	0.4145	0.9721	2.790
1162	0.4114	0.9733	2.674
1163	0.4123	0.9731	2.692
1164	0.4140	0.9724	2.764
1165	0.4105	0.9738	2.619
1166	0.4124	0.9735	2.654
1167	0.4117	0.9735	2.647
1168	0.4149	0.9724	2.761
1169	0.4062	0.9754	2.464
1170	0.4162	0.9712	2.884
1171	0.4008	0.9778	2.217
1172	0.4091	0.9746	2.536
1173	0.4045	0.9765	2.353
1174	0.4158	0.9717	2.827
1175	0.4101	0.9739	2.608
1176	0.3987	0.9792	2.084
1177	0.4137	0.9726	2.743
1178	0.4126	0.9730	2.698
1179	0.4154	0.9718	2.817
1180	0.4075	0.9749	2.508
1181	0.4137	0.9723	2.771
1182	0.4112	0.9735	2.650
1183	0.4012	0.9783	2.167
1184	0.4112	0.9739	2.614
1185	0.4125	0.9730	2.696
1186	0.4142	0.9723	2.774
1187	0.4143	0.9724	2.761
1188	0.4087	0.9743	2.573
1189	0.4119	0.9730	2.703
1190	0.3988	0.9794	2.060
1191	0.4129	0.9723	2.767
1192	0.4046	0.9760	2.399
1193	0.4078	0.9748	2.524
1194	0.3985	0.9794	2.056
1195	0.4139	0.9727	2.735
1196	0.4115	0.9732	2.682
1197	0.4136	0.9728	2.721
1198	0.4083	0.9752	2.478
1199	0.4091	0.9742	2.579
1200	0.4152	0.9719	2.807
1201	0.4074	0.9749	2.507
1202	0.4136	0.9727	2.728
1203	0.4137	0.9726	2.736
1204	0.4128	0.9730	2.699
1205	0.3999	0.9785	2.147
1206	0.4096	0.9746	2.545
1207	0.4025	0.9774	2.256
1208	0.4130	0.9729	2.709
1209	0.4094	0.9748	2.516
1210	0.4148	0.9725	2.754
1211	0.4108	0.9735	2.651
1212	0.4120	0.9729	2.715
1213	0.4101	0.9739	2.613
1214	0.4145	0.9723	2.775
1215	0.4116	0.9735	2.646
1216	0.4136	0.9727	2.726
1217	0.4119	0.9734	2.657
1218	0.3986	0.9796	2.041
1219	0.4136	0.9725	2.745
1220	0.4135	0.9729	2.713
1221	0.4094	0.9740	2.598
1222	0.4108	0.9735	2.649
1223	0.4150	0.9718	2.823
1224	0.4141	0.9724	2.760
1225	0.4134	0.9727	2.727
1226	0.4081	0.9748	2.518
1227	0.4118	0.9730	2.703
1228	0.4126	0.9730	2.699
1229	0.4144	0.9722	2.778
1230	0.4122	0.9731	2.695
1231	0.4152	0.9718	2.821
1232	0.4075	0.9749	2.511
1233	0.4142	0.9724	2.762
1234	0.4128	0.9728	2.725
1235	0.4011	0.9783	2.167
1236	0.4142	0.9723	2.772
1237	0.4119	0.9732	2.676
1238	0.4119	0.9734	2.657
1239	0.4128	0.9729	2.708
1240	0.4136	0.9727	2.726
1241	0.4138	0.9727	2.735
1242	0.4008	0.9778	2.215
1243	0.4081	0.9748	2.517
1244	0.4158	0.9717	2.832
1245	0.4136	0.9725	2.745
1246	0.4130	0.9730	2.696
1247	0.3986	0.9792	2.081
1248	0.4046	0.9760	2.397
1249	0.4112	0.9735	2.651
1250	0.4101	0.9739	2.612
1251	0.4122	0.9732	2.682
1252	0.4086	0.9743	2.572
1253	0.4116	0.9735	2.650
1254	0.4091	0.9746	2.540
1255	0.4130	0.9729	2.710
1256	0.4131	0.9722	2.784
1257	0.4116	0.9735	2.645
1258	0.4118	0.9730	2.704
1259	0.4136	0.9728	2.722
1260	0.4148	0.9725	2.755
1261	0.4141	0.9723	2.773
1262	0.4120	0.9728	2.715
1263	0.4077	0.9748	2.524
1264	0.4151	0.9717	2.830
1265	0.4140	0.9724	2.762
1266	0.4094	0.9740	2.598
1267	0.4073	0.9749	2.507
1268	0.4125	0.9730	2.699
1269	0.4133	0.9727	2.728
1270	0.4128	0.9723	2.767
1271	0.4118	0.9730	2.705
1272	0.4107	0.9735	2.651
1273	0.4126	0.9733	2.674
1274	0.4143	0.9722	2.779
1275	0.4102	0.9740	2.605
1276	0.4112	0.9739	2.611
1277	0.4136	0.9729	2.713
1278	0.3985	0.9796	2.041
1279	0.4139	0.9726	2.743
1280	0.4089	0.9747	2.534
1281	0.4100	0.9741	2.585
1282	0.4082	0.9752	2.477
1283	0.4078	0.9752	2.477
1284	0.4136	0.9726	2.745
1285	0.4134	0.9728	2.717
1286	0.4127	0.9730	2.696
1287	0.4093	0.9746	2.536
1288	0.4095	0.9746	2.544
1289	0.4135	0.9727	2.730
1290	0.4148	0.9724	2.760
1291	0.4123	0.9734	2.665
1292	0.4124	0.9728	2.722
1293	0.4122	0.9734	2.663
1294	0.4141	0.9724	2.761
1295	0.4075	0.9748	2.515
1296	0.3985	0.9794	2.056
1297	0.4115	0.9732	2.684
1298	0.4153	0.9718	2.820
1299	0.4136	0.9723	2.771
1300	0.4108	0.9735	2.648
1301	0.3987	0.9794	2.060
1302	0.4145	0.9723	2.775
1303	0.4061	0.9754	2.462
1304	0.4145	0.9720	2.804
1305	0.4114	0.9732	2.675
1306	0.4133	0.9724	2.764
1307	0.4144	0.9721	2.787
1308	0.4114	0.9735	2.654
1309	0.4149	0.9717	2.825
1310	0.3968	0.9801	1.986
1311	0.4081	0.9747	2.527
1312	0.4124	0.9730	2.697
1313	0.3999	0.9785	2.148
1314	0.4090	0.9742	2.579
1315	0.4126	0.9730	2.704
1316	0.4100	0.9739	2.610
1317	0.4136	0.9727	2.735
1318	0.4123	0.9735	2.654
1319	0.4104	0.9738	2.624
1320	0.4116	0.9735	2.646
1321	0.4151	0.9719	2.806
1322	0.4135	0.9729	2.714
1323	0.4062	0.9753	2.470
1324	0.4093	0.9749	2.515
1325	0.4044	0.9765	2.354
1326	0.4067	0.9755	2.445
1327	0.4024	0.9774	2.256
1328	0.4161	0.9711	2.886
1329	0.4119	0.9728	2.716
1330	0.4149	0.9718	2.823
1331	0.4024	0.9774	2.256
1332	0.4090	0.9742	2.581
1333	0.4136	0.9726	2.737
1334	0.4148	0.9724	2.765
1335	0.4130	0.9729	2.709
1336	0.3968	0.9801	1.986
1337	0.4157	0.9717	2.832
1338	0.4136	0.9729	2.712
1339	0.4112	0.9739	2.611
1340	0.3987	0.9794	2.060
1341	0.4143	0.9722	2.780
1342	0.3984	0.9794	2.058
1343	0.4131	0.9722	2.784
1344	0.4132	0.9723	2.765
1345	0.4123	0.9735	2.655
1346	0.4090	0.9746	2.539
1347	0.4113	0.9732	2.677
1348	0.4125	0.9730	2.704
1349	0.4161	0.9711	2.886
1350	0.4111	0.9735	2.651
1351	0.4128	0.9723	2.768
1352	0.4142	0.9723	2.772
1353	0.4148	0.9725	2.754
1354	0.4092	0.9746	2.537
1355	0.4107	0.9735	2.650
1356	0.4135	0.9727	2.727
1357	0.4135	0.9725	2.745
1358	0.4129	0.9730	2.695
1359	0.4086	0.9743	2.572
1360	0.4141	0.9723	2.774
1361	0.4114	0.9732	2.681
1362	0.4122	0.9732	2.680
1363	0.4115	0.9735	2.646
1364	0.4135	0.9727	2.729
1365	0.4099	0.9741	2.585
1366	0.4135	0.9728	2.719
1367	0.4144	0.9723	2.775
1368	0.4138	0.9727	2.734
1369	0.4143	0.9721	2.787
1370	0.4102	0.9739	2.606
1371	0.4133	0.9728	2.715
1372	0.4133	0.9727	2.727
1373	0.4134	0.9729	2.715
1374	0.4115	0.9735	2.647
1375	0.4123	0.9734	2.665
1376	0.4076	0.9747	2.526
1377	0.4117	0.9730	2.703
1378	0.4142	0.9722	2.778
1379	0.4011	0.9783	2.167
1380	0.4082	0.9752	2.478
1381	0.4066	0.9756	2.445
1382	0.4104	0.9738	2.624
1383	0.4077	0.9752	2.476
1384	0.4073	0.9749	2.507
1385	0.4007	0.9778	2.216
1386	0.4151	0.9718	2.822
1387	0.4074	0.9748	2.516
1388	0.4100	0.9739	2.612
1389	0.3998	0.9785	2.149
1390	0.4140	0.9724	2.760
1391	0.4093	0.9748	2.515
1392	0.4117	0.9729	2.706
1393	0.4124	0.9730	2.699
1394	0.4121	0.9731	2.694
1395	0.4093	0.9740	2.597
1396	0.4136	0.9723	2.772
1397	0.4074	0.9749	2.513
1398	0.4045	0.9760	2.398
1399	0.4099	0.9739	2.610
1400	0.4126	0.9730	2.701
1401	0.4118	0.9734	2.657
1402	0.4127	0.9727	2.726
1403	0.4124	0.9728	2.723
1404	0.4089	0.9747	2.535
1405	0.4138	0.9726	2.743
1406	0.4106	0.9735	2.651
1407	0.4153	0.9718	2.820
1408	0.4115	0.9735	2.646
1409	0.3985	0.9796	2.041
1410	0.4126	0.9729	2.707
1411	0.4123	0.9730	2.700
1412	0.4080	0.9747	2.526
1413	0.4125	0.9733	2.674
1414	0.4118	0.9732	2.677
1415	0.4135	0.9726	2.744
1416	0.4061	0.9753	2.470
1417	0.4061	0.9754	2.463
1418	0.3985	0.9792	2.080
1419	0.4144	0.9720	2.805
1420	0.4150	0.9717	2.831
1421	0.4095	0.9745	2.546
1422	0.4121	0.9734	2.664
1423	0.4113	0.9734	2.655
1424	0.4124	0.9730	2.699
1425	0.4043	0.9765	2.354
1426	0.4079	0.9748	2.516
1427	0.4150	0.9719	2.809
1428	0.4141	0.9724	2.763
1429	0.4139	0.9724	2.761
1430	0.3998	0.9785	2.148
1431	0.4121	0.9731	2.693
1432	0.4092	0.9746	2.537
1433	0.4093	0.9740	2.598
1434	0.4092	0.9748	2.516
1435	0.4129	0.9729	2.710
1436	0.4061	0.9753	2.469
1437	0.4157	0.9717	2.832
1438	0.4111	0.9739	2.611
1439	0.4134	0.9725	2.746
1440	0.4076	0.9748	2.525
1441	0.4160	0.9711	2.886
1442	0.3986	0.9794	2.060
1443	0.4106	0.9735	2.651
1444	0.4043	0.9764	2.355
1445	0.4010	0.9783	2.168
1446	0.4115	0.9735	2.646
1447	0.4125	0.9732	2.675
1448	0.3984	0.9796	2.041
1449	0.4117	0.9729	2.709
1450	0.3985	0.9792	2.084
1451	0.4103	0.9738	2.624
1452	0.4121	0.9732	2.684
1453	0.4100	0.9739	2.608
1454	0.4114	0.9732	2.685
1455	0.4110	0.9735	2.651
1456	0.4126	0.9730	2.702
1457	0.4127	0.9723	2.768
1458	0.4150	0.9717	2.835
1459	0.4115	0.9735	2.649
1460	0.4124	0.9730	2.699
1461	0.4137	0.9726	2.744
1462	0.4118	0.9729	2.713
1463	0.4141	0.9724	2.761
1464	0.4147	0.9723	2.765
1465	0.4094	0.9745	2.552
1466	0.4135	0.9728	2.718
1467	0.4134	0.9727	2.731
1468	0.4142	0.9722	2.780
1469	0.4140	0.9722	2.778
1470	0.4150	0.9719	2.809
1471	0.4143	0.9721	2.787
1472	0.4072	0.9749	2.507
1473	0.4080	0.9747	2.528
1474	0.4144	0.9720	2.804
1475	0.4123	0.9727	2.725
1476	0.4126	0.9729	2.708
1477	0.4151	0.9717	2.825
1478	0.4113	0.9734	2.657
1479	0.4118	0.9732	2.677
1480	0.4122	0.9735	2.655
1481	0.4118	0.9734	2.657
1482	0.4073	0.9749	2.513
1483	0.4132	0.9727	2.729
1484	0.4123	0.9730	2.700
1485	0.4099	0.9739	2.609
1486	0.4117	0.9730	2.703
1487	0.4132	0.9723	2.765
1488	0.4120	0.9734	2.665
1489	0.4141	0.9722	2.780
1490	0.4077	0.9752	2.475
1491	0.4125	0.9730	2.704
1492	0.4134	0.9727	2.729
1493	0.4107	0.9735	2.649
1494	0.4147	0.9724	2.756
1495	0.4098	0.9741	2.588
1496	0.4137	0.9727	2.735
1497	0.4138	0.9724	2.762
1498	0.4135	0.9726	2.735
1499	0.4085	0.9743	2.572
1500	0.4081	0.9752	2.478
1501	0.4123	0.9730	2.698
1502	0.4079	0.9748	2.517
1503	0.4006	0.9779	2.215
1504	0.4140	0.9724	2.761
1505	0.4130	0.9722	2.782
1506	0.4133	0.9729	2.712
1507	0.4114	0.9735	2.646
1508	0.4065	0.9755	2.445
1509	0.4148	0.9718	2.823
1510	0.4112	0.9732	2.677
1511	0.4152	0.9718	2.820
1512	0.4089	0.9746	2.536
1513	0.3967	0.9801	1.987
1514	0.4088	0.9747	2.533
1515	0.4134	0.9728	2.719
1516	0.4135	0.9726	2.744
1517	0.4128	0.9731	2.695
1518	0.4089	0.9742	2.580
1519	0.4044	0.9760	2.399
1520	0.4023	0.9774	2.256
1521	0.4122	0.9734	2.665
1522	0.4073	0.9748	2.516
1523	0.4141	0.9723	2.770
1524	0.4126	0.9728	2.725
1525	0.4132	0.9728	2.717
1526	0.4060	0.9754	2.462
1527	0.4135	0.9723	2.771
1528	0.4143	0.9723	2.775
1529	0.3983	0.9794	2.056
1530	0.4101	0.9739	2.606
1531	0.4085	0.9743	2.572
1532	0.4126	0.9727	2.725
1533	0.4128	0.9729	2.708
1534	0.4123	0.9728	2.722
1535	0.4156	0.9717	2.829
1536	0.4144	0.9720	2.804
1537	0.4065	0.9756	2.444
1538	0.4072	0.9749	2.507
1539	0.4126	0.9723	2.768
1540	0.4134	0.9725	2.745
1541	0.4134	0.9727	2.735
1542	0.4060	0.9754	2.462
1543	0.4124	0.9733	2.674
1544	0.3985	0.9794	2.059
1545	0.4092	0.9749	2.515
1546	0.4152	0.9718	2.819
1547	0.4094	0.9746	2.545
1548	0.4139	0.9723	2.774
1549	0.4117	0.9734	2.659
1550	0.4140	0.9723	2.770
1551	0.4101	0.9740	2.604
1552	0.4089	0.9742	2.580
1553	0.4044	0.9760	2.399
1554	0.4098	0.9742	2.585
1555	0.4076	0.9752	2.477
1556	0.4098	0.9739	2.610
1557	0.4110	0.9739	2.613
1558	0.3983	0.9794	2.056
1559	0.4123	0.9730	2.698
1560	0.4123	0.9730	2.698
1561	0.4110	0.9735	2.650
1562	0.4143	0.9723	2.775
1563	0.4073	0.9749	2.511
1564	0.4092	0.9740	2.596
1565	0.4073	0.9749	2.515
1566	0.4142	0.9721	2.787
1567	0.4112	0.9732	2.676
1568	0.4121	0.9735	2.654
1569	0.4091	0.9746	2.536
1570	0.4120	0.9734	2.663
1571	0.4122	0.9734	2.664
1572	0.4060	0.9753	2.469
1573	0.4118	0.9729	2.715
1574	0.4120	0.9731	2.695
1575	0.4088	0.9747	2.534
1576	0.4120	0.9732	2.680
1577	0.4132	0.9728	2.718
1578	0.4140	0.9724	2.763
1579	0.4133	0.9729	2.713
1580	0.4134	0.9728	2.719
1581	0.4112	0.9735	2.654
1582	0.4134	0.9728	2.725
1583	0.4146	0.9725	2.752
1584	0.4099	0.9739	2.612
1585	0.4127	0.9731	2.695
1586	0.4105	0.9735	2.651
1587	0.4114	0.9735	2.649
1588	0.4150	0.9718	2.821
1589	0.4102	0.9738	2.621
1590	0.4146	0.9724	2.760
1591	0.4106	0.9735	2.650
1592	0.4116	0.9730	2.703
1593	0.4075	0.9748	2.525
1594	0.4089	0.9746	2.537
1595	0.4079	0.9747	2.525
1596	0.4136	0.9726	2.735
1597	0.4131	0.9724	2.764
1598	0.4009	0.9783	2.167
1599	0.4117	0.9732	2.676
1600	0.4080	0.9752	2.478
1601	0.4129	0.9722	2.782
1602	0.4137	0.9726	2.742
1603	0.4125	0.9730	2.698
1604	0.4149	0.9720	2.805
1605	0.4122	0.9730	2.697
1606	0.3983	0.9796	2.041
1607	0.4125	0.9729	2.708
1608	0.4138	0.9724	2.762
1609	0.4133	0.9727	2.729
1610	0.4134	0.9726	2.744
1611	0.4141	0.9722	2.778
1612	0.4114	0.9736	2.645
1613	0.3997	0.9785	2.147
1614	0.4134	0.9729	2.713
1615	0.4159	0.9711	2.887
1616	0.4139	0.9724	2.761
1617	0.4006	0.9778	2.215
1618	0.4116	0.9730	2.704
1619	0.4124	0.9730	2.703
1620	0.4113	0.9732	2.682
1621	0.4141	0.9722	2.778
1622	0.4131	0.9727	2.727
1623	0.3984	0.9792	2.082
1624	0.4114	0.9736	2.643
1625	0.4147	0.9718	2.825
1626	0.4149	0.9717	2.830
1627	0.4078	0.9748	2.519
1628	0.4022	0.9774	2.256
1629	0.3966	0.9801	1.987
1630	0.4134	0.9723	2.771
1631	0.4042	0.9765	2.354
1632	0.4100	0.9739	2.606
1633	0.4131	0.9723	2.765
1634	0.4093	0.9746	2.545
1635	0.4122	0.9730	2.698
1636	0.4078	0.9748	2.518
1637	0.4072	0.9749	2.510
1638	0.4119	0.9734	2.663
1639	0.4080	0.9752	2.477
1640	0.4137	0.9724	2.762
1641	0.4111	0.9733	2.675
1642	0.4142	0.9723	2.775
1643	0.4071	0.9749	2.507
1644	0.4072	0.9749	2.515
1645	0.4112	0.9735	2.654
1646	0.4140	0.9724	2.762
1647	0.4116	0.9730	2.703
1648	0.4117	0.9734	2.656
1649	0.4065	0.9755	2.445
1650	0.4109	0.9735	2.651
1651	0.4151	0.9718	2.820
1652	0.4150	0.9718	2.821
1653	0.4131	0.9728	2.717
1654	0.4117	0.9729	2.714
1655	0.4131	0.9727	2.728
1656	0.4120	0.9732	2.680
1657	0.4099	0.9739	2.612
1658	0.4042	0.9765	2.354
1659	0.4121	0.9734	2.665
1660	0.4090	0.9746	2.537
1661	0.4128	0.9729	2.708
1662	0.4133	0.9727	2.727
1663	0.4149	0.9717	2.829
1664	0.4009	0.9783	2.167
1665	0.4074	0.9748	2.524
1666	0.4123	0.9733	2.675
1667	0.3983	0.9792	2.082
1668	0.4134	0.9723	2.772
1669	0.4141	0.9722	2.780
1670	0.4115	0.9729	2.706
1671	0.4078	0.9747	2.527
1672	0.4113	0.9735	2.648
1673	0.4109	0.9739	2.611
1674	0.4140	0.9722	2.781
1675	0.4102	0.9738	2.623
1676	0.4133	0.9725	2.747
1677	0.4114	0.9735	2.646
1678	0.4122	0.9730	2.700
1679	0.4005	0.9778	2.216
1680	0.3965	0.9801	1.986
1681	0.4123	0.9730	2.700
1682	0.4133	0.9728	2.722
1683	0.4127	0.9730	2.698
1684	0.4136	0.9726	2.744
1685	0.4083	0.9743	2.572
1686	0.4113	0.9735	2.648
1687	0.4134	0.9729	2.715
1688	0.3983	0.9796	2.040
1689	0.4087	0.9746	2.536
1690	0.4146	0.9725	2.755
1691	0.4059	0.9753	2.469
1692	0.4105	0.9735	2.650
1693	0.4129	0.9722	2.784
1694	0.4091	0.9748	2.515
1695	0.4059	0.9754	2.463
1696	0.3984	0.9794	2.060
1697	0.4119	0.9731	2.694
1698	0.4088	0.9742	2.582
1699	0.4140	0.9722	2.776
1700	0.4132	0.9729	2.713
1701	0.4142	0.9719	2.805
1702	0.4125	0.9727	2.726
1703	0.4122	0.9728	2.723
1704	0.4133	0.9726	2.737
1705	0.4148	0.9719	2.809
1706	0.4132	0.9727	2.729
1707	0.4097	0.9739	2.609
1708	0.4124	0.9730	2.699
1709	0.4141	0.9721	2.787
1710	0.4155	0.9717	2.832
1711	0.3996	0.9785	2.147
1712	0.4159	0.9711	2.885
1713	0.4091	0.9740	2.598
1714	0.4104	0.9735	2.652
1715	0.4135	0.9727	2.735
1716	0.4075	0.9752	2.476
1717	0.4097	0.9741	2.588
1718	0.4138	0.9723	2.774
1719	0.4133	0.9726	2.745
1720	0.4021	0.9774	2.256
1721	0.4138	0.9724	2.760
1722	0.4121	0.9735	2.654
1723	0.4123	0.9730	2.704
1724	0.4112	0.9732	2.681
1725	0.4088	0.9746	2.537
1726	0.4043	0.9760	2.398
1727	0.4125	0.9723	2.769
1728	0.4146	0.9718	2.822
1729	0.4116	0.9732	2.676
1730	0.3982	0.9794	2.057
1731	0.4124	0.9729	2.707
1732	0.4145	0.9724	2.763
1733	0.4064	0.9755	2.445
1734	0.4113	0.9735	2.646
1735	0.4148	0.9717	2.829
1736	0.4139	0.9723	2.770
1737	0.4043	0.9760	2.398
1738	0.4151	0.9718	2.820
1739	0.3982	0.9794	2.057
1740	0.4133	0.9726	2.737
1741	0.4113	0.9736	2.645
1742	0.4124	0.9727	2.725
1743	0.4098	0.9739	2.612
1744	0.4135	0.9727	2.734
1745	0.4123	0.9733	2.674
1746	0.4123	0.9730	2.703
1747	0.4132	0.9729	2.713
1748	0.4137	0.9724	2.762
1749	0.4077	0.9748	2.519
1750	0.4133	0.9728	2.725
1751	0.4008	0.9783	2.167
1752	0.4145	0.9725	2.753
1753	0.4130	0.9724	2.764
1754	0.4074	0.9748	2.524
1755	0.4121	0.9728	2.722
1756	0.4133	0.9729	2.715
1757	0.4087	0.9746	2.537
1758	0.4070	0.9749	2.507
1759	0.4119	0.9734	2.664
1760	0.4090	0.9746	2.536
1761	0.4119	0.9731	2.694
1762	0.4113	0.9735	2.650
1763	0.4142	0.9723	2.775
1764	0.4149	0.9718	2.821
1765	0.4041	0.9765	2.354
1766	0.4130	0.9727	2.727
1767	0.4126	0.9731	2.695
1768	0.4072	0.9749	2.515
1769	0.4112	0.9732	2.683
1770	0.4133	0.9728	2.719
1771	0.4138	0.9723	2.774
1772	0.4155	0.9717	2.827
1773	0.4115	0.9730	2.703
1774	0.4071	0.9749	2.507
1775	0.4078	0.9748	2.525
1776	0.4131	0.9728	2.716
1777	0.4004	0.9778	2.215
1778	0.4059	0.9753	2.469
1779	0.3996	0.9785	2.147
1780	0.4117	0.9729	2.715
1781	0.4086	0.9747	2.532
1782	0.4021	0.9774	2.256
1783	0.3983	0.9792	2.080
1784	0.4120	0.9733	2.665
1785	0.4124	0.9730	2.699
1786	0.4087	0.9742	2.580
1787	0.4105	0.9735	2.650
1788	0.4097	0.9741	2.587
1789	0.4132	0.9726	2.744
1790	0.3984	0.9794	2.060
1791	0.4133	0.9726	2.744
1792	0.4158	0.9711	2.885
1793	0.4139	0.9722	2.780
1794	0.4111	0.9734	2.655
1795	0.4127	0.9729	2.709
1796	0.4116	0.9734	2.655
1797	0.4097	0.9739	2.609
1798	0.4125	0.9723	2.768
1799	0.4116	0.9732	2.676
1800	0.4133	0.9723	2.773
1801	0.4120	0.9735	2.654
1802	0.4058	0.9754	2.462
1803	0.4083	0.9743	2.572
1804	0.4124	0.9729	2.708
1805	0.4119	0.9732	2.682
1806	0.4109	0.9739	2.612
1807	0.4079	0.9752	2.479
1808	0.4148	0.9719	2.807
1809	0.4115	0.9730	2.704
1810	0.4121	0.9730	2.698
1811	0.4138	0.9724	2.761
1812	0.4108	0.9735	2.651
1813	0.4128	0.9722	2.781
1814	0.4145	0.9724	2.761
1815	0.4142	0.9720	2.805
1816	0.4090	0.9740	2.596
1817	0.4075	0.9752	2.476
1818	0.4099	0.9739	2.606
1819	0.4146	0.9718	2.825
1820	0.4139	0.9724	2.763
1821	0.3982	0.9796	2.041
1822	0.4122	0.9730	2.699
1823	0.4090	0.9749	2.515
1824	0.4104	0.9735	2.652
1825	0.4135	0.9726	2.742
1826	0.3965	0.9801	1.986
1827	0.4092	0.9746	2.544
1828	0.4140	0.9721	2.786
1829	0.4140	0.9722	2.778
1830	0.4101	0.9738	2.624
1831	0.4132	0.9727	2.729
1832	0.4121	0.9730	2.699
1833	0.4110	0.9732	2.677
1834	0.4124	0.9729	2.708
1835	0.4132	0.9727	2.730
1836	0.4104	0.9735	2.651
1837	0.4139	0.9723	2.770
1838	0.4146	0.9717	2.825
1839	0.4139	0.9724	2.762
1840	0.4079	0.9752	2.478
1841	0.3983	0.9792	2.082
1842	0.4114	0.9730	2.703
1843	0.4158	0.9711	2.886
1844	0.4121	0.9728	2.722
1845	0.4141	0.9722	2.775
1846	0.4008	0.9783	2.167
1847	0.4071	0.9749	2.511
1848	0.4145	0.9724	2.762
1849	0.4148	0.9719	2.807
1850	0.4058	0.9753	2.470
1851	0.4070	0.9749	2.507
1852	0.4077	0.9747	2.527
1853	0.4142	0.9720	2.805
1854	0.4126	0.9730	2.696
1855	0.3964	0.9801	1.986
1856	0.4101	0.9738	2.623
1857	0.4120	0.9734	2.655
1858	0.4071	0.9748	2.516
1859	0.4004	0.9778	2.216
1860	0.4128	0.9722	2.783
1861	0.4140	0.9722	2.779
1862	0.4087	0.9746	2.538
1863	0.4042	0.9760	2.398
1864	0.4136	0.9724	2.762
1865	0.4130	0.9727	2.729
1866	0.4086	0.9747	2.534
1867	0.4120	0.9730	2.699
1868	0.4144	0.9725	2.754
1869	0.4082	0.9743	2.572
1870	0.4058	0.9754	2.463
1871	0.4112	0.9735	2.649
1872	0.4137	0.9723	2.774
1873	0.4121	0.9730	2.699
1874	0.4089	0.9748	2.515
1875	0.4140	0.9721	2.787
1876	0.4132	0.9726	2.736
1877	0.4087	0.9742	2.579
1878	0.4135	0.9726	2.742
1879	0.4139	0.9722	2.779
1880	0.4096	0.9739	2.610
1881	0.3983	0.9794	2.059
1882	0.4090	0.9740	2.598
1883	0.4097	0.9739	2.612
1884	0.4114	0.9729	2.705
1885	0.4148	0.9718	2.821
1886	0.4112	0.9735	2.645
1887	0.4121	0.9730	2.698
1888	0.4154	0.9717	2.832
1889	0.4112	0.9736	2.645
1890	0.4124	0.9723	2.768
1891	0.4115	0.9732	2.676
1892	0.4130	0.9728	2.717
1893	0.4096	0.9741	2.585
1894	0.4118	0.9732	2.680
1895	0.4115	0.9734	2.656
1896	0.4098	0.9739	2.606
1897	0.4020	0.9774	2.256
1898	0.4073	0.9748	2.524
1899	0.4122	0.9733	2.675
1900	0.4131	0.9726	2.745
1901	0.3981	0.9796	2.041
1902	0.4107	0.9735	2.651
1903	0.4123	0.9728	2.724
1904	0.4118	0.9731	2.695
1905	0.4137	0.9724	2.761
1906	0.4103	0.9735	2.652
1907	0.4111	0.9732	2.681
1908	0.4132	0.9727	2.727
1909	0.3995	0.9785	2.148
1910	0.4116	0.9729	2.714
1911	0.4089	0.9746	2.537
1912	0.4091	0.9745	2.545
1913	0.4134	0.9727	2.734
1914	0.3980	0.9794	2.058
1915	0.4133	0.9723	2.772
1916	0.4132	0.9726	2.745
1917	0.4129	0.9723	2.765
1918	0.4040	0.9765	2.354
1919	0.4147	0.9717	2.829
1920	0.4108	0.9739	2.611
1921	0.4118	0.9734	2.664
1922	0.4119	0.9734	2.664
1923	0.4132	0.9728	2.720
1924	0.4074	0.9752	2.476
1925	0.4126	0.9729	2.709
1926	0.4122	0.9730	2.703
1927	0.4076	0.9748	2.517
1928	0.4132	0.9729	2.712
1929	0.4131	0.9729	2.713
1930	0.4110	0.9732	2.676
1931	0.4063	0.9755	2.446
1932	0.4149	0.9718	2.820
1933	0.4110	0.9734	2.655
1934	0.4123	0.9730	2.699
1935	0.4145	0.9718	2.823
1936	0.4138	0.9724	2.763
1937	0.4112	0.9735	2.649
1938	0.4149	0.9718	2.820
1939	0.4040	0.9765	2.354
1940	0.4112	0.9736	2.645
1941	0.4126	0.9729	2.708
1942	0.4103	0.9735	2.652
1943	0.4119	0.9735	2.654
1944	0.4089	0.9749	2.515
1945	0.4107	0.9735	2.651
1946	0.4112	0.9735	2.645
1947	0.4139	0.9722	2.778
1948	0.4129	0.9727	2.728
1949	0.4139	0.9722	2.778
1950	0.4073	0.9748	2.524
1951	0.4118	0.9731	2.695
1952	0.4110	0.9735	2.654
1953	0.4137	0.9723	2.774
1954	0.4117	0.9734	2.663
1955	0.3980	0.9794	2.056
1956	0.4132	0.9729	2.715
1957	0.4096	0.9739	2.610
1958	0.4091	0.9746	2.541
1959	0.4144	0.9725	2.751
1960	0.3981	0.9796	2.042
1961	0.4086	0.9742	2.580
1962	0.4132	0.9726	2.745
1963	0.4127	0.9722	2.781
1964	0.4131	0.9727	2.725
1965	0.4121	0.9730	2.697
1966	0.4074	0.9752	2.477
1967	0.4114	0.9730	2.703
1968	0.4115	0.9732	2.676
1969	0.4069	0.9749	2.508
1970	0.4095	0.9741	2.585
1971	0.4120	0.9730	2.698
1972	0.4118	0.9732	2.680
1973	0.4086	0.9746	2.537
1974	0.4132	0.9723	2.771
1975	0.4128	0.9724	2.763
1976	0.4131	0.9727	2.729
1977	0.4109	0.9732	2.675
1978	0.4138	0.9723	2.769
1979	0.4120	0.9730	2.696
1980	0.4120	0.9728	2.722
1981	0.4007	0.9783	2.166
1982	0.4089	0.9740	2.597
1983	0.4131	0.9726	2.743
1984	0.4144	0.9724	2.760
1985	0.4107	0.9739	2.613
1986	0.4003	0.9778	2.215
1987	0.4088	0.9747	2.535
1988	0.4123	0.9729	2.709
1989	0.4148	0.9718	2.819
1990	0.3983	0.9794	2.060
1991	0.4096	0.9739	2.611
1992	0.4130	0.9729	2.714
1993	0.4115	0.9729	2.713
1994	0.4141	0.9720	2.805
1995	0.4070	0.9749	2.511
1996	0.4100	0.9738	2.623
1997	0.4134	0.9727	2.734
1998	0.3994	0.9785	2.147
1999	0.4020	0.9774	2.256
