0	0.4099	0.9729	2.705
1	0.4083	0.9735	2.648
2	0.4108	0.9729	2.713
3	0.4098	0.9732	2.677
4	0.4047	0.9749	2.514
5	0.4123	0.9717	2.829
6	0.3980	0.9779	2.214
7	0.4054	0.9752	2.477
8	0.4123	0.9720	2.800
9	0.4086	0.9735	2.651
10	0.4063	0.9742	2.580
11	0.4080	0.9735	2.649
12	0.4016	0.9765	2.353
13	0.4045	0.9749	2.506
14	0.4096	0.9728	2.721
15	0.4094	0.9732	2.681
16	0.4110	0.9727	2.733
17	0.3971	0.9785	2.147
18	0.4076	0.9738	2.622
19	0.4095	0.9734	2.663
20	0.4098	0.9730	2.701
21	0.4117	0.9722	2.776
22	0.4107	0.9729	2.714
23	0.4113	0.9723	2.774
24	0.4094	0.9731	2.694
25	0.4091	0.9733	2.673
26	0.4047	0.9749	2.509
27	0.4033	0.9754	2.461
28	0.4018	0.9760	2.397
29	0.4102	0.9729	2.708
30	0.4120	0.9725	2.750
31	0.3958	0.9792	2.082
32	0.3983	0.9784	2.164
33	0.4079	0.9735	2.653
34	0.3959	0.9794	2.060
35	0.4084	0.9739	2.609
36	0.3940	0.9801	1.986
37	0.4100	0.9723	2.771
38	0.4108	0.9723	2.770
39	0.4117	0.9720	2.804
40	0.4107	0.9727	2.726
41	0.4116	0.9721	2.786
42	0.4052	0.9749	2.515
43	0.4088	0.9736	2.644
44	0.4087	0.9732	2.682
45	0.4133	0.9711	2.886
46	0.3956	0.9794	2.056
47	0.4107	0.9727	2.726
48	0.4105	0.9727	2.727
49	0.4111	0.9724	2.761
50	0.3957	0.9796	2.041
51	0.4108	0.9729	2.712
52	0.4114	0.9723	2.770
53	0.4072	0.9741	2.585
54	0.4096	0.9730	2.700
55	0.4106	0.9728	2.717
56	0.4108	0.9727	2.734
57	0.4088	0.9736	2.644
58	0.4034	0.9753	2.469
59	0.4065	0.9740	2.596
60	0.4108	0.9726	2.743
61	0.4091	0.9734	2.659
62	0.4062	0.9747	2.534
63	0.4103	0.9722	2.782
64	0.4053	0.9748	2.522
65	0.4093	0.9734	2.663
66	0.4073	0.9739	2.609
67	0.4061	0.9747	2.532
68	0.4097	0.9730	2.695
69	0.4039	0.9755	2.446
70	0.4110	0.9726	2.740
71	0.4087	0.9735	2.645
72	0.4090	0.9730	2.703
73	0.4129	0.9717	2.827
74	0.4058	0.9743	2.571
75	0.4115	0.9722	2.778
76	0.4054	0.9752	2.477
77	0.4114	0.9723	2.769
78	0.4045	0.9749	2.506
79	0.4105	0.9728	2.717
80	0.4097	0.9733	2.674
81	0.4016	0.9765	2.353
82	0.4090	0.9730	2.703
83	0.4083	0.9739	2.611
84	0.4098	0.9730	2.701
85	0.4080	0.9735	2.651
86	0.4116	0.9722	2.775
87	0.4033	0.9754	2.460
88	0.4076	0.9738	2.623
89	0.3979	0.9778	2.215
90	0.4100	0.9723	2.769
91	0.4108	0.9728	2.716
92	0.4090	0.9733	2.674
93	0.4093	0.9734	2.663
94	0.4091	0.9729	2.711
95	0.4062	0.9747	2.534
96	0.4096	0.9730	2.699
97	0.4113	0.9723	2.774
98	0.4114	0.9724	2.761
99	0.4107	0.9728	2.721
100	0.4095	0.9735	2.654
101	0.4133	0.9712	2.884
102	0.4096	0.9731	2.693
103	0.4103	0.9722	2.782
104	0.4065	0.9749	2.512
105	0.4017	0.9760	2.397
106	0.4129	0.9717	2.828
107	0.4112	0.9724	2.760
108	0.4064	0.9746	2.535
109	0.4123	0.9720	2.800
110	0.3957	0.9796	2.040
111	0.4108	0.9729	2.714
112	0.4093	0.9731	2.693
113	0.4087	0.9736	2.640
114	0.3983	0.9784	2.164
115	0.4061	0.9747	2.532
116	0.4074	0.9739	2.606
117	0.4105	0.9727	2.729
118	0.3970	0.9785	2.147
119	0.4110	0.9727	2.732
120	0.4125	0.9718	2.818
121	0.4087	0.9735	2.646
122	0.4072	0.9739	2.610
123	0.4101	0.9729	2.707
124	0.4033	0.9753	2.469
125	0.4071	0.9741	2.585
126	0.4038	0.9755	2.445
127	0.4085	0.9732	2.677
128	0.4089	0.9730	2.704
129	0.4046	0.9749	2.513
130	0.4107	0.9726	2.740
131	0.4116	0.9720	2.804
132	0.4119	0.9725	2.751
133	0.4048	0.9748	2.523
134	0.4057	0.9743	2.570
135	0.4065	0.9740	2.596
136	0.4067	0.9746	2.542
137	0.4122	0.9717	2.829
138	0.4115	0.9722	2.778
139	0.4099	0.9729	2.707
140	0.4104	0.9724	2.758
141	0.4099	0.9728	2.722
142	0.4114	0.9722	2.776
143	0.4087	0.9736	2.643
144	0.3959	0.9794	2.060
145	0.4107	0.9727	2.734
146	0.4096	0.9731	2.694
147	0.4049	0.9753	2.475
148	0.4107	0.9726	2.741
149	0.4071	0.9739	2.609
150	0.4110	0.9726	2.741
151	0.4123	0.9718	2.820
152	0.4086	0.9732	2.683
153	0.4095	0.9734	2.663
154	0.4086	0.9735	2.651
155	0.4115	0.9721	2.786
156	0.4083	0.9735	2.651
157	0.4108	0.9723	2.771
158	0.4090	0.9734	2.659
159	0.4120	0.9724	2.759
160	0.4052	0.9748	2.517
161	0.4052	0.9748	2.521
162	0.4062	0.9742	2.580
163	0.4093	0.9732	2.681
164	0.4120	0.9718	2.824
165	0.4101	0.9731	2.693
166	0.4106	0.9729	2.714
167	0.4046	0.9749	2.510
168	0.4098	0.9730	2.697
169	0.4106	0.9727	2.727
170	0.4078	0.9735	2.650
171	0.3995	0.9774	2.255
172	0.3956	0.9794	2.058
173	0.4096	0.9728	2.721
174	0.3939	0.9801	1.985
175	0.4111	0.9724	2.762
176	0.3957	0.9792	2.081
177	0.4113	0.9723	2.769
178	0.4083	0.9739	2.611
179	0.4098	0.9729	2.708
180	0.4109	0.9727	2.732
181	0.4062	0.9742	2.580
182	0.4044	0.9749	2.507
183	0.4114	0.9722	2.777
184	0.4064	0.9749	2.513
185	0.3982	0.9784	2.164
186	0.3970	0.9785	2.148
187	0.3956	0.9796	2.042
188	0.4046	0.9749	2.511
189	0.4065	0.9740	2.596
190	0.4111	0.9724	2.762
191	0.4093	0.9732	2.679
192	0.4133	0.9711	2.886
193	0.4104	0.9724	2.761
194	0.4122	0.9720	2.804
195	0.3939	0.9801	1.985
196	0.4122	0.9717	2.830
197	0.4106	0.9728	2.725
198	0.4079	0.9735	2.649
199	0.3995	0.9775	2.255
200	0.4098	0.9728	2.723
201	0.4110	0.9726	2.739
202	0.4046	0.9749	2.514
203	0.4075	0.9738	2.624
204	0.4061	0.9746	2.535
205	0.4100	0.9731	2.694
206	0.4082	0.9735	2.649
207	0.4032	0.9754	2.460
208	0.4107	0.9726	2.745
209	0.4072	0.9739	2.609
210	0.4071	0.9739	2.608
211	0.4123	0.9718	2.821
212	0.4053	0.9752	2.477
213	0.4107	0.9728	2.716
214	0.4096	0.9733	2.674
215	0.4114	0.9722	2.778
216	0.4090	0.9733	2.673
217	0.4107	0.9729	2.712
218	0.4052	0.9748	2.522
219	0.4015	0.9765	2.353
220	0.4093	0.9734	2.663
221	0.4066	0.9746	2.541
222	0.4107	0.9727	2.734
223	0.4094	0.9735	2.653
224	0.4086	0.9732	2.682
225	0.4113	0.9724	2.761
226	0.4112	0.9723	2.773
227	0.4071	0.9741	2.585
228	0.4093	0.9731	2.694
229	0.4094	0.9734	2.663
230	0.4038	0.9755	2.447
231	0.4063	0.9746	2.536
232	0.3957	0.9792	2.081
233	0.4095	0.9728	2.722
234	0.4017	0.9760	2.396
235	0.3958	0.9794	2.060
236	0.4085	0.9735	2.653
237	0.4099	0.9723	2.769
238	0.3955	0.9794	2.057
239	0.4090	0.9734	2.655
240	0.4060	0.9747	2.531
241	0.4105	0.9728	2.718
242	0.4115	0.9721	2.787
243	0.4119	0.9724	2.760
244	0.4112	0.9724	2.758
245	0.4095	0.9730	2.699
246	0.4116	0.9723	2.775
247	0.4057	0.9743	2.570
248	0.3978	0.9778	2.215
249	0.4119	0.9725	2.752
250	0.4086	0.9736	2.643
251	0.4049	0.9753	2.474
252	0.4095	0.9731	2.694
253	0.4097	0.9730	2.702
254	0.4073	0.9739	2.605
255	0.4033	0.9753	2.467
256	0.4106	0.9729	2.715
257	0.4078	0.9735	2.653
258	0.4048	0.9748	2.523
259	0.4106	0.9728	2.723
260	0.4116	0.9720	2.804
261	0.4089	0.9730	2.704
262	0.4124	0.9718	2.819
263	0.4102	0.9722	2.781
264	0.4104	0.9727	2.730
265	0.4089	0.9730	2.702
266	0.4098	0.9730	2.698
267	0.4107	0.9723	2.770
268	0.4128	0.9717	2.827
269	0.4084	0.9732	2.676
270	0.4120	0.9718	2.825
271	0.4096	0.9731	2.694
272	0.4051	0.9748	2.516
273	0.4087	0.9736	2.640
274	0.4090	0.9729	2.710
275	0.4100	0.9729	2.707
276	0.4106	0.9726	2.739
277	0.4086	0.9735	2.645
278	0.4090	0.9734	2.659
279	0.4082	0.9735	2.651
280	0.4061	0.9747	2.534
281	0.4102	0.9722	2.781
282	0.4124	0.9718	2.819
283	0.4078	0.9735	2.651
284	0.4098	0.9730	2.698
285	0.4032	0.9754	2.460
286	0.4093	0.9732	2.681
287	0.4063	0.9746	2.536
288	0.4105	0.9728	2.716
289	0.4089	0.9730	2.703
290	0.4084	0.9732	2.676
291	0.4095	0.9728	2.721
292	0.4106	0.9728	2.721
293	0.4122	0.9718	2.820
294	0.4104	0.9727	2.728
295	0.4095	0.9730	2.697
296	0.4071	0.9739	2.610
297	0.3969	0.9785	2.148
298	0.4121	0.9717	2.829
299	0.4061	0.9742	2.580
300	0.4110	0.9724	2.762
301	0.4128	0.9717	2.828
302	0.4082	0.9739	2.611
303	0.4088	0.9730	2.704
304	0.3995	0.9774	2.255
305	0.3958	0.9794	2.060
306	0.4044	0.9749	2.506
307	0.4066	0.9746	2.542
308	0.4051	0.9749	2.515
309	0.4049	0.9753	2.475
310	0.4120	0.9718	2.822
311	0.4109	0.9726	2.740
312	0.3981	0.9784	2.163
313	0.4094	0.9734	2.662
314	0.4119	0.9724	2.761
315	0.4114	0.9721	2.786
316	0.4078	0.9735	2.648
317	0.4112	0.9724	2.764
318	0.4098	0.9723	2.771
319	0.4100	0.9730	2.695
320	0.4064	0.9749	2.514
321	0.4107	0.9726	2.744
322	0.4111	0.9724	2.759
323	0.4096	0.9733	2.674
324	0.4085	0.9732	2.683
325	0.4096	0.9730	2.702
326	0.4092	0.9734	2.663
327	0.4106	0.9726	2.739
328	0.4092	0.9731	2.692
329	0.4090	0.9729	2.711
330	0.4103	0.9724	2.760
331	0.4118	0.9725	2.750
332	0.4045	0.9749	2.510
333	0.3955	0.9794	2.058
334	0.4086	0.9736	2.642
335	0.3956	0.9792	2.082
336	0.4053	0.9752	2.478
337	0.4106	0.9729	2.712
338	0.4014	0.9765	2.353
339	0.4111	0.9723	2.774
340	0.4056	0.9743	2.570
341	0.4094	0.9735	2.653
342	0.4073	0.9739	2.605
343	0.4095	0.9730	2.695
344	0.4086	0.9736	2.645
345	0.4098	0.9729	2.707
346	0.4070	0.9739	2.607
347	0.3978	0.9779	2.215
348	0.4107	0.9723	2.770
349	0.3956	0.9796	2.042
350	0.4106	0.9728	2.717
351	0.4051	0.9748	2.523
352	0.4113	0.9722	2.778
353	0.4104	0.9728	2.717
354	0.4016	0.9760	2.396
355	0.4115	0.9723	2.774
356	0.4106	0.9726	2.736
357	0.4132	0.9711	2.886
358	0.4047	0.9748	2.523
359	0.4060	0.9747	2.531
360	0.4064	0.9740	2.595
361	0.4100	0.9729	2.708
362	0.4032	0.9753	2.467
363	0.4086	0.9736	2.644
364	0.4114	0.9722	2.778
365	0.3938	0.9801	1.985
366	0.4045	0.9749	2.514
367	0.4070	0.9741	2.585
368	0.4037	0.9755	2.446
369	0.4112	0.9723	2.770
370	0.4121	0.9720	2.805
371	0.4115	0.9720	2.804
372	0.4089	0.9733	2.674
373	0.4105	0.9728	2.724
374	0.4108	0.9727	2.733
375	0.4074	0.9738	2.622
376	0.4094	0.9731	2.694
377	0.4097	0.9728	2.723
378	0.4084	0.9735	2.652
379	0.4086	0.9736	2.640
380	0.4047	0.9748	2.523
381	0.4118	0.9724	2.760
382	0.4014	0.9765	2.352
383	0.4090	0.9729	2.711
384	0.4070	0.9741	2.585
385	0.4110	0.9724	2.761
386	0.3955	0.9794	2.058
387	0.3969	0.9785	2.149
388	0.4092	0.9732	2.679
389	0.4063	0.9740	2.596
390	0.4128	0.9717	2.830
391	0.4121	0.9717	2.829
392	0.3938	0.9801	1.985
393	0.4051	0.9748	2.522
394	0.4060	0.9746	2.536
395	0.4031	0.9754	2.460
396	0.4115	0.9720	2.804
397	0.4095	0.9733	2.674
398	0.4097	0.9728	2.723
399	0.4101	0.9722	2.782
400	0.3994	0.9775	2.255
401	0.4084	0.9735	2.654
402	0.4089	0.9734	2.655
403	0.4094	0.9730	2.697
404	0.4081	0.9735	2.650
405	0.4092	0.9731	2.694
406	0.4111	0.9723	2.774
407	0.4106	0.9728	2.717
408	0.4096	0.9730	2.702
409	0.3956	0.9792	2.082
410	0.4098	0.9723	2.770
411	0.4093	0.9734	2.663
412	0.4106	0.9726	2.744
413	0.4082	0.9739	2.608
414	0.4050	0.9749	2.515
415	0.4123	0.9718	2.819
416	0.4072	0.9739	2.605
417	0.4112	0.9724	2.762
418	0.4105	0.9726	2.740
419	0.4063	0.9749	2.514
420	0.4118	0.9725	2.750
421	0.4085	0.9732	2.683
422	0.4112	0.9723	2.769
423	0.4059	0.9747	2.531
424	0.4065	0.9746	2.540
425	0.4115	0.9722	2.776
426	0.4086	0.9736	2.643
427	0.4114	0.9721	2.786
428	0.4103	0.9727	2.728
429	0.4093	0.9735	2.652
430	0.4106	0.9723	2.769
431	0.4106	0.9729	2.714
432	0.4094	0.9728	2.720
433	0.4113	0.9722	2.777
434	0.4094	0.9731	2.695
435	0.4102	0.9724	2.758
436	0.4088	0.9730	2.700
437	0.4083	0.9733	2.674
438	0.4097	0.9731	2.695
439	0.4099	0.9731	2.694
440	0.4108	0.9726	2.744
441	0.4070	0.9739	2.605
442	0.4111	0.9724	2.763
443	0.4062	0.9747	2.530
444	0.3977	0.9778	2.216
445	0.4112	0.9723	2.774
446	0.4131	0.9712	2.883
447	0.4048	0.9752	2.475
448	0.4088	0.9730	2.702
449	0.4106	0.9727	2.733
450	0.4089	0.9733	2.672
451	0.4122	0.9718	2.816
452	0.4103	0.9729	2.715
453	0.4105	0.9727	2.727
454	0.4119	0.9718	2.825
455	0.4091	0.9734	2.662
456	0.4016	0.9760	2.397
457	0.4105	0.9728	2.721
458	0.4074	0.9738	2.617
459	0.4078	0.9735	2.646
460	0.4037	0.9755	2.445
461	0.4044	0.9749	2.513
462	0.4060	0.9742	2.580
463	0.4043	0.9749	2.507
464	0.3957	0.9794	2.059
465	0.3981	0.9784	2.164
466	0.4052	0.9752	2.477
467	0.4108	0.9727	2.732
468	0.4104	0.9729	2.715
469	0.4070	0.9739	2.609
470	0.4097	0.9729	2.706
471	0.4032	0.9753	2.469
472	0.3955	0.9796	2.040
473	0.4085	0.9735	2.646
474	0.4077	0.9735	2.651
475	0.4095	0.9731	2.695
476	0.4044	0.9749	2.510
477	0.4121	0.9720	2.804
478	0.4056	0.9743	2.571
479	0.4099	0.9729	2.707
480	0.4060	0.9742	2.580
481	0.4118	0.9724	2.760
482	0.4069	0.9739	2.608
483	0.4094	0.9730	2.699
484	0.4112	0.9723	2.769
485	0.4081	0.9739	2.611
486	0.4105	0.9728	2.721
487	0.4109	0.9724	2.763
488	0.4056	0.9743	2.572
489	0.4077	0.9735	2.650
490	0.4112	0.9722	2.776
491	0.4072	0.9739	2.605
492	0.4043	0.9749	2.507
493	0.4112	0.9724	2.760
494	0.4059	0.9747	2.531
495	0.4052	0.9752	2.477
496	0.4104	0.9729	2.714
497	0.3938	0.9802	1.984
498	0.4105	0.9726	2.738
499	0.4048	0.9753	2.475
500	0.4108	0.9727	2.732
501	0.4094	0.9728	2.721
502	0.4089	0.9729	2.709
503	0.4084	0.9735	2.651
504	0.4077	0.9735	2.651
505	0.4044	0.9749	2.514
506	0.4093	0.9735	2.653
507	0.4063	0.9749	2.512
508	0.4099	0.9731	2.693
509	0.3957	0.9794	2.060
510	0.4094	0.9731	2.694
511	0.4113	0.9722	2.777
512	0.4110	0.9724	2.759
513	0.4088	0.9733	2.672
514	0.4014	0.9765	2.353
515	0.4120	0.9717	2.829
516	0.4070	0.9739	2.610
517	0.4091	0.9734	2.663
518	0.4083	0.9733	2.675
519	0.4091	0.9731	2.694
520	0.4103	0.9728	2.717
521	0.4131	0.9712	2.883
522	0.4121	0.9718	2.819
523	0.4105	0.9726	2.739
524	0.3954	0.9794	2.057
525	0.4118	0.9717	2.827
526	0.4093	0.9731	2.690
527	0.4031	0.9753	2.470
528	0.4105	0.9729	2.714
529	0.4127	0.9717	2.828
530	0.4095	0.9732	2.676
531	0.4100	0.9722	2.779
532	0.4099	0.9729	2.708
533	0.4102	0.9727	2.729
534	0.4105	0.9729	2.714
535	0.4050	0.9748	2.521
536	0.4081	0.9735	2.649
537	0.4085	0.9736	2.643
538	0.4036	0.9755	2.446
539	0.4102	0.9724	2.757
540	0.4113	0.9721	2.787
541	0.4097	0.9724	2.764
542	0.4073	0.9738	2.620
543	0.4117	0.9725	2.749
544	0.4095	0.9730	2.701
545	0.4110	0.9723	2.774
546	0.4015	0.9760	2.398
547	0.3968	0.9785	2.147
548	0.4106	0.9723	2.769
549	0.4060	0.9747	2.533
550	0.4085	0.9735	2.646
551	0.4087	0.9730	2.703
552	0.4063	0.9741	2.594
553	0.3977	0.9779	2.215
554	0.3980	0.9784	2.164
555	0.4091	0.9732	2.681
556	0.3993	0.9775	2.255
557	0.4084	0.9732	2.684
558	0.4049	0.9748	2.515
559	0.4085	0.9736	2.641
560	0.4123	0.9718	2.818
561	0.4064	0.9746	2.541
562	0.4105	0.9727	2.734
563	0.4046	0.9748	2.522
564	0.4088	0.9734	2.658
565	0.4108	0.9726	2.740
566	0.4092	0.9734	2.663
567	0.4062	0.9746	2.537
568	0.4069	0.9741	2.585
569	0.4114	0.9720	2.804
570	0.3954	0.9796	2.039
571	0.3955	0.9792	2.082
572	0.4120	0.9720	2.804
573	0.4030	0.9754	2.460
574	0.4087	0.9730	2.701
575	0.4096	0.9728	2.723
576	0.4096	0.9730	2.697
577	0.4114	0.9723	2.775
578	0.4104	0.9728	2.723
579	0.4043	0.9749	2.510
580	0.4096	0.9729	2.707
581	0.4096	0.9730	2.698
582	0.4113	0.9721	2.785
583	0.4049	0.9748	2.516
584	0.4085	0.9736	2.645
585	0.4109	0.9724	2.762
586	0.3937	0.9801	1.985
587	0.4105	0.9728	2.716
588	0.4031	0.9753	2.468
589	0.4092	0.9734	2.663
590	0.4042	0.9749	2.506
591	0.4102	0.9724	2.760
592	0.4046	0.9748	2.524
593	0.4073	0.9738	2.623
594	0.4096	0.9729	2.706
595	0.4110	0.9724	2.758
596	0.4120	0.9720	2.804
597	0.4117	0.9725	2.750
598	0.4077	0.9735	2.650
599	0.4055	0.9743	2.571
600	0.4088	0.9733	2.674
601	0.4130	0.9712	2.884
602	0.4112	0.9722	2.778
603	0.4091	0.9731	2.692
604	0.4087	0.9730	2.702
605	0.4062	0.9740	2.595
606	0.4105	0.9729	2.712
607	0.4097	0.9723	2.768
608	0.4082	0.9732	2.676
609	0.4122	0.9718	2.818
610	0.4121	0.9718	2.820
611	0.4091	0.9734	2.663
612	0.4107	0.9726	2.742
613	0.4030	0.9754	2.460
614	0.4093	0.9730	2.697
615	0.4102	0.9728	2.716
616	0.3980	0.9784	2.164
617	0.3954	0.9796	2.039
618	0.4114	0.9720	2.803
619	0.4111	0.9723	2.768
620	0.4047	0.9753	2.474
621	0.4113	0.9723	2.775
622	0.4084	0.9736	2.643
623	0.4050	0.9748	2.522
624	0.4095	0.9730	2.701
625	0.4111	0.9724	2.762
626	0.4061	0.9746	2.536
627	0.4105	0.9726	2.744
628	0.4105	0.9723	2.770
629	0.4085	0.9736	2.642
630	0.4036	0.9755	2.446
631	0.4093	0.9731	2.694
632	0.4099	0.9729	2.708
633	0.4096	0.9728	2.722
634	0.4087	0.9730	2.704
635	0.4062	0.9749	2.513
636	0.4118	0.9718	2.823
637	0.4120	0.9717	2.829
638	0.4093	0.9728	2.721
639	0.4102	0.9727	2.729
640	0.4104	0.9728	2.724
641	0.4107	0.9727	2.732
642	0.4092	0.9735	2.653
643	0.4084	0.9732	2.682
644	0.4100	0.9722	2.781
645	0.4076	0.9735	2.651
646	0.4088	0.9729	2.710
647	0.4104	0.9726	2.739
648	0.4117	0.9724	2.759
649	0.4104	0.9728	2.721
650	0.4064	0.9746	2.539
651	0.4105	0.9727	2.732
652	0.4069	0.9739	2.607
653	0.4083	0.9735	2.651
654	0.4043	0.9749	2.511
655	0.3976	0.9779	2.214
656	0.4126	0.9717	2.828
657	0.3967	0.9785	2.148
658	0.4080	0.9735	2.651
659	0.4088	0.9734	2.658
660	0.4071	0.9740	2.605
661	0.3993	0.9775	2.255
662	0.3956	0.9794	2.060
663	0.4043	0.9749	2.514
664	0.3953	0.9794	2.056
665	0.4094	0.9730	2.696
666	0.4091	0.9732	2.679
667	0.4068	0.9741	2.585
668	0.4103	0.9729	2.715
669	0.4110	0.9723	2.775
670	0.3955	0.9792	2.082
671	0.4051	0.9752	2.477
672	0.4014	0.9760	2.396
673	0.4013	0.9765	2.353
674	0.4069	0.9739	2.609
675	0.4059	0.9746	2.535
676	0.4059	0.9742	2.580
677	0.4080	0.9739	2.608
678	0.4111	0.9722	2.776
679	0.4098	0.9731	2.694
680	0.4058	0.9747	2.532
681	0.4094	0.9733	2.673
682	0.3953	0.9794	2.057
683	0.4087	0.9733	2.674
684	0.4094	0.9733	2.674
685	0.4086	0.9730	2.704
686	0.4084	0.9736	2.643
687	0.4054	0.9743	2.570
688	0.4094	0.9730	2.695
689	0.4073	0.9738	2.623
690	0.4104	0.9728	2.716
691	0.4096	0.9729	2.707
692	0.4062	0.9740	2.596
693	0.4035	0.9755	2.445
694	0.4049	0.9748	2.516
695	0.4092	0.9735	2.655
696	0.4051	0.9752	2.477
697	0.4111	0.9722	2.777
698	0.4082	0.9732	2.677
699	0.4043	0.9749	2.514
700	0.4068	0.9741	2.585
701	0.4104	0.9727	2.734
702	0.4122	0.9718	2.818
703	0.4112	0.9721	2.785
704	0.4106	0.9727	2.732
705	0.4126	0.9717	2.828
706	0.3967	0.9785	2.148
707	0.4092	0.9731	2.692
708	0.4093	0.9728	2.721
709	0.4112	0.9722	2.777
710	0.4046	0.9753	2.474
711	0.4098	0.9731	2.693
712	0.4119	0.9717	2.829
713	0.4103	0.9727	2.726
714	0.4108	0.9724	2.763
715	0.4087	0.9734	2.657
716	0.3936	0.9802	1.984
717	0.3954	0.9792	2.082
718	0.4090	0.9734	2.663
719	0.4076	0.9735	2.650
720	0.4084	0.9735	2.645
721	0.4082	0.9735	2.651
722	0.4105	0.9723	2.770
723	0.4113	0.9722	2.776
724	0.4086	0.9730	2.702
725	0.4101	0.9727	2.728
726	0.4083	0.9732	2.682
727	0.4109	0.9723	2.774
728	0.4043	0.9749	2.510
729	0.4091	0.9734	2.662
730	0.4084	0.9736	2.640
731	0.4116	0.9724	2.759
732	0.4071	0.9740	2.605
733	0.4107	0.9726	2.742
734	0.4012	0.9765	2.353
735	0.4090	0.9732	2.679
736	0.4045	0.9748	2.523
737	0.3979	0.9784	2.164
738	0.4110	0.9723	2.769
739	0.4088	0.9729	2.711
740	0.3955	0.9794	2.060
741	0.4104	0.9726	2.745
742	0.4102	0.9728	2.717
743	0.4130	0.9712	2.884
744	0.4120	0.9718	2.821
745	0.4057	0.9747	2.532
746	0.4093	0.9730	2.698
747	0.4110	0.9724	2.760
748	0.4059	0.9747	2.534
749	0.4109	0.9724	2.759
750	0.4090	0.9731	2.692
751	0.3976	0.9779	2.214
752	0.4096	0.9723	2.768
753	0.4049	0.9748	2.522
754	0.4119	0.9720	2.804
755	0.4099	0.9722	2.780
756	0.4104	0.9729	2.712
757	0.4063	0.9746	2.541
758	0.4061	0.9746	2.536
759	0.4113	0.9720	2.804
760	0.4029	0.9754	2.459
761	0.4030	0.9753	2.468
762	0.4101	0.9724	2.760
763	0.4061	0.9749	2.514
764	0.4059	0.9742	2.580
765	0.4103	0.9728	2.722
766	0.4014	0.9760	2.396
767	0.4117	0.9718	2.823
768	0.4068	0.9739	2.609
769	0.4069	0.9739	2.609
770	0.3992	0.9775	2.255
771	0.4094	0.9730	2.700
772	0.4103	0.9728	2.716
773	0.4098	0.9729	2.707
774	0.4095	0.9730	2.698
775	0.3953	0.9796	2.039
776	0.4116	0.9725	2.752
777	0.4075	0.9735	2.652
778	0.4080	0.9739	2.609
779	0.4079	0.9735	2.650
780	0.4103	0.9726	2.739
781	0.4095	0.9728	2.722
782	0.4041	0.9749	2.506
783	0.4104	0.9723	2.770
784	0.4087	0.9734	2.658
785	0.4104	0.9726	2.742
786	0.4095	0.9730	2.698
787	0.4090	0.9734	2.663
788	0.4119	0.9720	2.800
789	0.4107	0.9724	2.762
790	0.4093	0.9733	2.675
791	0.4110	0.9723	2.767
792	0.4112	0.9721	2.787
793	0.4035	0.9755	2.446
794	0.4098	0.9729	2.708
795	0.4086	0.9730	2.703
796	0.4070	0.9740	2.605
797	0.4113	0.9723	2.774
798	0.4116	0.9725	2.750
799	0.4088	0.9729	2.710
800	0.3975	0.9779	2.214
801	0.4106	0.9727	2.732
802	0.4129	0.9712	2.882
803	0.4082	0.9735	2.651
804	0.4042	0.9749	2.512
805	0.4045	0.9748	2.523
806	0.4083	0.9736	2.643
807	0.4058	0.9742	2.581
808	0.3954	0.9792	2.082
809	0.4119	0.9717	2.829
810	0.4097	0.9731	2.693
811	0.4083	0.9736	2.645
812	0.4103	0.9728	2.721
813	0.4125	0.9717	2.828
814	0.4094	0.9730	2.701
815	0.4061	0.9749	2.512
816	0.4103	0.9726	2.739
817	0.4092	0.9728	2.721
818	0.3952	0.9794	2.058
819	0.3992	0.9775	2.255
820	0.4100	0.9724	2.758
821	0.4113	0.9720	2.802
822	0.4104	0.9729	2.714
823	0.4120	0.9718	2.818
824	0.4060	0.9747	2.534
825	0.4121	0.9718	2.819
826	0.4086	0.9733	2.672
827	0.4081	0.9733	2.675
828	0.3979	0.9784	2.164
829	0.4076	0.9735	2.650
830	0.4057	0.9747	2.531
831	0.4042	0.9749	2.509
832	0.4012	0.9765	2.353
833	0.4075	0.9735	2.651
834	0.4104	0.9727	2.734
835	0.4096	0.9723	2.767
836	0.4058	0.9747	2.532
837	0.4095	0.9729	2.707
838	0.4079	0.9739	2.609
839	0.4082	0.9732	2.682
840	0.4041	0.9749	2.507
841	0.4091	0.9735	2.653
842	0.4048	0.9748	2.522
843	0.4030	0.9753	2.468
844	0.4102	0.9729	2.714
845	0.4099	0.9722	2.782
846	0.4103	0.9727	2.725
847	0.4046	0.9753	2.474
848	0.4111	0.9722	2.777
849	0.4085	0.9730	2.702
850	0.4013	0.9760	2.396
851	0.4061	0.9740	2.595
852	0.4091	0.9734	2.663
853	0.4106	0.9726	2.740
854	0.4110	0.9722	2.777
855	0.4116	0.9724	2.760
856	0.3955	0.9794	2.060
857	0.4101	0.9728	2.716
858	0.4050	0.9752	2.476
859	0.4048	0.9748	2.516
860	0.4067	0.9741	2.585
861	0.4072	0.9738	2.622
862	0.4089	0.9731	2.692
863	0.4095	0.9728	2.723
864	0.3936	0.9802	1.984
865	0.4103	0.9728	2.715
866	0.3953	0.9796	2.040
867	0.4029	0.9754	2.460
868	0.4063	0.9746	2.541
869	0.4067	0.9739	2.608
870	0.4053	0.9743	2.570
871	0.4117	0.9718	2.822
872	0.4108	0.9724	2.758
873	0.4092	0.9730	2.699
874	0.4083	0.9736	2.640
875	0.4093	0.9731	2.695
876	0.4079	0.9735	2.650
877	0.4068	0.9739	2.609
878	0.4090	0.9732	2.681
879	0.4108	0.9723	2.774
880	0.4101	0.9727	2.728
881	0.4109	0.9724	2.760
882	0.3966	0.9785	2.148
883	0.4091	0.9731	2.692
884	0.4050	0.9752	2.477
885	0.4103	0.9726	2.740
886	0.3975	0.9779	2.214
887	0.4042	0.9749	2.510
888	0.4092	0.9730	2.700
889	0.4063	0.9746	2.541
890	0.4106	0.9726	2.740
891	0.4086	0.9733	2.673
892	0.3978	0.9784	2.163
893	0.4121	0.9718	2.819
894	0.3953	0.9792	2.082
895	0.4089	0.9734	2.663
896	0.4105	0.9727	2.734
897	0.4072	0.9738	2.623
898	0.4011	0.9765	2.353
899	0.4093	0.9733	2.674
900	0.4097	0.9729	2.708
901	0.4102	0.9729	2.715
902	0.4104	0.9723	2.770
903	0.4109	0.9723	2.769
904	0.4112	0.9720	2.804
905	0.4083	0.9736	2.644
906	0.4116	0.9718	2.823
907	0.4094	0.9728	2.722
908	0.4081	0.9732	2.675
909	0.4090	0.9735	2.653
910	0.4094	0.9730	2.695
911	0.4100	0.9727	2.729
912	0.4092	0.9731	2.695
913	0.3953	0.9796	2.041
914	0.4067	0.9739	2.607
915	0.4102	0.9727	2.725
916	0.4111	0.9721	2.786
917	0.4079	0.9735	2.650
918	0.4118	0.9717	2.828
919	0.4095	0.9723	2.766
920	0.4129	0.9712	2.882
921	0.4089	0.9731	2.694
922	0.4119	0.9718	2.819
923	0.4091	0.9731	2.692
924	0.4085	0.9730	2.701
925	0.4118	0.9720	2.800
926	0.4089	0.9732	2.679
927	0.4029	0.9754	2.460
928	0.4101	0.9728	2.717
929	0.4061	0.9741	2.594
930	0.4091	0.9728	2.721
931	0.4094	0.9729	2.706
932	0.4060	0.9749	2.512
933	0.4096	0.9731	2.694
934	0.4103	0.9729	2.712
935	0.4090	0.9733	2.665
936	0.4103	0.9728	2.722
937	0.4086	0.9734	2.656
938	0.4044	0.9748	2.522
939	0.4102	0.9726	2.739
940	0.4098	0.9722	2.779
941	0.4083	0.9736	2.638
942	0.4075	0.9735	2.648
943	0.4085	0.9730	2.702
944	0.4110	0.9723	2.774
945	0.4042	0.9749	2.512
946	0.4045	0.9752	2.475
947	0.4112	0.9723	2.774
948	0.4107	0.9724	2.762
949	0.3954	0.9794	2.059
950	0.4115	0.9725	2.748
951	0.4058	0.9742	2.580
952	0.4040	0.9749	2.507
953	0.4029	0.9753	2.468
954	0.4108	0.9723	2.774
955	0.4059	0.9747	2.535
956	0.4100	0.9724	2.759
957	0.3952	0.9794	2.058
958	0.4087	0.9729	2.710
959	0.4083	0.9736	2.643
960	0.4048	0.9748	2.522
961	0.4081	0.9735	2.652
962	0.4093	0.9730	2.700
963	0.4115	0.9724	2.760
964	0.4125	0.9717	2.828
965	0.4069	0.9740	2.604
966	0.4068	0.9739	2.609
967	0.4079	0.9739	2.610
968	0.4067	0.9742	2.585
969	0.3966	0.9785	2.148
970	0.4056	0.9747	2.532
971	0.3935	0.9802	1.984
972	0.4047	0.9748	2.515
973	0.4013	0.9760	2.396
974	0.4103	0.9729	2.712
975	0.4109	0.9724	2.759
976	0.4082	0.9732	2.682
977	0.4103	0.9727	2.734
978	0.4034	0.9755	2.446
979	0.3991	0.9775	2.254
980	0.4108	0.9724	2.758
981	0.4053	0.9743	2.570
982	0.4074	0.9735	2.653
983	0.4110	0.9722	2.778
984	0.4057	0.9747	2.534
985	0.3953	0.9792	2.082
986	0.4098	0.9722	2.782
987	0.4029	0.9753	2.467
988	0.4103	0.9726	2.744
989	0.4103	0.9726	2.735
990	0.4096	0.9731	2.694
991	0.4112	0.9720	2.803
992	0.4105	0.9726	2.741
993	0.4011	0.9765	2.352
994	0.4041	0.9749	2.514
995	0.4108	0.9723	2.775
996	0.4102	0.9728	2.722
997	0.4048	0.9748	2.522
998	0.4062	0.9746	2.542
999	0.4115	0.9725	2.752
1000	0.4120	0.9718	2.818
1001	0.4060	0.9740	2.596
1002	0.4071	0.9738	2.622
1003	0.3954	0.9794	2.060
1004	0.4080	0.9732	2.678
1005	0.4092	0.9733	2.674
1006	0.4082	0.9732	2.683
1007	0.4078	0.9735	2.650
1008	0.4111	0.9723	2.775
1009	0.4090	0.9735	2.655
1010	0.3974	0.9779	2.215
1011	0.4102	0.9728	2.724
1012	0.4074	0.9735	2.653
1013	0.4103	0.9723	2.770
1014	0.4012	0.9760	2.395
1015	0.4091	0.9731	2.693
1016	0.4105	0.9727	2.734
1017	0.4049	0.9752	2.476
1018	0.4110	0.9722	2.779
1019	0.4069	0.9739	2.605
1020	0.4107	0.9724	2.758
1021	0.4102	0.9728	2.715
1022	0.4086	0.9734	2.658
1023	0.4081	0.9735	2.651
1024	0.4086	0.9729	2.710
1025	0.4119	0.9718	2.820
1026	0.4128	0.9712	2.884
1027	0.4085	0.9733	2.672
1028	0.4089	0.9732	2.681
1029	0.4057	0.9747	2.532
1030	0.4094	0.9728	2.722
1031	0.4096	0.9729	2.708
1032	0.4091	0.9730	2.697
1033	0.3935	0.9802	1.984
1034	0.4100	0.9728	2.716
1035	0.4109	0.9722	2.776
1036	0.4118	0.9720	2.800
1037	0.4115	0.9724	2.758
1038	0.4124	0.9717	2.827
1039	0.4047	0.9748	2.518
1040	0.4084	0.9730	2.701
1041	0.4088	0.9731	2.693
1042	0.4057	0.9742	2.581
1043	0.4043	0.9748	2.522
1044	0.4033	0.9755	2.447
1045	0.4092	0.9730	2.700
1046	0.3977	0.9784	2.162
1047	0.4109	0.9724	2.762
1048	0.4041	0.9749	2.511
1049	0.4066	0.9739	2.607
1050	0.4082	0.9735	2.646
1051	0.4040	0.9750	2.504
1052	0.4090	0.9734	2.662
1053	0.4092	0.9730	2.697
1054	0.3951	0.9794	2.057
1055	0.4044	0.9753	2.474
1056	0.4074	0.9735	2.648
1057	0.4117	0.9717	2.830
1058	0.4094	0.9730	2.698
1059	0.4067	0.9739	2.608
1060	0.4091	0.9728	2.721
1061	0.4101	0.9729	2.715
1062	0.4094	0.9723	2.771
1063	0.4059	0.9746	2.537
1064	0.4052	0.9743	2.569
1065	0.4066	0.9741	2.587
1066	0.4110	0.9721	2.786
1067	0.4028	0.9754	2.459
1068	0.4108	0.9723	2.772
1069	0.4082	0.9736	2.642
1070	0.3952	0.9796	2.041
1071	0.4084	0.9729	2.705
1072	0.3965	0.9785	2.148
1073	0.3990	0.9775	2.254
1074	0.4088	0.9733	2.666
1075	0.4115	0.9718	2.822
1076	0.4099	0.9724	2.765
1077	0.4078	0.9739	2.610
1078	0.4102	0.9726	2.743
1079	0.4056	0.9747	2.532
1080	0.4060	0.9749	2.514
1081	0.4102	0.9729	2.713
1082	0.4094	0.9729	2.707
1083	0.4099	0.9727	2.729
1084	0.4082	0.9736	2.641
1085	0.4106	0.9724	2.762
1086	0.4056	0.9747	2.531
1087	0.4012	0.9760	2.396
1088	0.4074	0.9735	2.649
1089	0.4092	0.9733	2.674
1090	0.4052	0.9743	2.572
1091	0.4041	0.9749	2.514
1092	0.4089	0.9734	2.663
1093	0.4067	0.9739	2.609
1094	0.4046	0.9748	2.516
1095	0.4039	0.9750	2.504
1096	0.4097	0.9722	2.782
1097	0.3953	0.9794	2.061
1098	0.4128	0.9712	2.884
1099	0.4099	0.9724	2.762
1100	0.4115	0.9724	2.761
1101	0.3952	0.9796	2.041
1102	0.4118	0.9718	2.820
1103	0.4104	0.9727	2.734
1104	0.4080	0.9735	2.654
1105	0.4057	0.9747	2.535
1106	0.4082	0.9736	2.643
1107	0.4103	0.9723	2.772
1108	0.4124	0.9717	2.829
1109	0.4091	0.9731	2.695
1110	0.4102	0.9726	2.743
1111	0.3952	0.9792	2.082
1112	0.4059	0.9746	2.536
1113	0.4108	0.9723	2.769
1114	0.4107	0.9723	2.775
1115	0.4100	0.9728	2.716
1116	0.4102	0.9728	2.721
1117	0.4085	0.9734	2.658
1118	0.4078	0.9739	2.610
1119	0.4033	0.9755	2.445
1120	0.3974	0.9779	2.215
1121	0.4068	0.9739	2.606
1122	0.4117	0.9717	2.830
1123	0.4107	0.9724	2.758
1124	0.4086	0.9729	2.710
1125	0.4088	0.9734	2.663
1126	0.4047	0.9748	2.521
1127	0.4095	0.9731	2.694
1128	0.4089	0.9735	2.653
1129	0.4061	0.9746	2.539
1130	0.4082	0.9736	2.644
1131	0.4114	0.9725	2.748
1132	0.4090	0.9728	2.721
1133	0.4043	0.9748	2.523
1134	0.4066	0.9742	2.585
1135	0.4094	0.9723	2.765
1136	0.4101	0.9729	2.714
1137	0.4119	0.9718	2.818
1138	0.4101	0.9726	2.739
1139	0.4093	0.9728	2.722
1140	0.4085	0.9733	2.671
1141	0.4099	0.9727	2.729
1142	0.4102	0.9729	2.712
1143	0.4028	0.9753	2.471
1144	0.4088	0.9731	2.690
1145	0.4081	0.9732	2.684
1146	0.4084	0.9730	2.702
1147	0.4088	0.9732	2.680
1148	0.4084	0.9730	2.700
1149	0.4027	0.9754	2.462
1150	0.4057	0.9742	2.580
1151	0.3951	0.9794	2.058
1152	0.4092	0.9730	2.700
1153	0.4066	0.9739	2.607
1154	0.4111	0.9723	2.775
1155	0.4111	0.9720	2.801
1156	0.4104	0.9726	2.742
1157	0.4117	0.9720	2.799
1158	0.4093	0.9729	2.705
1159	0.4105	0.9724	2.760
1160	0.4090	0.9731	2.690
1161	0.3990	0.9775	2.254
1162	0.4115	0.9717	2.826
1163	0.4079	0.9733	2.674
1164	0.4109	0.9722	2.776
1165	0.4044	0.9752	2.475
1166	0.4093	0.9731	2.695
1167	0.4082	0.9736	2.638
1168	0.4110	0.9721	2.787
1169	0.3934	0.9802	1.984
1170	0.4090	0.9730	2.695
1171	0.4048	0.9752	2.475
1172	0.4070	0.9738	2.620
1173	0.4096	0.9729	2.708
1174	0.4077	0.9735	2.649
1175	0.4102	0.9727	2.732
1176	0.3965	0.9785	2.147
1177	0.4102	0.9729	2.714
1178	0.3977	0.9784	2.163
1179	0.4059	0.9749	2.512
1180	0.4108	0.9724	2.760
1181	0.4010	0.9765	2.352
1182	0.4108	0.9722	2.776
1183	0.4073	0.9735	2.651
1184	0.4059	0.9740	2.596
1185	0.4101	0.9728	2.723
1186	0.4040	0.9749	2.509
1187	0.4010	0.9765	2.353
1188	0.4058	0.9746	2.536
1189	0.4040	0.9749	2.514
1190	0.4085	0.9733	2.674
1191	0.4046	0.9748	2.521
1192	0.4028	0.9753	2.467
1193	0.4091	0.9730	2.695
1194	0.4093	0.9728	2.723
1195	0.4101	0.9728	2.722
1196	0.4114	0.9725	2.752
1197	0.3973	0.9779	2.214
1198	0.4087	0.9734	2.663
1199	0.4093	0.9730	2.697
1200	0.4102	0.9726	2.742
1201	0.4090	0.9728	2.721
1202	0.4098	0.9724	2.758
1203	0.4114	0.9724	2.759
1204	0.4108	0.9723	2.768
1205	0.4099	0.9727	2.728
1206	0.4095	0.9731	2.694
1207	0.4066	0.9739	2.610
1208	0.4084	0.9730	2.703
1209	0.4089	0.9734	2.663
1210	0.4091	0.9732	2.675
1211	0.4095	0.9729	2.708
1212	0.4099	0.9728	2.716
1213	0.4065	0.9741	2.585
1214	0.4102	0.9723	2.769
1215	0.4110	0.9723	2.774
1216	0.4101	0.9726	2.738
1217	0.4061	0.9746	2.536
1218	0.3934	0.9802	1.982
1219	0.4011	0.9760	2.397
1220	0.4080	0.9735	2.650
1221	0.4115	0.9717	2.826
1222	0.4083	0.9730	2.701
1223	0.4101	0.9728	2.715
1224	0.4085	0.9734	2.656
1225	0.4116	0.9717	2.828
1226	0.4081	0.9735	2.646
1227	0.4089	0.9735	2.651
1228	0.4093	0.9723	2.765
1229	0.4108	0.9723	2.774
1230	0.3951	0.9796	2.041
1231	0.4109	0.9722	2.776
1232	0.4097	0.9722	2.781
1233	0.4055	0.9747	2.532
1234	0.4070	0.9738	2.622
1235	0.4059	0.9749	2.512
1236	0.4077	0.9735	2.649
1237	0.4101	0.9727	2.728
1238	0.3964	0.9785	2.147
1239	0.4104	0.9726	2.742
1240	0.4089	0.9731	2.690
1241	0.4039	0.9749	2.506
1242	0.3950	0.9794	2.058
1243	0.4051	0.9743	2.572
1244	0.4040	0.9749	2.509
1245	0.4080	0.9732	2.683
1246	0.4093	0.9729	2.706
1247	0.3990	0.9775	2.255
1248	0.4110	0.9720	2.804
1249	0.4077	0.9739	2.611
1250	0.4027	0.9754	2.459
1251	0.4046	0.9749	2.515
1252	0.4116	0.9720	2.803
1253	0.4043	0.9753	2.475
1254	0.4090	0.9730	2.700
1255	0.4127	0.9712	2.884
1256	0.4106	0.9723	2.774
1257	0.4065	0.9739	2.607
1258	0.4056	0.9742	2.581
1259	0.4042	0.9748	2.523
1260	0.4107	0.9724	2.759
1261	0.4032	0.9755	2.446
1262	0.4109	0.9721	2.787
1263	0.4085	0.9729	2.712
1264	0.4081	0.9736	2.643
1265	0.4087	0.9731	2.694
1266	0.4100	0.9728	2.715
1267	0.4119	0.9718	2.819
1268	0.4072	0.9735	2.652
1269	0.4087	0.9732	2.680
1270	0.4101	0.9726	2.735
1271	0.4123	0.9717	2.828
1272	0.4091	0.9730	2.700
1273	0.4106	0.9724	2.758
1274	0.3951	0.9792	2.082
1275	0.4056	0.9747	2.534
1276	0.4073	0.9735	2.649
1277	0.3952	0.9794	2.060
1278	0.4101	0.9728	2.715
1279	0.4117	0.9718	2.821
1280	0.4068	0.9739	2.605
1281	0.4103	0.9727	2.732
1282	0.3976	0.9784	2.163
1283	0.4079	0.9732	2.678
1284	0.4059	0.9741	2.595
1285	0.4081	0.9736	2.642
1286	0.4048	0.9752	2.476
1287	0.4105	0.9724	2.761
1288	0.4092	0.9729	2.706
1289	0.4042	0.9748	2.523
1290	0.4113	0.9725	2.751
1291	0.4081	0.9736	2.644
1292	0.4040	0.9749	2.514
1293	0.4084	0.9734	2.657
1294	0.4065	0.9739	2.606
1295	0.4055	0.9747	2.532
1296	0.4009	0.9765	2.353
1297	0.4089	0.9731	2.693
1298	0.3951	0.9792	2.081
1299	0.4083	0.9729	2.705
1300	0.4127	0.9711	2.886
1301	0.4103	0.9727	2.734
1302	0.4092	0.9728	2.722
1303	0.4114	0.9718	2.822
1304	0.4058	0.9746	2.536
1305	0.4079	0.9735	2.652
1306	0.4083	0.9730	2.702
1307	0.4113	0.9724	2.760
1308	0.4032	0.9755	2.446
1309	0.4091	0.9730	2.701
1310	0.4100	0.9728	2.716
1311	0.4011	0.9760	2.396
1312	0.4067	0.9740	2.605
1313	0.4089	0.9728	2.721
1314	0.4101	0.9728	2.716
1315	0.4081	0.9736	2.640
1316	0.4060	0.9746	2.539
1317	0.4090	0.9731	2.694
1318	0.4088	0.9734	2.662
1319	0.3976	0.9784	2.162
1320	0.4092	0.9730	2.698
1321	0.4102	0.9723	2.770
1322	0.4116	0.9720	2.802
1323	0.4084	0.9733	2.672
1324	0.4087	0.9732	2.680
1325	0.4093	0.9723	2.768
1326	0.3964	0.9785	2.148
1327	0.4101	0.9726	2.742
1328	0.4109	0.9721	2.785
1329	0.4089	0.9730	2.699
1330	0.4051	0.9743	2.570
1331	0.4100	0.9726	2.739
1332	0.4073	0.9735	2.649
1333	0.4076	0.9735	2.650
1334	0.4039	0.9749	2.509
1335	0.4096	0.9722	2.780
1336	0.4079	0.9732	2.677
1337	0.3972	0.9779	2.214
1338	0.4107	0.9724	2.761
1339	0.4101	0.9726	2.735
1340	0.4095	0.9729	2.708
1341	0.4069	0.9738	2.624
1342	0.4098	0.9727	2.729
1343	0.4110	0.9720	2.803
1344	0.4118	0.9718	2.819
1345	0.4087	0.9734	2.663
1346	0.4043	0.9753	2.474
1347	0.4046	0.9748	2.521
1348	0.4104	0.9724	2.761
1349	0.4122	0.9717	2.828
1350	0.4099	0.9728	2.716
1351	0.4027	0.9753	2.467
1352	0.4084	0.9729	2.710
1353	0.3933	0.9802	1.985
1354	0.4094	0.9731	2.694
1355	0.4100	0.9728	2.723
1356	0.4066	0.9739	2.608
1357	0.4058	0.9749	2.514
1358	0.4108	0.9722	2.778
1359	0.4107	0.9722	2.776
1360	0.4107	0.9723	2.770
1361	0.4026	0.9754	2.459
1362	0.4064	0.9741	2.585
1363	0.4087	0.9731	2.692
1364	0.4101	0.9729	2.713
1365	0.4098	0.9724	2.759
1366	0.3950	0.9796	2.040
1367	0.4080	0.9736	2.643
1368	0.4047	0.9752	2.477
1369	0.4106	0.9723	2.774
1370	0.4072	0.9735	2.651
1371	0.4080	0.9732	2.683
1372	0.4116	0.9717	2.828
1373	0.4038	0.9749	2.506
1374	0.4045	0.9748	2.516
1375	0.4117	0.9718	2.820
1376	0.4109	0.9723	2.774
1377	0.4090	0.9732	2.676
1378	0.4055	0.9747	2.531
1379	0.4106	0.9724	2.759
1380	0.4100	0.9728	2.721
1381	0.4055	0.9742	2.580
1382	0.3952	0.9794	2.060
1383	0.4088	0.9735	2.653
1384	0.3949	0.9794	2.057
1385	0.3989	0.9775	2.254
1386	0.4076	0.9739	2.609
1387	0.4058	0.9740	2.596
1388	0.4103	0.9726	2.740
1389	0.4101	0.9723	2.770
1390	0.4100	0.9728	2.724
1391	0.4096	0.9722	2.782
1392	0.4116	0.9720	2.800
1393	0.4105	0.9724	2.758
1394	0.3952	0.9794	2.060
1395	0.4039	0.9749	2.514
1396	0.4076	0.9739	2.610
1397	0.4090	0.9733	2.674
1398	0.4043	0.9753	2.474
1399	0.4092	0.9728	2.721
1400	0.3950	0.9796	2.040
1401	0.4088	0.9735	2.654
1402	0.4084	0.9729	2.710
1403	0.4114	0.9718	2.824
1404	0.4079	0.9732	2.683
1405	0.4051	0.9743	2.570
1406	0.4079	0.9735	2.651
1407	0.4108	0.9721	2.785
1408	0.4076	0.9735	2.650
1409	0.3949	0.9794	2.056
1410	0.4101	0.9729	2.712
1411	0.4098	0.9727	2.730
1412	0.4113	0.9724	2.760
1413	0.4108	0.9722	2.778
1414	0.4103	0.9726	2.742
1415	0.4064	0.9739	2.606
1416	0.4072	0.9735	2.649
1417	0.4100	0.9726	2.739
1418	0.4089	0.9728	2.720
1419	0.4045	0.9748	2.517
1420	0.4080	0.9736	2.644
1421	0.4094	0.9731	2.693
1422	0.4041	0.9748	2.523
1423	0.4026	0.9753	2.470
1424	0.4116	0.9718	2.819
1425	0.4103	0.9727	2.732
1426	0.3933	0.9802	1.984
1427	0.4045	0.9748	2.523
1428	0.4039	0.9749	2.507
1429	0.4092	0.9729	2.706
1430	0.4115	0.9717	2.830
1431	0.4058	0.9741	2.595
1432	0.4010	0.9760	2.396
1433	0.4094	0.9729	2.707
1434	0.4009	0.9765	2.353
1435	0.4122	0.9717	2.828
1436	0.4106	0.9724	2.759
1437	0.4109	0.9720	2.803
1438	0.4100	0.9727	2.734
1439	0.4082	0.9730	2.702
1440	0.4089	0.9731	2.695
1441	0.4086	0.9731	2.693
1442	0.4078	0.9732	2.677
1443	0.4038	0.9749	2.505
1444	0.4083	0.9734	2.658
1445	0.4086	0.9732	2.679
1446	0.4098	0.9728	2.717
1447	0.3975	0.9784	2.163
1448	0.4047	0.9752	2.476
1449	0.3963	0.9785	2.149
1450	0.4091	0.9730	2.696
1451	0.4105	0.9723	2.774
1452	0.4058	0.9749	2.513
1453	0.4112	0.9725	2.750
1454	0.4088	0.9731	2.691
1455	0.4080	0.9736	2.640
1456	0.4107	0.9722	2.776
1457	0.4065	0.9739	2.609
1458	0.4031	0.9755	2.445
1459	0.4090	0.9730	2.699
1460	0.4087	0.9734	2.663
1461	0.4060	0.9746	2.540
1462	0.4097	0.9724	2.758
1463	0.4100	0.9726	2.740
1464	0.4054	0.9747	2.531
1465	0.4055	0.9742	2.581
1466	0.4099	0.9729	2.714
1467	0.4067	0.9740	2.605
1468	0.4100	0.9729	2.714
1469	0.4082	0.9730	2.703
1470	0.4126	0.9712	2.881
1471	0.4026	0.9754	2.461
1472	0.4057	0.9747	2.534
1473	0.4092	0.9724	2.765
1474	0.4086	0.9734	2.663
1475	0.4064	0.9741	2.585
1476	0.4100	0.9728	2.723
1477	0.4109	0.9723	2.773
1478	0.4089	0.9731	2.695
1479	0.4083	0.9733	2.671
1480	0.3950	0.9792	2.081
1481	0.4055	0.9747	2.532
1482	0.3988	0.9775	2.254
1483	0.4104	0.9724	2.762
1484	0.4071	0.9735	2.652
1485	0.4080	0.9736	2.645
1486	0.3972	0.9778	2.215
1487	0.4068	0.9738	2.622
1488	0.4106	0.9723	2.767
1489	0.4118	0.9718	2.818
1490	0.4103	0.9726	2.742
1491	0.4055	0.9742	2.580
1492	0.4086	0.9732	2.679
1493	0.4097	0.9724	2.758
1494	0.4100	0.9727	2.731
1495	0.4072	0.9735	2.648
1496	0.4089	0.9731	2.694
1497	0.4090	0.9730	2.700
1498	0.4089	0.9732	2.676
1499	0.3932	0.9802	1.983
1500	0.3951	0.9794	2.059
1501	0.4046	0.9752	2.477
1502	0.4097	0.9727	2.729
1503	0.4044	0.9748	2.518
1504	0.4083	0.9734	2.656
1505	0.4064	0.9742	2.585
1506	0.4071	0.9735	2.652
1507	0.4076	0.9739	2.609
1508	0.4105	0.9724	2.759
1509	0.4107	0.9722	2.777
1510	0.4086	0.9731	2.691
1511	0.4087	0.9735	2.651
1512	0.4088	0.9731	2.695
1513	0.4068	0.9738	2.620
1514	0.4057	0.9749	2.512
1515	0.4064	0.9739	2.606
1516	0.3949	0.9796	2.041
1517	0.4057	0.9741	2.594
1518	0.4117	0.9718	2.818
1519	0.4080	0.9736	2.638
1520	0.4091	0.9731	2.695
1521	0.4037	0.9749	2.507
1522	0.4082	0.9730	2.701
1523	0.3949	0.9794	2.057
1524	0.4045	0.9748	2.522
1525	0.4078	0.9735	2.651
1526	0.4107	0.9723	2.775
1527	0.4088	0.9731	2.692
1528	0.4066	0.9740	2.605
1529	0.4084	0.9729	2.709
1530	0.4092	0.9724	2.765
1531	0.4109	0.9723	2.774
1532	0.4100	0.9723	2.769
1533	0.4094	0.9729	2.707
1534	0.4102	0.9727	2.732
1535	0.4053	0.9747	2.533
1536	0.4008	0.9765	2.353
1537	0.4080	0.9736	2.645
1538	0.4059	0.9746	2.539
1539	0.3975	0.9784	2.164
1540	0.4038	0.9749	2.513
1541	0.4106	0.9723	2.770
1542	0.4091	0.9728	2.721
1543	0.3988	0.9775	2.255
1544	0.4095	0.9722	2.782
1545	0.3971	0.9779	2.214
1546	0.4099	0.9726	2.739
1547	0.4075	0.9735	2.650
1548	0.4038	0.9749	2.508
1549	0.4042	0.9753	2.475
1550	0.4100	0.9729	2.712
1551	0.4079	0.9736	2.643
1552	0.4079	0.9732	2.682
1553	0.4091	0.9729	2.706
1554	0.4026	0.9753	2.467
1555	0.4121	0.9717	2.828
1556	0.4025	0.9754	2.460
1557	0.4031	0.9755	2.447
1558	0.4115	0.9717	2.830
1559	0.4103	0.9724	2.762
1560	0.4099	0.9728	2.721
1561	0.4082	0.9730	2.704
1562	0.4050	0.9743	2.570
1563	0.4099	0.9728	2.723
1564	0.4113	0.9718	2.822
1565	0.4105	0.9723	2.774
1566	0.4125	0.9712	2.884
1567	0.4088	0.9728	2.721
1568	0.4056	0.9747	2.535
1569	0.4097	0.9728	2.716
1570	0.4093	0.9731	2.693
1571	0.4064	0.9739	2.610
1572	0.4115	0.9720	2.798
1573	0.4087	0.9734	2.662
1574	0.4100	0.9729	2.715
1575	0.4109	0.9720	2.800
1576	0.4054	0.9747	2.531
1577	0.4098	0.9729	2.714
1578	0.4082	0.9733	2.671
1579	0.4107	0.9721	2.787
1580	0.4112	0.9725	2.749
1581	0.4106	0.9724	2.760
1582	0.4085	0.9734	2.664
1583	0.4116	0.9718	2.818
1584	0.4100	0.9726	2.738
1585	0.4077	0.9733	2.674
1586	0.4112	0.9724	2.759
1587	0.4041	0.9748	2.521
1588	0.3950	0.9792	2.081
1589	0.4009	0.9760	2.397
1590	0.3962	0.9785	2.146
1591	0.4075	0.9735	2.650
1592	0.4097	0.9727	2.729
1593	0.4100	0.9723	2.769
1594	0.4078	0.9735	2.650
1595	0.4087	0.9731	2.690
1596	0.4099	0.9729	2.715
1597	0.3988	0.9775	2.254
1598	0.4063	0.9741	2.585
1599	0.4050	0.9743	2.572
1600	0.4053	0.9747	2.532
1601	0.4054	0.9747	2.532
1602	0.3948	0.9794	2.058
1603	0.4103	0.9724	2.762
1604	0.4106	0.9724	2.760
1605	0.4102	0.9726	2.741
1606	0.4081	0.9730	2.703
1607	0.4085	0.9734	2.664
1608	0.3951	0.9794	2.059
1609	0.4105	0.9723	2.767
1610	0.4099	0.9728	2.723
1611	0.4025	0.9753	2.471
1612	0.4088	0.9728	2.720
1613	0.3949	0.9796	2.041
1614	0.4125	0.9712	2.881
1615	0.4071	0.9735	2.650
1616	0.4079	0.9736	2.644
1617	0.4038	0.9749	2.512
1618	0.4078	0.9732	2.683
1619	0.4075	0.9739	2.608
1620	0.4082	0.9733	2.671
1621	0.4059	0.9746	2.538
1622	0.4089	0.9730	2.699
1623	0.4064	0.9739	2.610
1624	0.4085	0.9732	2.680
1625	0.4114	0.9717	2.828
1626	0.4044	0.9748	2.517
1627	0.4041	0.9753	2.474
1628	0.4108	0.9723	2.774
1629	0.4107	0.9721	2.785
1630	0.4101	0.9727	2.732
1631	0.4095	0.9722	2.782
1632	0.4044	0.9748	2.522
1633	0.4057	0.9749	2.512
1634	0.4107	0.9722	2.776
1635	0.4108	0.9720	2.800
1636	0.3962	0.9785	2.147
1637	0.4091	0.9728	2.721
1638	0.4087	0.9735	2.652
1639	0.4090	0.9731	2.695
1640	0.3974	0.9784	2.163
1641	0.4099	0.9726	2.739
1642	0.3931	0.9802	1.984
1643	0.4083	0.9729	2.710
1644	0.4088	0.9731	2.695
1645	0.4082	0.9734	2.658
1646	0.4036	0.9749	2.505
1647	0.4025	0.9754	2.460
1648	0.4038	0.9749	2.510
1649	0.4106	0.9722	2.777
1650	0.4085	0.9731	2.695
1651	0.4093	0.9731	2.693
1652	0.4114	0.9720	2.805
1653	0.4096	0.9724	2.759
1654	0.4066	0.9740	2.605
1655	0.4056	0.9746	2.535
1656	0.4097	0.9728	2.716
1657	0.4067	0.9738	2.622
1658	0.4009	0.9760	2.395
1659	0.4079	0.9736	2.643
1660	0.4111	0.9725	2.751
1661	0.4111	0.9724	2.761
1662	0.3971	0.9779	2.214
1663	0.4045	0.9752	2.475
1664	0.4115	0.9718	2.820
1665	0.4099	0.9726	2.741
1666	0.4070	0.9735	2.651
1667	0.4104	0.9724	2.759
1668	0.4112	0.9717	2.825
1669	0.4099	0.9728	2.715
1670	0.4098	0.9727	2.726
1671	0.4121	0.9717	2.827
1672	0.4099	0.9727	2.732
1673	0.4090	0.9730	2.705
1674	0.4089	0.9732	2.676
1675	0.4079	0.9736	2.638
1676	0.4104	0.9723	2.775
1677	0.4054	0.9742	2.580
1678	0.4081	0.9730	2.701
1679	0.3949	0.9792	2.080
1680	0.4030	0.9755	2.445
1681	0.4077	0.9733	2.675
1682	0.4007	0.9765	2.353
1683	0.4056	0.9741	2.594
1684	0.4093	0.9729	2.707
1685	0.4088	0.9730	2.697
1686	0.4117	0.9718	2.818
1687	0.4086	0.9734	2.662
1688	0.4098	0.9729	2.714
1689	0.4063	0.9739	2.606
1690	0.4040	0.9748	2.522
1691	0.4091	0.9723	2.767
1692	0.4074	0.9735	2.649
1693	0.4091	0.9723	2.767
1694	0.4088	0.9732	2.676
1695	0.4086	0.9734	2.662
1696	0.4104	0.9723	2.774
1697	0.4058	0.9746	2.539
1698	0.4099	0.9723	2.769
1699	0.4044	0.9748	2.522
1700	0.3948	0.9796	2.040
1701	0.4043	0.9748	2.515
1702	0.4093	0.9729	2.707
1703	0.4071	0.9735	2.649
1704	0.4094	0.9722	2.781
1705	0.4097	0.9728	2.716
1706	0.4105	0.9723	2.769
1707	0.4108	0.9723	2.774
1708	0.3948	0.9794	2.057
1709	0.4099	0.9727	2.734
1710	0.4107	0.9721	2.785
1711	0.3931	0.9802	1.984
1712	0.4065	0.9740	2.605
1713	0.4025	0.9753	2.467
1714	0.3974	0.9784	2.163
1715	0.3949	0.9792	2.082
1716	0.4087	0.9731	2.694
1717	0.4111	0.9724	2.760
1718	0.4120	0.9717	2.829
1719	0.4081	0.9730	2.705
1720	0.4116	0.9718	2.820
1721	0.4007	0.9765	2.353
1722	0.4099	0.9726	2.742
1723	0.4090	0.9729	2.707
1724	0.4102	0.9724	2.761
1725	0.4053	0.9747	2.535
1726	0.4092	0.9731	2.694
1727	0.4079	0.9736	2.640
1728	0.4064	0.9739	2.609
1729	0.4087	0.9730	2.697
1730	0.4076	0.9732	2.677
1731	0.4055	0.9747	2.535
1732	0.4088	0.9731	2.695
1733	0.4090	0.9728	2.721
1734	0.4084	0.9734	2.663
1735	0.4096	0.9727	2.729
1736	0.4049	0.9743	2.572
1737	0.3950	0.9794	2.059
1738	0.4045	0.9752	2.476
1739	0.4098	0.9727	2.726
1740	0.4037	0.9749	2.507
1741	0.4037	0.9749	2.513
1742	0.4041	0.9752	2.475
1743	0.4087	0.9728	2.721
1744	0.4124	0.9712	2.883
1745	0.4104	0.9724	2.758
1746	0.4009	0.9760	2.397
1747	0.4063	0.9739	2.605
1748	0.4062	0.9742	2.584
1749	0.4111	0.9725	2.748
1750	0.4082	0.9729	2.710
1751	0.4030	0.9755	2.446
1752	0.4077	0.9735	2.651
1753	0.4114	0.9720	2.800
1754	0.4101	0.9727	2.732
1755	0.4024	0.9754	2.460
1756	0.4098	0.9728	2.721
1757	0.4105	0.9722	2.776
1758	0.4036	0.9749	2.506
1759	0.4040	0.9748	2.522
1760	0.3961	0.9785	2.147
1761	0.4081	0.9730	2.702
1762	0.4105	0.9724	2.759
1763	0.4052	0.9747	2.531
1764	0.4108	0.9720	2.802
1765	0.4098	0.9726	2.739
1766	0.3970	0.9779	2.213
1767	0.4056	0.9749	2.514
1768	0.4085	0.9732	2.680
1769	0.4086	0.9735	2.655
1770	0.4088	0.9730	2.700
1771	0.4081	0.9733	2.673
1772	0.4070	0.9735	2.652
1773	0.4084	0.9731	2.693
1774	0.4099	0.9729	2.713
1775	0.4082	0.9734	2.658
1776	0.4074	0.9739	2.609
1777	0.4053	0.9742	2.581
1778	0.4067	0.9738	2.622
1779	0.4090	0.9730	2.697
1780	0.4077	0.9732	2.682
1781	0.4056	0.9741	2.595
1782	0.4078	0.9736	2.643
1783	0.4112	0.9718	2.822
1784	0.4113	0.9717	2.830
1785	0.3987	0.9775	2.254
1786	0.4098	0.9728	2.715
1787	0.4106	0.9722	2.778
1788	0.4078	0.9736	2.643
1789	0.4095	0.9724	2.758
1790	0.4114	0.9718	2.820
1791	0.4101	0.9726	2.741
1792	0.4097	0.9729	2.714
1793	0.4063	0.9739	2.609
1794	0.4108	0.9720	2.800
1795	0.4058	0.9746	2.539
1796	0.3947	0.9794	2.057
1797	0.4116	0.9718	2.818
1798	0.4082	0.9729	2.710
1799	0.4062	0.9741	2.585
1800	0.4105	0.9722	2.776
1801	0.4110	0.9725	2.748
1802	0.4090	0.9729	2.706
1803	0.4043	0.9748	2.522
1804	0.4045	0.9752	2.476
1805	0.4056	0.9741	2.594
1806	0.4084	0.9734	2.663
1807	0.4095	0.9724	2.758
1808	0.4090	0.9723	2.765
1809	0.4055	0.9747	2.533
1810	0.4040	0.9753	2.475
1811	0.3987	0.9775	2.254
1812	0.4098	0.9727	2.732
1813	0.4007	0.9765	2.353
1814	0.4074	0.9739	2.609
1815	0.4067	0.9738	2.622
1816	0.4090	0.9728	2.723
1817	0.4081	0.9734	2.656
1818	0.4081	0.9733	2.672
1819	0.4088	0.9732	2.677
1820	0.4055	0.9749	2.512
1821	0.4102	0.9724	2.760
1822	0.4069	0.9735	2.652
1823	0.4089	0.9731	2.695
1824	0.4077	0.9735	2.650
1825	0.4104	0.9723	2.767
1826	0.4084	0.9732	2.679
1827	0.4086	0.9735	2.650
1828	0.4111	0.9724	2.757
1829	0.4024	0.9753	2.471
1830	0.4036	0.9749	2.507
1831	0.4070	0.9735	2.648
1832	0.4065	0.9740	2.604
1833	0.4093	0.9722	2.779
1834	0.4076	0.9733	2.674
1835	0.3948	0.9796	2.041
1836	0.4113	0.9717	2.828
1837	0.4098	0.9728	2.715
1838	0.4043	0.9748	2.517
1839	0.4048	0.9743	2.572
1840	0.4098	0.9726	2.739
1841	0.3970	0.9778	2.215
1842	0.4074	0.9735	2.650
1843	0.4077	0.9732	2.683
1844	0.3961	0.9785	2.147
1845	0.4103	0.9724	2.757
1846	0.4078	0.9736	2.644
1847	0.4039	0.9748	2.522
1848	0.4086	0.9731	2.691
1849	0.4120	0.9717	2.827
1850	0.4037	0.9749	2.507
1851	0.4080	0.9730	2.704
1852	0.4078	0.9736	2.639
1853	0.4099	0.9723	2.769
1854	0.4100	0.9727	2.732
1855	0.4086	0.9728	2.721
1856	0.4106	0.9722	2.776
1857	0.4114	0.9718	2.818
1858	0.4087	0.9730	2.696
1859	0.4107	0.9723	2.774
1860	0.3949	0.9794	2.059
1861	0.4095	0.9727	2.729
1862	0.4078	0.9736	2.643
1863	0.4037	0.9749	2.512
1864	0.4098	0.9729	2.714
1865	0.4029	0.9755	2.445
1866	0.4084	0.9731	2.693
1867	0.4097	0.9726	2.739
1868	0.4096	0.9728	2.717
1869	0.3930	0.9802	1.983
1870	0.4087	0.9731	2.694
1871	0.4097	0.9728	2.721
1872	0.4080	0.9730	2.701
1873	0.4113	0.9720	2.799
1874	0.4097	0.9727	2.727
1875	0.3948	0.9792	2.081
1876	0.4106	0.9721	2.787
1877	0.4053	0.9742	2.581
1878	0.4123	0.9712	2.881
1879	0.4097	0.9729	2.714
1880	0.4092	0.9729	2.708
1881	0.4091	0.9731	2.693
1882	0.4103	0.9723	2.774
1883	0.4051	0.9747	2.532
1884	0.4008	0.9760	2.397
1885	0.4104	0.9724	2.760
1886	0.4088	0.9730	2.700
1887	0.4062	0.9739	2.606
1888	0.4111	0.9717	2.826
1889	0.3973	0.9784	2.162
1890	0.4023	0.9754	2.459
1891	0.4085	0.9734	2.662
1892	0.4100	0.9726	2.740
1893	0.4052	0.9747	2.533
1894	0.4113	0.9720	2.800
1895	0.4098	0.9723	2.770
1896	0.4076	0.9735	2.651
1897	0.4035	0.9749	2.506
1898	0.4080	0.9730	2.704
1899	0.4114	0.9718	2.820
1900	0.4089	0.9731	2.694
1901	0.4051	0.9747	2.533
1902	0.4097	0.9726	2.739
1903	0.4097	0.9727	2.727
1904	0.4104	0.9723	2.768
1905	0.4081	0.9733	2.671
1906	0.4081	0.9734	2.656
1907	0.4097	0.9728	2.723
1908	0.4082	0.9729	2.708
1909	0.4089	0.9728	2.723
1910	0.3961	0.9785	2.147
1911	0.4085	0.9735	2.651
1912	0.4087	0.9731	2.694
1913	0.4080	0.9730	2.701
1914	0.4048	0.9743	2.571
1915	0.4057	0.9746	2.537
1916	0.4052	0.9747	2.532
1917	0.4023	0.9754	2.461
1918	0.4103	0.9724	2.759
1919	0.4024	0.9753	2.471
1920	0.4107	0.9720	2.801
1921	0.3946	0.9794	2.057
1922	0.4100	0.9727	2.732
1923	0.4106	0.9721	2.785
1924	0.4098	0.9726	2.739
1925	0.4044	0.9752	2.476
1926	0.4064	0.9740	2.604
1927	0.4066	0.9738	2.622
1928	0.4106	0.9723	2.774
1929	0.4110	0.9724	2.759
1930	0.4095	0.9728	2.716
1931	0.4097	0.9729	2.714
1932	0.4098	0.9727	2.730
1933	0.4104	0.9724	2.759
1934	0.4100	0.9726	2.743
1935	0.4083	0.9734	2.664
1936	0.4123	0.9712	2.881
1937	0.3948	0.9792	2.080
1938	0.4094	0.9724	2.758
1939	0.4006	0.9765	2.352
1940	0.4086	0.9731	2.695
1941	0.4077	0.9736	2.645
1942	0.4085	0.9734	2.664
1943	0.4110	0.9725	2.749
1944	0.4040	0.9753	2.474
1945	0.4091	0.9729	2.708
1946	0.4077	0.9732	2.683
1947	0.4095	0.9727	2.728
1948	0.4073	0.9735	2.648
1949	0.4069	0.9735	2.651
1950	0.4112	0.9717	2.829
1951	0.4029	0.9755	2.445
1952	0.4087	0.9730	2.700
1953	0.4073	0.9739	2.607
1954	0.4091	0.9731	2.694
1955	0.4086	0.9731	2.691
1956	0.4111	0.9718	2.824
1957	0.4086	0.9728	2.718
1958	0.3947	0.9796	2.041
1959	0.4089	0.9724	2.765
1960	0.4055	0.9741	2.594
1961	0.4093	0.9722	2.779
1962	0.3986	0.9775	2.254
1963	0.4087	0.9732	2.677
1964	0.4062	0.9739	2.610
1965	0.3930	0.9802	1.983
1966	0.4036	0.9749	2.512
1967	0.4069	0.9735	2.650
1968	0.3949	0.9794	2.059
1969	0.4097	0.9728	2.716
1970	0.4103	0.9723	2.774
1971	0.4061	0.9739	2.606
1972	0.3969	0.9778	2.215
1973	0.4089	0.9729	2.706
1974	0.4119	0.9717	2.827
1975	0.4115	0.9718	2.818
1976	0.4052	0.9742	2.581
1977	0.4077	0.9736	2.639
1978	0.4105	0.9722	2.776
1979	0.4061	0.9742	2.585
1980	0.4042	0.9748	2.518
1981	0.4101	0.9724	2.762
1982	0.4036	0.9749	2.507
1983	0.4104	0.9723	2.774
1984	0.4042	0.9748	2.522
1985	0.4038	0.9748	2.522
1986	0.4084	0.9732	2.679
1987	0.4077	0.9736	2.643
1988	0.3972	0.9784	2.162
1989	0.4097	0.9729	2.712
1990	0.4007	0.9760	2.395
1991	0.4055	0.9749	2.514
1992	0.4054	0.9747	2.535
1993	0.4075	0.9732	2.677
1994	0.4083	0.9731	2.693
1995	0.4100	0.9726	2.740
1996	0.4112	0.9717	2.829
1997	0.4061	0.9739	2.606
1998	0.4097	0.9726	2.741
1999	0.4097	0.9729	2.713
