0	0.4106	0.9720	2.802
1	0.3947	0.9796	2.040
2	0.4097	0.9727	2.734
3	0.4080	0.9733	2.672
4	0.4069	0.9735	2.649
5	0.4112	0.9720	2.800
6	0.4096	0.9729	2.715
7	0.3960	0.9785	2.147
8	0.4104	0.9722	2.775
9	0.3972	0.9784	2.162
10	0.4110	0.9718	2.821
11	0.4036	0.9749	2.513
12	0.4097	0.9729	2.712
13	0.4109	0.9725	2.751
14	0.4077	0.9736	2.644
15	0.4089	0.9729	2.705
16	0.4105	0.9721	2.786
17	0.4052	0.9747	2.533
18	0.4110	0.9724	2.760
19	0.4091	0.9731	2.693
20	0.4123	0.9712	2.882
21	0.4042	0.9748	2.522
22	0.4103	0.9723	2.768
23	0.4047	0.9743	2.571
24	0.4061	0.9739	2.606
25	0.4112	0.9717	2.830
26	0.4102	0.9723	2.774
27	0.4083	0.9734	2.663
28	0.4068	0.9735	2.652
29	0.3929	0.9802	1.984
30	0.4073	0.9735	2.650
31	0.4105	0.9722	2.777
32	0.3948	0.9794	2.059
33	0.4097	0.9728	2.721
34	0.4095	0.9728	2.716
35	0.4079	0.9730	2.702
36	0.4102	0.9724	2.758
37	0.3947	0.9792	2.081
38	0.4039	0.9752	2.475
39	0.4083	0.9732	2.679
40	0.4028	0.9755	2.445
41	0.4096	0.9726	2.739
42	0.4005	0.9765	2.353
43	0.4088	0.9730	2.696
44	0.4065	0.9738	2.622
45	0.3985	0.9775	2.254
46	0.4084	0.9735	2.655
47	0.4061	0.9741	2.585
48	0.4051	0.9747	2.531
49	0.4086	0.9730	2.699
50	0.4075	0.9735	2.651
51	0.4115	0.9718	2.818
52	0.4038	0.9748	2.522
53	0.4094	0.9727	2.728
54	0.4043	0.9752	2.476
55	0.4096	0.9727	2.727
56	0.4034	0.9749	2.507
57	0.4084	0.9734	2.662
58	0.4094	0.9724	2.757
59	0.4085	0.9731	2.691
60	0.4119	0.9717	2.826
61	0.4052	0.9742	2.581
62	0.4089	0.9723	2.766
63	0.4106	0.9723	2.774
64	0.4054	0.9747	2.534
65	0.4054	0.9741	2.594
66	0.4101	0.9724	2.762
67	0.4075	0.9733	2.675
68	0.4080	0.9734	2.655
69	0.4086	0.9732	2.677
70	0.4098	0.9723	2.768
71	0.4023	0.9753	2.471
72	0.4088	0.9728	2.723
73	0.4097	0.9729	2.713
74	0.4054	0.9749	2.511
75	0.4086	0.9731	2.694
76	0.4085	0.9728	2.718
77	0.4092	0.9722	2.779
78	0.4099	0.9726	2.743
79	0.4077	0.9736	2.643
80	0.4076	0.9732	2.682
81	0.4062	0.9739	2.610
82	0.4035	0.9749	2.507
83	0.3946	0.9794	2.057
84	0.4041	0.9748	2.518
85	0.4091	0.9729	2.708
86	0.4077	0.9736	2.637
87	0.4097	0.9726	2.739
88	0.4022	0.9754	2.461
89	0.4099	0.9727	2.734
90	0.4081	0.9729	2.709
91	0.4073	0.9739	2.608
92	0.4079	0.9730	2.704
93	0.4063	0.9740	2.604
94	0.3969	0.9778	2.216
95	0.4056	0.9746	2.537
96	0.4113	0.9718	2.818
97	0.4094	0.9724	2.758
98	0.4105	0.9721	2.787
99	0.4106	0.9720	2.800
100	0.4074	0.9733	2.675
101	0.4034	0.9749	2.506
102	0.4038	0.9748	2.522
103	0.4086	0.9732	2.677
104	0.4056	0.9746	2.537
105	0.4081	0.9729	2.709
106	0.3946	0.9796	2.041
107	0.4076	0.9732	2.683
108	0.4088	0.9728	2.721
109	0.4103	0.9722	2.776
110	0.4100	0.9724	2.762
111	0.4088	0.9730	2.695
112	0.4088	0.9730	2.704
113	0.4061	0.9739	2.606
114	0.4096	0.9726	2.738
115	0.4072	0.9735	2.647
116	0.4109	0.9724	2.759
117	0.3968	0.9778	2.216
118	0.3947	0.9792	2.080
119	0.4051	0.9747	2.532
120	0.4102	0.9723	2.774
121	0.4063	0.9740	2.604
122	0.4075	0.9735	2.649
123	0.4105	0.9723	2.775
124	0.3929	0.9802	1.982
125	0.4007	0.9760	2.397
126	0.4122	0.9712	2.881
127	0.3960	0.9785	2.146
128	0.4094	0.9727	2.729
129	0.4104	0.9722	2.776
130	0.4035	0.9749	2.506
131	0.4097	0.9729	2.715
132	0.4072	0.9739	2.608
133	0.3948	0.9794	2.059
134	0.4112	0.9720	2.798
135	0.4082	0.9734	2.664
136	0.4096	0.9727	2.727
137	0.4043	0.9752	2.475
138	0.4076	0.9736	2.645
139	0.4022	0.9754	2.461
140	0.4090	0.9731	2.694
141	0.4114	0.9718	2.817
142	0.3985	0.9775	2.255
143	0.4096	0.9728	2.722
144	0.4023	0.9753	2.471
145	0.4080	0.9734	2.655
146	0.4097	0.9726	2.739
147	0.4050	0.9747	2.532
148	0.4103	0.9724	2.760
149	0.4068	0.9735	2.651
150	0.4061	0.9739	2.610
151	0.4054	0.9749	2.512
152	0.4118	0.9717	2.826
153	0.4077	0.9736	2.638
154	0.4079	0.9733	2.670
155	0.4035	0.9749	2.511
156	0.4097	0.9727	2.732
157	0.4085	0.9728	2.719
158	0.4097	0.9723	2.768
159	0.4060	0.9742	2.585
160	0.4041	0.9748	2.516
161	0.4094	0.9728	2.715
162	0.4095	0.9729	2.714
163	0.4065	0.9738	2.620
164	0.4088	0.9724	2.763
165	0.4083	0.9732	2.677
166	0.4092	0.9722	2.778
167	0.4084	0.9735	2.650
168	0.4096	0.9729	2.713
169	0.4086	0.9730	2.700
170	0.4111	0.9717	2.828
171	0.4068	0.9735	2.647
172	0.4076	0.9736	2.642
173	0.4102	0.9723	2.766
174	0.4084	0.9734	2.664
175	0.4078	0.9730	2.700
176	0.4112	0.9718	2.818
177	0.4027	0.9755	2.446
178	0.4047	0.9743	2.573
179	0.4101	0.9724	2.760
180	0.4085	0.9731	2.695
181	0.4053	0.9747	2.531
182	0.4099	0.9727	2.732
183	0.4039	0.9752	2.475
184	0.4086	0.9731	2.695
185	0.4090	0.9729	2.708
186	0.3945	0.9794	2.058
187	0.4082	0.9731	2.690
188	0.4051	0.9742	2.580
189	0.4084	0.9731	2.691
190	0.4078	0.9730	2.704
191	0.4108	0.9725	2.748
192	0.4109	0.9717	2.826
193	0.4054	0.9741	2.594
194	0.4041	0.9748	2.521
195	0.4099	0.9726	2.742
196	0.3972	0.9784	2.161
197	0.4005	0.9765	2.353
198	0.4065	0.9738	2.622
199	0.4034	0.9749	2.505
200	0.4068	0.9735	2.648
201	0.4118	0.9717	2.828
202	0.4078	0.9730	2.702
203	0.4104	0.9722	2.779
204	0.4093	0.9724	2.759
205	0.4096	0.9729	2.713
206	0.3928	0.9802	1.984
207	0.4093	0.9727	2.728
208	0.4096	0.9728	2.721
209	0.4095	0.9728	2.724
210	0.4114	0.9718	2.819
211	0.4022	0.9754	2.460
212	0.4060	0.9739	2.605
213	0.4105	0.9720	2.801
214	0.4122	0.9712	2.882
215	0.3947	0.9794	2.059
216	0.4076	0.9736	2.642
217	0.4088	0.9729	2.705
218	0.4004	0.9765	2.353
219	0.4079	0.9733	2.672
220	0.4056	0.9746	2.540
221	0.4084	0.9731	2.691
222	0.4053	0.9749	2.511
223	0.4083	0.9734	2.662
224	0.4099	0.9726	2.741
225	0.4087	0.9728	2.721
226	0.4075	0.9732	2.683
227	0.3959	0.9785	2.147
228	0.4043	0.9752	2.475
229	0.4037	0.9748	2.522
230	0.4074	0.9732	2.677
231	0.4109	0.9718	2.823
232	0.4101	0.9723	2.774
233	0.4035	0.9749	2.514
234	0.4103	0.9723	2.775
235	0.4061	0.9739	2.608
236	0.3945	0.9794	2.056
237	0.3946	0.9796	2.041
238	0.4038	0.9753	2.475
239	0.4088	0.9723	2.771
240	0.4076	0.9736	2.643
241	0.4085	0.9728	2.722
242	0.4071	0.9735	2.648
243	0.4087	0.9730	2.696
244	0.4051	0.9742	2.578
245	0.4006	0.9760	2.395
246	0.4086	0.9730	2.701
247	0.4085	0.9731	2.694
248	0.3968	0.9779	2.214
249	0.4086	0.9733	2.674
250	0.4078	0.9729	2.705
251	0.4054	0.9741	2.594
252	0.4090	0.9729	2.709
253	0.4072	0.9739	2.610
254	0.4098	0.9727	2.734
255	0.4094	0.9728	2.717
256	0.4051	0.9747	2.535
257	0.4095	0.9729	2.714
258	0.4082	0.9732	2.679
259	0.4084	0.9730	2.699
260	0.3984	0.9775	2.254
261	0.4067	0.9735	2.651
262	0.4089	0.9731	2.693
263	0.4108	0.9724	2.760
264	0.4091	0.9722	2.781
265	0.4082	0.9734	2.663
266	0.4027	0.9756	2.445
267	0.4022	0.9753	2.467
268	0.4074	0.9735	2.652
269	0.3971	0.9784	2.162
270	0.4097	0.9723	2.770
271	0.4083	0.9734	2.655
272	0.4082	0.9731	2.694
273	0.4034	0.9749	2.509
274	0.4046	0.9743	2.570
275	0.4062	0.9739	2.606
276	0.4052	0.9746	2.536
277	0.4105	0.9723	2.772
278	0.4102	0.9723	2.769
279	0.4096	0.9728	2.715
280	0.4040	0.9748	2.516
281	0.4079	0.9734	2.658
282	0.4060	0.9741	2.585
283	0.4099	0.9724	2.761
284	0.4096	0.9726	2.740
285	0.4076	0.9736	2.640
286	0.4111	0.9717	2.830
287	0.4112	0.9718	2.820
288	0.4111	0.9720	2.800
289	0.3946	0.9792	2.082
290	0.4108	0.9725	2.749
291	0.4096	0.9727	2.733
292	0.4104	0.9721	2.785
293	0.4101	0.9724	2.758
294	0.4041	0.9748	2.522
295	0.4049	0.9747	2.532
296	0.4080	0.9729	2.709
297	0.4102	0.9724	2.759
298	0.4095	0.9726	2.738
299	0.4027	0.9756	2.445
300	0.4095	0.9728	2.715
301	0.4096	0.9726	2.740
302	0.3928	0.9802	1.983
303	0.4098	0.9726	2.741
304	0.4034	0.9749	2.507
305	0.4072	0.9739	2.609
306	0.4087	0.9730	2.705
307	0.4053	0.9749	2.512
308	0.4052	0.9747	2.534
309	0.4102	0.9722	2.775
310	0.4109	0.9717	2.826
311	0.4076	0.9736	2.638
312	0.4075	0.9736	2.642
313	0.4082	0.9732	2.680
314	0.4092	0.9724	2.757
315	0.4084	0.9730	2.695
316	0.4096	0.9729	2.713
317	0.4111	0.9717	2.828
318	0.4037	0.9748	2.522
319	0.4086	0.9730	2.699
320	0.4055	0.9746	2.537
321	0.4062	0.9740	2.604
322	0.4067	0.9735	2.651
323	0.3959	0.9785	2.147
324	0.4033	0.9749	2.506
325	0.4059	0.9742	2.585
326	0.4040	0.9748	2.517
327	0.4089	0.9729	2.708
328	0.4081	0.9734	2.663
329	0.4004	0.9765	2.353
330	0.4112	0.9718	2.818
331	0.4095	0.9727	2.727
332	0.4006	0.9760	2.397
333	0.4081	0.9731	2.692
334	0.4078	0.9733	2.672
335	0.4064	0.9738	2.623
336	0.4104	0.9723	2.774
337	0.4089	0.9731	2.693
338	0.3945	0.9796	2.041
339	0.4093	0.9727	2.729
340	0.4022	0.9753	2.469
341	0.4103	0.9721	2.786
342	0.4053	0.9741	2.595
343	0.4093	0.9728	2.716
344	0.4108	0.9724	2.759
345	0.4102	0.9723	2.766
346	0.4083	0.9734	2.663
347	0.4073	0.9733	2.675
348	0.4113	0.9718	2.818
349	0.3946	0.9792	2.081
350	0.4111	0.9720	2.798
351	0.4040	0.9748	2.522
352	0.4087	0.9728	2.722
353	0.4103	0.9722	2.776
354	0.4077	0.9730	2.701
355	0.4101	0.9723	2.774
356	0.4085	0.9731	2.694
357	0.3984	0.9775	2.254
358	0.4117	0.9717	2.826
359	0.4085	0.9732	2.677
360	0.4059	0.9739	2.606
361	0.4100	0.9724	2.760
362	0.4074	0.9732	2.683
363	0.4098	0.9727	2.733
364	0.4021	0.9754	2.461
365	0.4091	0.9722	2.780
366	0.4075	0.9736	2.644
367	0.4046	0.9743	2.571
368	0.4087	0.9723	2.765
369	0.4067	0.9735	2.649
370	0.4083	0.9731	2.691
371	0.4087	0.9731	2.693
372	0.4095	0.9727	2.732
373	0.3947	0.9794	2.059
374	0.4038	0.9752	2.475
375	0.4121	0.9712	2.882
376	0.4079	0.9734	2.655
377	0.4071	0.9735	2.649
378	0.4099	0.9724	2.762
379	0.4102	0.9724	2.759
380	0.4034	0.9749	2.514
381	0.3944	0.9794	2.056
382	0.4083	0.9735	2.655
383	0.4077	0.9730	2.704
384	0.4042	0.9752	2.475
385	0.4084	0.9728	2.721
386	0.3967	0.9779	2.214
387	0.4060	0.9739	2.608
388	0.4104	0.9720	2.803
389	0.4096	0.9723	2.769
390	0.4079	0.9729	2.710
391	0.4095	0.9729	2.713
392	0.4074	0.9735	2.651
393	0.4095	0.9728	2.721
394	0.4107	0.9725	2.748
395	0.4050	0.9747	2.530
396	0.4049	0.9747	2.532
397	0.4095	0.9726	2.737
398	0.3970	0.9784	2.161
399	0.4050	0.9742	2.582
400	0.4095	0.9729	2.713
401	0.4074	0.9735	2.651
402	0.4095	0.9726	2.738
403	0.4121	0.9712	2.883
404	0.4085	0.9733	2.675
405	0.4087	0.9730	2.704
406	0.4117	0.9717	2.826
407	0.4084	0.9728	2.721
408	0.3970	0.9784	2.162
409	0.4085	0.9730	2.699
410	0.4045	0.9743	2.571
411	0.4075	0.9736	2.644
412	0.4021	0.9753	2.468
413	0.4083	0.9735	2.655
414	0.4052	0.9747	2.534
415	0.4062	0.9740	2.604
416	0.4089	0.9731	2.693
417	0.4063	0.9738	2.623
418	0.3983	0.9775	2.254
419	0.4094	0.9728	2.723
420	0.4108	0.9718	2.824
421	0.4081	0.9731	2.693
422	0.4095	0.9726	2.741
423	0.3944	0.9794	2.056
424	0.4075	0.9736	2.640
425	0.4067	0.9735	2.649
426	0.4101	0.9724	2.759
427	0.4086	0.9728	2.721
428	0.4079	0.9729	2.710
429	0.4094	0.9728	2.715
430	0.4060	0.9739	2.609
431	0.4100	0.9723	2.774
432	0.4089	0.9729	2.706
433	0.4053	0.9740	2.595
434	0.4103	0.9721	2.786
435	0.4095	0.9727	2.732
436	0.4084	0.9730	2.697
437	0.4095	0.9729	2.714
438	0.3945	0.9796	2.041
439	0.4097	0.9727	2.732
440	0.3945	0.9792	2.081
441	0.3927	0.9802	1.984
442	0.4050	0.9742	2.581
443	0.4070	0.9735	2.649
444	0.4107	0.9725	2.751
445	0.4101	0.9723	2.769
446	0.4110	0.9717	2.830
447	0.4059	0.9742	2.585
448	0.4113	0.9718	2.818
449	0.4005	0.9760	2.397
450	0.4110	0.9720	2.800
451	0.4034	0.9749	2.507
452	0.4050	0.9747	2.531
453	0.4082	0.9734	2.662
454	0.3946	0.9794	2.060
455	0.4048	0.9747	2.531
456	0.4081	0.9734	2.663
457	0.4066	0.9735	2.651
458	0.4071	0.9739	2.609
459	0.4054	0.9746	2.539
460	0.4040	0.9748	2.522
461	0.4081	0.9732	2.679
462	0.4083	0.9731	2.691
463	0.4104	0.9720	2.803
464	0.4034	0.9749	2.513
465	0.4074	0.9732	2.682
466	0.4100	0.9724	2.759
467	0.4073	0.9732	2.677
468	0.4020	0.9754	2.459
469	0.4059	0.9739	2.605
470	0.4078	0.9734	2.658
471	0.4084	0.9731	2.694
472	0.4090	0.9722	2.781
473	0.4094	0.9728	2.721
474	0.4102	0.9722	2.775
475	0.4037	0.9753	2.475
476	0.4086	0.9730	2.698
477	0.4095	0.9723	2.769
478	0.4052	0.9749	2.512
479	0.4077	0.9730	2.704
480	0.4097	0.9726	2.741
481	0.4107	0.9724	2.759
482	0.4092	0.9727	2.729
483	0.4111	0.9718	2.818
484	0.4093	0.9728	2.717
485	0.3958	0.9785	2.147
486	0.4102	0.9722	2.776
487	0.4077	0.9730	2.701
488	0.4087	0.9723	2.765
489	0.4092	0.9724	2.756
490	0.4041	0.9752	2.476
491	0.4036	0.9748	2.522
492	0.4075	0.9736	2.644
493	0.4026	0.9756	2.445
494	0.4078	0.9733	2.672
495	0.4032	0.9749	2.506
496	0.4104	0.9723	2.774
497	0.4098	0.9724	2.762
498	0.4039	0.9748	2.516
499	0.3966	0.9778	2.216
500	0.4003	0.9765	2.353
501	0.3943	0.9794	2.056
502	0.4112	0.9718	2.819
503	0.4095	0.9723	2.770
504	0.4060	0.9739	2.608
505	0.4081	0.9732	2.679
506	0.3945	0.9792	2.082
507	0.4120	0.9712	2.884
508	0.4082	0.9735	2.655
509	0.4048	0.9747	2.531
510	0.4080	0.9734	2.663
511	0.4094	0.9728	2.724
512	0.4103	0.9721	2.786
513	0.4101	0.9723	2.768
514	0.4074	0.9732	2.682
515	0.4041	0.9752	2.475
516	0.4005	0.9760	2.397
517	0.4102	0.9722	2.776
518	0.4107	0.9725	2.749
519	0.4077	0.9730	2.701
520	0.4039	0.9748	2.516
521	0.4003	0.9765	2.353
522	0.4101	0.9722	2.776
523	0.4116	0.9717	2.827
524	0.4049	0.9747	2.530
525	0.4083	0.9730	2.697
526	0.4094	0.9728	2.722
527	0.4075	0.9736	2.638
528	0.4059	0.9739	2.606
529	0.4037	0.9753	2.474
530	0.4095	0.9727	2.732
531	0.4095	0.9729	2.714
532	0.4084	0.9732	2.676
533	0.4020	0.9754	2.461
534	0.4095	0.9726	2.739
535	0.4049	0.9742	2.580
536	0.4097	0.9727	2.733
537	0.4033	0.9749	2.511
538	0.3944	0.9796	2.041
539	0.4074	0.9736	2.642
540	0.3970	0.9784	2.161
541	0.4073	0.9735	2.652
542	0.4099	0.9724	2.758
543	0.4110	0.9720	2.801
544	0.4080	0.9731	2.694
545	0.4082	0.9734	2.663
546	0.3966	0.9779	2.213
547	0.4084	0.9730	2.701
548	0.4100	0.9723	2.774
549	0.4101	0.9724	2.759
550	0.4086	0.9730	2.705
551	0.4086	0.9723	2.769
552	0.4035	0.9748	2.521
553	0.4091	0.9724	2.759
554	0.4058	0.9741	2.585
555	0.4077	0.9733	2.672
556	0.4110	0.9718	2.821
557	0.4070	0.9739	2.609
558	0.3983	0.9775	2.254
559	0.4082	0.9731	2.691
560	0.4109	0.9717	2.830
561	0.4093	0.9728	2.715
562	0.4086	0.9728	2.722
563	0.4033	0.9749	2.506
564	0.4063	0.9738	2.623
565	0.4052	0.9749	2.511
566	0.4088	0.9729	2.707
567	0.3927	0.9802	1.983
568	0.4107	0.9724	2.760
569	0.4088	0.9731	2.692
570	0.4070	0.9735	2.649
571	0.4078	0.9734	2.655
572	0.4108	0.9718	2.825
573	0.3946	0.9794	2.060
574	0.4066	0.9735	2.648
575	0.4084	0.9731	2.694
576	0.4083	0.9728	2.721
577	0.4103	0.9720	2.801
578	0.4090	0.9722	2.781
579	0.4054	0.9746	2.539
580	0.4076	0.9730	2.704
581	0.4092	0.9728	2.717
582	0.3957	0.9785	2.147
583	0.4097	0.9726	2.741
584	0.4074	0.9736	2.643
585	0.4103	0.9723	2.774
586	0.4092	0.9727	2.729
587	0.4072	0.9732	2.676
588	0.4020	0.9753	2.470
589	0.4094	0.9726	2.738
590	0.4098	0.9724	2.762
591	0.4052	0.9741	2.594
592	0.4094	0.9729	2.713
593	0.4051	0.9747	2.533
594	0.4044	0.9743	2.571
595	0.4078	0.9729	2.708
596	0.4085	0.9731	2.694
597	0.4025	0.9756	2.445
598	0.4061	0.9740	2.604
599	0.4065	0.9735	2.652
600	0.4032	0.9749	2.506
601	0.4039	0.9748	2.522
602	0.4097	0.9726	2.741
603	0.4084	0.9730	2.699
604	0.4091	0.9727	2.729
605	0.4041	0.9752	2.475
606	0.4103	0.9723	2.774
607	0.4102	0.9721	2.787
608	0.4065	0.9735	2.652
609	0.4033	0.9749	2.513
610	0.4088	0.9729	2.707
611	0.4093	0.9729	2.715
612	0.4082	0.9731	2.691
613	0.4066	0.9735	2.650
614	0.4094	0.9728	2.722
615	0.4080	0.9731	2.692
616	0.4085	0.9731	2.695
617	0.4051	0.9747	2.534
618	0.4035	0.9748	2.523
619	0.4093	0.9726	2.737
620	0.4086	0.9723	2.765
621	0.4101	0.9722	2.775
622	0.4107	0.9718	2.825
623	0.4109	0.9717	2.827
624	0.4098	0.9724	2.761
625	0.4096	0.9727	2.733
626	0.4099	0.9724	2.759
627	0.3957	0.9785	2.147
628	0.4112	0.9718	2.818
629	0.4076	0.9730	2.701
630	0.4083	0.9731	2.695
631	0.4047	0.9747	2.532
632	0.4081	0.9734	2.663
633	0.4049	0.9747	2.531
634	0.4058	0.9742	2.584
635	0.4060	0.9740	2.603
636	0.4069	0.9735	2.647
637	0.4083	0.9732	2.676
638	0.4076	0.9730	2.703
639	0.4059	0.9739	2.611
640	0.4051	0.9749	2.511
641	0.4106	0.9724	2.758
642	0.4004	0.9760	2.397
643	0.4062	0.9738	2.620
644	0.4102	0.9722	2.777
645	0.4070	0.9739	2.606
646	0.4094	0.9727	2.731
647	0.4072	0.9735	2.648
648	0.4100	0.9724	2.759
649	0.3982	0.9775	2.254
650	0.4020	0.9753	2.471
651	0.4038	0.9748	2.517
652	0.4080	0.9732	2.678
653	0.4093	0.9727	2.726
654	0.4051	0.9741	2.594
655	0.4094	0.9728	2.715
656	0.4036	0.9753	2.474
657	0.4100	0.9723	2.768
658	0.4074	0.9736	2.643
659	0.4089	0.9722	2.780
660	0.4087	0.9731	2.695
661	0.3966	0.9779	2.215
662	0.4025	0.9755	2.445
663	0.4109	0.9720	2.798
664	0.4092	0.9728	2.716
665	0.3945	0.9794	2.059
666	0.3943	0.9794	2.056
667	0.4019	0.9754	2.460
668	0.3943	0.9796	2.041
669	0.4119	0.9712	2.882
670	0.4094	0.9728	2.716
671	0.4103	0.9720	2.801
672	0.4077	0.9734	2.655
673	0.4094	0.9723	2.769
674	0.3969	0.9784	2.160
675	0.4099	0.9723	2.774
676	0.4058	0.9740	2.605
677	0.4074	0.9736	2.640
678	0.4073	0.9732	2.682
679	0.4077	0.9733	2.671
680	0.4082	0.9730	2.698
681	0.4074	0.9736	2.643
682	0.4053	0.9746	2.539
683	0.4106	0.9725	2.748
684	0.4081	0.9735	2.652
685	0.4039	0.9748	2.522
686	0.4078	0.9729	2.708
687	0.4085	0.9728	2.721
688	0.4002	0.9765	2.353
689	0.4091	0.9724	2.758
690	0.4085	0.9730	2.705
691	0.3944	0.9792	2.081
692	0.4044	0.9743	2.571
693	0.4048	0.9742	2.581
694	0.4115	0.9717	2.827
695	0.4082	0.9728	2.721
696	0.4080	0.9734	2.663
697	0.3926	0.9802	1.983
698	0.4094	0.9726	2.741
699	0.4110	0.9718	2.820
700	0.4032	0.9749	2.507
701	0.4071	0.9732	2.677
702	0.4031	0.9749	2.506
703	0.4066	0.9735	2.648
704	0.4076	0.9730	2.702
705	0.4077	0.9733	2.672
706	0.4088	0.9729	2.707
707	0.4096	0.9727	2.733
708	0.4099	0.9723	2.775
709	0.4019	0.9754	2.459
710	0.3965	0.9779	2.214
711	0.3926	0.9802	1.985
712	0.3943	0.9796	2.041
713	0.4093	0.9728	2.722
714	0.4100	0.9723	2.770
715	0.4025	0.9756	2.445
716	0.4079	0.9731	2.695
717	0.4094	0.9727	2.734
718	0.4058	0.9739	2.608
719	0.4086	0.9723	2.770
720	0.4073	0.9736	2.643
721	0.4109	0.9717	2.830
722	0.4077	0.9729	2.709
723	0.4102	0.9721	2.787
724	0.4094	0.9726	2.742
725	0.4099	0.9724	2.756
726	0.4081	0.9734	2.655
727	0.4082	0.9728	2.721
728	0.4040	0.9752	2.475
729	0.4072	0.9735	2.650
730	0.4094	0.9723	2.769
731	0.4036	0.9752	2.475
732	0.3944	0.9792	2.081
733	0.4038	0.9748	2.515
734	0.4094	0.9729	2.713
735	0.4096	0.9726	2.740
736	0.4080	0.9732	2.679
737	0.4057	0.9741	2.585
738	0.4069	0.9739	2.608
739	0.4085	0.9728	2.721
740	0.4091	0.9728	2.717
741	0.3969	0.9784	2.161
742	0.4048	0.9742	2.581
743	0.4047	0.9747	2.531
744	0.4062	0.9738	2.622
745	0.4111	0.9718	2.818
746	0.4060	0.9740	2.604
747	0.4091	0.9727	2.729
748	0.4038	0.9748	2.522
749	0.4082	0.9730	2.698
750	0.4069	0.9735	2.650
751	0.4019	0.9753	2.469
752	0.4107	0.9718	2.823
753	0.4106	0.9725	2.748
754	0.4101	0.9722	2.777
755	0.4093	0.9727	2.726
756	0.4093	0.9729	2.713
757	0.3942	0.9794	2.057
758	0.4109	0.9720	2.799
759	0.4100	0.9722	2.775
760	0.3956	0.9785	2.147
761	0.3945	0.9794	2.060
762	0.4100	0.9724	2.759
763	0.4087	0.9731	2.693
764	0.4034	0.9748	2.521
765	0.4119	0.9712	2.883
766	0.4051	0.9740	2.595
767	0.4072	0.9732	2.682
768	0.4002	0.9765	2.353
769	0.4081	0.9731	2.691
770	0.4043	0.9743	2.569
771	0.4085	0.9729	2.705
772	0.4057	0.9740	2.605
773	0.4089	0.9722	2.780
774	0.4051	0.9749	2.514
775	0.4093	0.9726	2.739
776	0.3982	0.9775	2.254
777	0.4053	0.9746	2.540
778	0.4092	0.9729	2.714
779	0.4076	0.9734	2.658
780	0.4075	0.9730	2.704
781	0.4090	0.9724	2.758
782	0.4082	0.9731	2.694
783	0.4032	0.9749	2.508
784	0.4064	0.9735	2.651
785	0.4031	0.9749	2.506
786	0.4073	0.9736	2.641
787	0.4050	0.9747	2.534
788	0.4102	0.9723	2.772
789	0.4097	0.9724	2.761
790	0.4109	0.9718	2.820
791	0.4106	0.9724	2.760
792	0.4032	0.9749	2.513
793	0.4083	0.9733	2.674
794	0.4048	0.9747	2.532
795	0.4003	0.9760	2.396
796	0.4102	0.9720	2.803
797	0.4071	0.9732	2.677
798	0.4083	0.9730	2.699
799	0.4079	0.9734	2.663
800	0.4115	0.9717	2.827
801	0.4084	0.9731	2.695
802	0.4073	0.9736	2.642
803	0.4081	0.9734	2.662
804	0.4072	0.9732	2.682
805	0.4057	0.9740	2.605
806	0.4032	0.9749	2.507
807	0.4082	0.9731	2.693
808	0.4076	0.9734	2.656
809	0.4093	0.9726	2.740
810	0.4064	0.9735	2.651
811	0.4101	0.9721	2.786
812	0.4093	0.9728	2.721
813	0.4087	0.9729	2.707
814	0.4085	0.9723	2.769
815	0.4092	0.9728	2.723
816	0.4105	0.9725	2.748
817	0.4099	0.9724	2.759
818	0.4037	0.9748	2.516
819	0.3943	0.9792	2.081
820	0.4087	0.9731	2.694
821	0.4071	0.9735	2.650
822	0.4096	0.9726	2.741
823	0.4034	0.9748	2.522
824	0.4043	0.9743	2.570
825	0.4075	0.9730	2.703
826	0.4032	0.9749	2.512
827	0.4035	0.9753	2.474
828	0.4047	0.9747	2.531
829	0.4102	0.9720	2.802
830	0.3956	0.9785	2.147
831	0.4084	0.9730	2.696
832	0.4098	0.9724	2.758
833	0.3944	0.9794	2.061
834	0.4068	0.9735	2.649
835	0.4090	0.9724	2.759
836	0.3925	0.9802	1.984
837	0.4073	0.9736	2.643
838	0.4079	0.9731	2.694
839	0.4098	0.9723	2.774
840	0.4108	0.9720	2.802
841	0.4088	0.9722	2.781
842	0.4080	0.9735	2.654
843	0.3965	0.9779	2.214
844	0.4039	0.9753	2.475
845	0.4018	0.9754	2.459
846	0.4080	0.9734	2.662
847	0.3942	0.9796	2.041
848	0.4083	0.9730	2.701
849	0.4097	0.9724	2.760
850	0.4084	0.9728	2.722
851	0.4111	0.9718	2.819
852	0.4084	0.9730	2.704
853	0.4092	0.9726	2.738
854	0.4095	0.9727	2.733
855	0.4092	0.9728	2.715
856	0.4050	0.9749	2.511
857	0.4065	0.9735	2.649
858	0.4073	0.9736	2.638
859	0.4001	0.9765	2.353
860	0.4082	0.9733	2.675
861	0.4081	0.9730	2.698
862	0.4115	0.9717	2.826
863	0.4050	0.9741	2.595
864	0.4100	0.9722	2.775
865	0.4048	0.9742	2.581
866	0.3968	0.9784	2.160
867	0.4038	0.9748	2.520
868	0.4090	0.9727	2.729
869	0.4061	0.9738	2.622
870	0.4019	0.9753	2.467
871	0.4099	0.9723	2.769
872	0.3941	0.9794	2.057
873	0.4003	0.9761	2.395
874	0.4093	0.9727	2.734
875	0.4079	0.9734	2.663
876	0.4049	0.9747	2.534
877	0.4057	0.9741	2.585
878	0.4118	0.9712	2.883
879	0.4052	0.9746	2.539
880	0.4091	0.9728	2.716
881	0.4075	0.9730	2.704
882	0.3981	0.9775	2.254
883	0.4024	0.9755	2.446
884	0.4102	0.9723	2.772
885	0.4076	0.9729	2.709
886	0.4093	0.9729	2.712
887	0.4100	0.9722	2.778
888	0.4081	0.9731	2.690
889	0.4070	0.9732	2.677
890	0.4069	0.9739	2.608
891	0.4059	0.9740	2.604
892	0.4108	0.9717	2.831
893	0.4073	0.9736	2.642
894	0.4030	0.9749	2.506
895	0.4081	0.9728	2.721
896	0.4076	0.9733	2.671
897	0.4047	0.9747	2.531
898	0.4093	0.9723	2.769
899	0.4109	0.9718	2.819
900	0.4079	0.9732	2.678
901	0.4058	0.9739	2.609
902	0.4105	0.9724	2.760
903	0.4106	0.9718	2.825
904	0.4093	0.9729	2.715
905	0.4099	0.9723	2.767
906	0.4081	0.9728	2.720
907	0.4092	0.9727	2.726
908	0.4001	0.9765	2.353
909	0.4099	0.9724	2.758
910	0.4043	0.9743	2.571
911	0.4114	0.9717	2.827
912	0.4095	0.9726	2.742
913	0.4088	0.9722	2.781
914	0.4101	0.9721	2.786
915	0.4084	0.9730	2.705
916	0.4052	0.9746	2.536
917	0.4106	0.9718	2.824
918	0.4100	0.9722	2.777
919	0.3981	0.9775	2.254
920	0.4057	0.9739	2.609
921	0.4098	0.9724	2.758
922	0.4076	0.9729	2.708
923	0.3942	0.9796	2.041
924	0.4059	0.9740	2.604
925	0.4019	0.9753	2.470
926	0.4110	0.9718	2.818
927	0.4057	0.9740	2.605
928	0.4118	0.9712	2.880
929	0.4082	0.9731	2.693
930	0.4096	0.9724	2.761
931	0.4076	0.9735	2.654
932	0.4105	0.9725	2.749
933	0.3955	0.9785	2.147
934	0.4037	0.9748	2.522
935	0.4049	0.9747	2.535
936	0.4098	0.9723	2.774
937	0.4068	0.9735	2.649
938	0.3925	0.9802	1.983
939	0.4031	0.9749	2.507
940	0.4093	0.9726	2.741
941	0.4047	0.9747	2.531
942	0.4090	0.9727	2.729
943	0.4102	0.9720	2.800
944	0.4092	0.9729	2.714
945	0.4031	0.9749	2.513
946	0.4064	0.9735	2.651
947	0.4064	0.9735	2.650
948	0.4093	0.9727	2.732
949	0.4068	0.9739	2.609
950	0.4018	0.9754	2.460
951	0.4081	0.9730	2.696
952	0.3941	0.9794	2.057
953	0.3943	0.9792	2.081
954	0.4086	0.9729	2.707
955	0.4084	0.9728	2.720
956	0.4070	0.9732	2.677
957	0.4075	0.9733	2.670
958	0.4080	0.9731	2.692
959	0.4107	0.9720	2.798
960	0.4089	0.9724	2.757
961	0.4080	0.9735	2.651
962	0.4082	0.9730	2.699
963	0.4072	0.9736	2.638
964	0.4084	0.9731	2.695
965	0.4078	0.9734	2.665
966	0.3964	0.9779	2.215
967	0.4071	0.9732	2.683
968	0.4080	0.9734	2.662
969	0.4090	0.9728	2.716
970	0.4086	0.9731	2.693
971	0.4061	0.9738	2.622
972	0.4074	0.9730	2.703
973	0.4050	0.9741	2.593
974	0.4101	0.9723	2.775
975	0.3944	0.9794	2.058
976	0.4074	0.9730	2.701
977	0.4046	0.9747	2.532
978	0.4092	0.9726	2.738
979	0.4023	0.9756	2.444
980	0.4039	0.9753	2.475
981	0.4099	0.9722	2.775
982	0.4047	0.9742	2.581
983	0.4078	0.9732	2.679
984	0.4078	0.9731	2.692
985	0.4092	0.9729	2.713
986	0.4049	0.9749	2.511
987	0.4072	0.9736	2.642
988	0.4094	0.9727	2.732
989	0.4082	0.9732	2.675
990	0.4072	0.9736	2.644
991	0.4056	0.9742	2.585
992	0.4093	0.9723	2.768
993	0.3967	0.9784	2.161
994	0.4034	0.9752	2.475
995	0.4033	0.9748	2.521
996	0.4107	0.9717	2.830
997	0.4091	0.9728	2.715
998	0.4030	0.9749	2.506
999	0.4037	0.9748	2.516
1000	0.4108	0.9718	2.819
1001	0.4002	0.9760	2.396
1002	0.4084	0.9723	2.769
1003	0.4092	0.9728	2.722
1004	0.4105	0.9724	2.760
1005	0.4070	0.9735	2.650
1006	0.4081	0.9731	2.694
1007	0.4047	0.9742	2.581
1008	0.4029	0.9749	2.506
1009	0.4108	0.9718	2.819
1010	0.4091	0.9728	2.724
1011	0.4110	0.9718	2.818
1012	0.4071	0.9732	2.682
1013	0.4098	0.9724	2.758
1014	0.4072	0.9736	2.642
1015	0.3942	0.9796	2.041
1016	0.4083	0.9728	2.721
1017	0.4031	0.9749	2.513
1018	0.4050	0.9740	2.595
1019	0.4051	0.9746	2.539
1020	0.4042	0.9743	2.569
1021	0.4118	0.9712	2.883
1022	0.4092	0.9729	2.714
1023	0.4091	0.9728	2.715
1024	0.4092	0.9728	2.721
1025	0.4034	0.9753	2.475
1026	0.4070	0.9735	2.650
1027	0.4018	0.9753	2.470
1028	0.4092	0.9727	2.733
1029	0.4092	0.9726	2.740
1030	0.4070	0.9732	2.676
1031	0.4064	0.9735	2.649
1032	0.4095	0.9726	2.741
1033	0.4080	0.9731	2.691
1034	0.4084	0.9723	2.765
1035	0.4114	0.9717	2.827
1036	0.4085	0.9731	2.693
1037	0.4058	0.9740	2.604
1038	0.4107	0.9717	2.827
1039	0.4067	0.9735	2.647
1040	0.4075	0.9733	2.670
1041	0.4033	0.9748	2.521
1042	0.4049	0.9747	2.533
1043	0.4038	0.9752	2.475
1044	0.4063	0.9735	2.651
1045	0.4091	0.9726	2.736
1046	0.3924	0.9802	1.984
1047	0.4080	0.9730	2.696
1048	0.4107	0.9720	2.797
1049	0.4092	0.9729	2.713
1050	0.4023	0.9756	2.445
1051	0.3967	0.9784	2.161
1052	0.4105	0.9718	2.823
1053	0.4072	0.9736	2.638
1054	0.4036	0.9749	2.515
1055	0.4099	0.9722	2.775
1056	0.4076	0.9729	2.708
1057	0.4090	0.9728	2.716
1058	0.4057	0.9739	2.609
1059	0.4030	0.9749	2.506
1060	0.4074	0.9730	2.702
1061	0.3943	0.9794	2.060
1062	0.4079	0.9735	2.654
1063	0.4083	0.9730	2.704
1064	0.4104	0.9724	2.761
1065	0.4078	0.9731	2.694
1066	0.4094	0.9727	2.734
1067	0.4089	0.9727	2.730
1068	0.4099	0.9722	2.777
1069	0.4068	0.9739	2.607
1070	0.4056	0.9739	2.606
1071	0.3980	0.9775	2.254
1072	0.4101	0.9723	2.773
1073	0.4072	0.9736	2.642
1074	0.4079	0.9734	2.661
1075	0.4078	0.9734	2.663
1076	0.4095	0.9724	2.762
1077	0.4098	0.9723	2.767
1078	0.4086	0.9729	2.708
1079	0.4075	0.9735	2.654
1080	0.4097	0.9724	2.758
1081	0.4082	0.9730	2.700
1082	0.4017	0.9754	2.461
1083	0.4056	0.9741	2.585
1084	0.3942	0.9792	2.081
1085	0.4000	0.9765	2.353
1086	0.4074	0.9730	2.704
1087	0.4101	0.9720	2.801
1088	0.4045	0.9747	2.532
1089	0.4097	0.9723	2.773
1090	0.4100	0.9721	2.787
1091	0.4083	0.9731	2.695
1092	0.4049	0.9749	2.511
1093	0.4104	0.9725	2.748
1094	0.4060	0.9738	2.620
1095	0.4002	0.9760	2.396
1096	0.4087	0.9722	2.780
1097	0.4080	0.9728	2.720
1098	0.4046	0.9747	2.530
1099	0.3963	0.9779	2.215
1100	0.4092	0.9723	2.768
1101	0.4078	0.9732	2.678
1102	0.3940	0.9794	2.056
1103	0.3955	0.9785	2.146
1104	0.4088	0.9724	2.757
1105	0.4081	0.9732	2.676
1106	0.4037	0.9748	2.521
1107	0.4071	0.9736	2.642
1108	0.4107	0.9717	2.828
1109	0.4060	0.9738	2.623
1110	0.4030	0.9749	2.514
1111	0.4089	0.9728	2.717
1112	0.4029	0.9749	2.506
1113	0.3943	0.9794	2.059
1114	0.4018	0.9753	2.468
1115	0.3924	0.9802	1.984
1116	0.4081	0.9730	2.700
1117	0.4085	0.9729	2.708
1118	0.4048	0.9747	2.534
1119	0.4088	0.9724	2.760
1120	0.4045	0.9747	2.531
1121	0.4077	0.9731	2.694
1122	0.4067	0.9739	2.607
1123	0.4117	0.9712	2.882
1124	0.4001	0.9760	2.395
1125	0.3967	0.9784	2.161
1126	0.4092	0.9727	2.734
1127	0.4091	0.9726	2.739
1128	0.4099	0.9722	2.779
1129	0.4046	0.9742	2.581
1130	0.4091	0.9728	2.715
1131	0.4078	0.9732	2.678
1132	0.4036	0.9748	2.520
1133	0.4075	0.9729	2.707
1134	0.4087	0.9722	2.780
1135	0.4083	0.9729	2.705
1136	0.4072	0.9736	2.640
1137	0.4081	0.9733	2.674
1138	0.4096	0.9724	2.758
1139	0.4074	0.9733	2.672
1140	0.4055	0.9742	2.585
1141	0.4095	0.9724	2.762
1142	0.4058	0.9740	2.604
1143	0.3940	0.9794	2.057
1144	0.4032	0.9748	2.522
1145	0.4049	0.9740	2.596
1146	0.4077	0.9734	2.663
1147	0.4000	0.9765	2.353
1148	0.4107	0.9720	2.800
1149	0.4083	0.9723	2.767
1150	0.4070	0.9732	2.682
1151	0.4090	0.9728	2.715
1152	0.4091	0.9728	2.725
1153	0.4079	0.9731	2.691
1154	0.4091	0.9729	2.713
1155	0.4049	0.9749	2.512
1156	0.4092	0.9726	2.738
1157	0.4081	0.9731	2.694
1158	0.3941	0.9796	2.041
1159	0.4103	0.9725	2.748
1160	0.3942	0.9792	2.080
1161	0.4071	0.9736	2.643
1162	0.4079	0.9735	2.651
1163	0.4098	0.9722	2.775
1164	0.4033	0.9752	2.475
1165	0.4091	0.9728	2.721
1166	0.4080	0.9728	2.721
1167	0.4074	0.9735	2.655
1168	0.4100	0.9723	2.774
1169	0.4104	0.9718	2.824
1170	0.4082	0.9731	2.694
1171	0.4092	0.9723	2.769
1172	0.3963	0.9778	2.216
1173	0.4080	0.9730	2.697
1174	0.4022	0.9755	2.445
1175	0.4097	0.9724	2.758
1176	0.4067	0.9735	2.648
1177	0.4099	0.9721	2.786
1178	0.4083	0.9728	2.721
1179	0.4038	0.9753	2.475
1180	0.4046	0.9747	2.531
1181	0.4079	0.9734	2.663
1182	0.4036	0.9748	2.516
1183	0.4104	0.9724	2.759
1184	0.4069	0.9732	2.676
1185	0.4041	0.9743	2.571
1186	0.3980	0.9775	2.254
1187	0.4062	0.9735	2.651
1188	0.4094	0.9726	2.741
1189	0.4063	0.9735	2.648
1190	0.4070	0.9735	2.650
1191	0.4088	0.9727	2.729
1192	0.4113	0.9717	2.827
1193	0.4097	0.9723	2.768
1194	0.4085	0.9731	2.693
1195	0.4109	0.9718	2.817
1196	0.4030	0.9749	2.505
1197	0.4073	0.9730	2.701
1198	0.4055	0.9740	2.605
1199	0.4093	0.9727	2.732
1200	0.4017	0.9754	2.461
1201	0.4096	0.9723	2.774
1202	0.3954	0.9785	2.147
1203	0.4056	0.9739	2.609
1204	0.4051	0.9746	2.537
1205	0.4073	0.9730	2.704
1206	0.4107	0.9718	2.818
1207	0.4100	0.9720	2.800
1208	0.4001	0.9760	2.396
1209	0.4100	0.9723	2.773
1210	0.4081	0.9732	2.676
1211	0.4059	0.9738	2.623
1212	0.4085	0.9729	2.708
1213	0.4073	0.9730	2.704
1214	0.4074	0.9733	2.671
1215	0.4035	0.9748	2.515
1216	0.4091	0.9729	2.713
1217	0.4075	0.9729	2.708
1218	0.4089	0.9728	2.716
1219	0.4077	0.9731	2.693
1220	0.4062	0.9735	2.652
1221	0.4071	0.9736	2.640
1222	0.4097	0.9723	2.768
1223	0.4090	0.9726	2.738
1224	0.4081	0.9730	2.699
1225	0.4069	0.9735	2.650
1226	0.4048	0.9747	2.533
1227	0.4088	0.9727	2.728
1228	0.4055	0.9739	2.605
1229	0.4079	0.9731	2.690
1230	0.3979	0.9775	2.254
1231	0.4046	0.9742	2.580
1232	0.4041	0.9743	2.570
1233	0.4103	0.9724	2.760
1234	0.4082	0.9728	2.721
1235	0.4097	0.9724	2.758
1236	0.4098	0.9722	2.775
1237	0.4046	0.9747	2.531
1238	0.4093	0.9727	2.734
1239	0.4099	0.9721	2.786
1240	0.4090	0.9728	2.715
1241	0.4074	0.9735	2.655
1242	0.4077	0.9734	2.663
1243	0.4100	0.9720	2.801
1244	0.3963	0.9778	2.215
1245	0.4078	0.9734	2.662
1246	0.4029	0.9749	2.506
1247	0.4067	0.9739	2.609
1248	0.4096	0.9724	2.759
1249	0.4022	0.9756	2.445
1250	0.4036	0.9748	2.521
1251	0.3940	0.9794	2.057
1252	0.3940	0.9796	2.042
1253	0.4073	0.9730	2.703
1254	0.4106	0.9717	2.829
1255	0.4055	0.9741	2.585
1256	0.4113	0.9717	2.828
1257	0.3954	0.9785	2.147
1258	0.4095	0.9724	2.761
1259	0.4093	0.9726	2.740
1260	0.4083	0.9723	2.769
1261	0.4090	0.9728	2.722
1262	0.4090	0.9728	2.723
1263	0.4103	0.9725	2.749
1264	0.4070	0.9732	2.682
1265	0.4016	0.9754	2.459
1266	0.4071	0.9736	2.643
1267	0.4086	0.9722	2.781
1268	0.4077	0.9732	2.678
1269	0.3942	0.9794	2.060
1270	0.4098	0.9722	2.779
1271	0.4017	0.9753	2.467
1272	0.3999	0.9765	2.353
1273	0.4091	0.9723	2.769
1274	0.4056	0.9739	2.607
1275	0.4084	0.9731	2.693
1276	0.4044	0.9747	2.530
1277	0.4032	0.9748	2.520
1278	0.3941	0.9792	2.082
1279	0.4028	0.9750	2.504
1280	0.4048	0.9749	2.514
1281	0.4048	0.9741	2.594
1282	0.4078	0.9735	2.654
1283	0.4079	0.9730	2.698
1284	0.4104	0.9718	2.821
1285	0.4057	0.9740	2.605
1286	0.4116	0.9712	2.883
1287	0.4050	0.9746	2.539
1288	0.3923	0.9802	1.983
1289	0.4091	0.9726	2.741
1290	0.3966	0.9784	2.161
1291	0.4063	0.9735	2.647
1292	0.4079	0.9728	2.722
1293	0.4029	0.9749	2.514
1294	0.4033	0.9753	2.474
1295	0.4080	0.9731	2.694
1296	0.4066	0.9735	2.648
1297	0.4107	0.9718	2.821
1298	0.4037	0.9753	2.474
1299	0.4082	0.9729	2.705
1300	0.4108	0.9718	2.820
1301	0.4091	0.9728	2.715
1302	0.4082	0.9730	2.696
1303	0.4087	0.9724	2.757
1304	0.4091	0.9727	2.732
1305	0.4106	0.9720	2.797
1306	0.4068	0.9732	2.676
1307	0.4096	0.9723	2.773
1308	0.4070	0.9736	2.642
1309	0.4033	0.9753	2.475
1310	0.4044	0.9747	2.532
1311	0.4045	0.9747	2.531
1312	0.4098	0.9722	2.777
1313	0.4107	0.9718	2.818
1314	0.4079	0.9731	2.690
1315	0.4106	0.9720	2.797
1316	0.4048	0.9741	2.593
1317	0.4016	0.9754	2.461
1318	0.4032	0.9748	2.522
1319	0.4080	0.9730	2.701
1320	0.4112	0.9717	2.827
1321	0.4090	0.9728	2.722
1322	0.4017	0.9753	2.471
1323	0.4070	0.9736	2.644
1324	0.4074	0.9735	2.653
1325	0.4084	0.9729	2.708
1326	0.4088	0.9727	2.729
1327	0.4029	0.9749	2.511
1328	0.3966	0.9784	2.161
1329	0.3999	0.9765	2.353
1330	0.4059	0.9738	2.622
1331	0.4082	0.9730	2.695
1332	0.4091	0.9723	2.768
1333	0.4116	0.9712	2.882
1334	0.3940	0.9796	2.041
1335	0.4047	0.9747	2.534
1336	0.4091	0.9729	2.712
1337	0.4096	0.9723	2.775
1338	0.4062	0.9735	2.648
1339	0.4077	0.9732	2.678
1340	0.4069	0.9732	2.682
1341	0.4079	0.9728	2.721
1342	0.4078	0.9734	2.662
1343	0.4037	0.9753	2.475
1344	0.4055	0.9739	2.608
1345	0.4079	0.9730	2.697
1346	0.4035	0.9748	2.520
1347	0.4035	0.9748	2.515
1348	0.3939	0.9794	2.057
1349	0.4066	0.9735	2.649
1350	0.4045	0.9742	2.580
1351	0.4054	0.9739	2.605
1352	0.4072	0.9730	2.703
1353	0.4074	0.9729	2.709
1354	0.4099	0.9723	2.772
1355	0.4078	0.9735	2.655
1356	0.4072	0.9729	2.705
1357	0.3962	0.9779	2.213
1358	0.4050	0.9746	2.543
1359	0.4061	0.9735	2.651
1360	0.4080	0.9733	2.674
1361	0.4076	0.9734	2.663
1362	0.4066	0.9739	2.610
1363	0.4089	0.9729	2.715
1364	0.4096	0.9723	2.768
1365	0.4040	0.9743	2.569
1366	0.4090	0.9728	2.723
1367	0.4105	0.9717	2.831
1368	0.4103	0.9724	2.760
1369	0.4068	0.9732	2.677
1370	0.3953	0.9785	2.147
1371	0.4096	0.9724	2.759
1372	0.4079	0.9731	2.694
1373	0.4057	0.9740	2.604
1374	0.4082	0.9723	2.768
1375	0.4097	0.9722	2.775
1376	0.4103	0.9718	2.823
1377	0.4069	0.9735	2.650
1378	0.4082	0.9728	2.720
1379	0.4092	0.9727	2.734
1380	0.4099	0.9720	2.801
1381	0.4086	0.9722	2.781
1382	0.4108	0.9718	2.818
1383	0.4029	0.9749	2.506
1384	0.4028	0.9749	2.506
1385	0.3940	0.9792	2.081
1386	0.4084	0.9731	2.692
1387	0.4087	0.9724	2.757
1388	0.4088	0.9728	2.717
1389	0.4094	0.9724	2.761
1390	0.3922	0.9802	1.984
1391	0.4021	0.9756	2.445
1392	0.4047	0.9749	2.511
1393	0.4076	0.9731	2.693
1394	0.4095	0.9724	2.759
1395	0.4089	0.9726	2.738
1396	0.4073	0.9733	2.671
1397	0.4070	0.9736	2.638
1398	0.4098	0.9721	2.787
1399	0.4090	0.9727	2.732
1400	0.4090	0.9729	2.713
1401	0.4054	0.9741	2.585
1402	0.3979	0.9775	2.254
1403	0.3941	0.9794	2.058
1404	0.4090	0.9726	2.739
1405	0.4093	0.9726	2.742
1406	0.4000	0.9760	2.396
1407	0.4081	0.9730	2.705
1408	0.4070	0.9736	2.642
1409	0.4102	0.9725	2.749
1410	0.4085	0.9722	2.780
1411	0.4072	0.9730	2.704
1412	0.4102	0.9724	2.759
1413	0.4094	0.9724	2.761
1414	0.4087	0.9727	2.728
1415	0.4077	0.9735	2.651
1416	0.4076	0.9732	2.677
1417	0.4047	0.9747	2.532
1418	0.4035	0.9748	2.520
1419	0.4116	0.9712	2.882
1420	0.4090	0.9726	2.738
1421	0.4029	0.9749	2.511
1422	0.4091	0.9723	2.768
1423	0.3941	0.9794	2.058
1424	0.3939	0.9794	2.056
1425	0.4096	0.9723	2.768
1426	0.4062	0.9735	2.648
1427	0.4078	0.9731	2.690
1428	0.4088	0.9728	2.715
1429	0.4099	0.9723	2.775
1430	0.4097	0.9723	2.773
1431	0.4047	0.9749	2.511
1432	0.4068	0.9732	2.676
1433	0.4031	0.9748	2.520
1434	0.4090	0.9729	2.714
1435	0.4083	0.9731	2.694
1436	0.4105	0.9720	2.798
1437	0.4032	0.9752	2.475
1438	0.3953	0.9785	2.147
1439	0.4074	0.9729	2.708
1440	0.4097	0.9722	2.777
1441	0.4076	0.9731	2.690
1442	0.4081	0.9730	2.704
1443	0.4036	0.9752	2.477
1444	0.4054	0.9741	2.585
1445	0.4095	0.9724	2.759
1446	0.4078	0.9730	2.696
1447	0.4061	0.9735	2.652
1448	0.4089	0.9726	2.736
1449	0.4084	0.9729	2.707
1450	0.4076	0.9734	2.663
1451	0.4043	0.9747	2.533
1452	0.4072	0.9730	2.699
1453	0.4090	0.9729	2.712
1454	0.4105	0.9717	2.827
1455	0.4089	0.9729	2.712
1456	0.4054	0.9740	2.603
1457	0.4016	0.9753	2.471
1458	0.4073	0.9733	2.669
1459	0.4107	0.9719	2.813
1460	0.4056	0.9740	2.603
1461	0.4021	0.9755	2.445
1462	0.4077	0.9734	2.664
1463	0.4111	0.9718	2.824
1464	0.4000	0.9760	2.396
1465	0.4069	0.9732	2.682
1466	0.4079	0.9732	2.677
1467	0.4081	0.9728	2.723
1468	0.4073	0.9735	2.654
1469	0.4044	0.9742	2.579
1470	0.4047	0.9741	2.595
1471	0.4106	0.9718	2.817
1472	0.4070	0.9736	2.637
1473	0.4103	0.9718	2.822
1474	0.3962	0.9778	2.216
1475	0.3998	0.9765	2.351
1476	0.4090	0.9727	2.730
1477	0.4049	0.9746	2.537
1478	0.4070	0.9736	2.644
1479	0.4070	0.9736	2.641
1480	0.4082	0.9724	2.763
1481	0.4015	0.9754	2.462
1482	0.3940	0.9792	2.080
1483	0.4034	0.9748	2.516
1484	0.4055	0.9739	2.609
1485	0.4027	0.9749	2.506
1486	0.4089	0.9728	2.722
1487	0.4068	0.9735	2.649
1488	0.4092	0.9727	2.732
1489	0.4079	0.9731	2.694
1490	0.4089	0.9727	2.727
1491	0.4102	0.9725	2.748
1492	0.4058	0.9738	2.621
1493	0.4092	0.9726	2.743
1494	0.4081	0.9731	2.694
1495	0.4065	0.9739	2.606
1496	0.4040	0.9743	2.571
1497	0.4095	0.9723	2.775
1498	0.4098	0.9721	2.788
1499	0.3965	0.9784	2.161
1500	0.4099	0.9720	2.800
1501	0.3939	0.9796	2.041
1502	0.3978	0.9775	2.254
1503	0.4078	0.9728	2.721
1504	0.3922	0.9802	1.984
1505	0.4065	0.9735	2.647
1506	0.4028	0.9749	2.506
1507	0.4080	0.9730	2.699
1508	0.4044	0.9747	2.531
1509	0.4086	0.9724	2.757
1510	0.4096	0.9724	2.758
1511	0.4054	0.9739	2.608
1512	0.4089	0.9728	2.722
1513	0.4040	0.9743	2.570
1514	0.4073	0.9729	2.708
1515	0.4028	0.9749	2.506
1516	0.4030	0.9748	2.520
1517	0.3998	0.9765	2.353
1518	0.3938	0.9794	2.057
1519	0.4089	0.9728	2.722
1520	0.4090	0.9728	2.716
1521	0.4097	0.9722	2.778
1522	0.4067	0.9732	2.676
1523	0.4090	0.9726	2.742
1524	0.4032	0.9753	2.473
1525	0.4068	0.9735	2.650
1526	0.4107	0.9718	2.819
1527	0.4105	0.9718	2.820
1528	0.4044	0.9742	2.581
1529	0.3940	0.9792	2.081
1530	0.4028	0.9749	2.513
1531	0.4105	0.9720	2.802
1532	0.4115	0.9712	2.882
1533	0.4092	0.9726	2.740
1534	0.4034	0.9749	2.515
1535	0.4044	0.9747	2.533
1536	0.4081	0.9730	2.704
1537	0.4079	0.9733	2.674
1538	0.4085	0.9722	2.781
1539	0.3922	0.9802	1.984
1540	0.4083	0.9731	2.692
1541	0.4072	0.9733	2.672
1542	0.4076	0.9732	2.677
1543	0.4090	0.9723	2.768
1544	0.4065	0.9739	2.608
1545	0.4058	0.9738	2.622
1546	0.4071	0.9730	2.704
1547	0.4027	0.9749	2.506
1548	0.4079	0.9730	2.699
1549	0.4078	0.9730	2.697
1550	0.4073	0.9735	2.654
1551	0.4077	0.9731	2.692
1552	0.4077	0.9735	2.653
1553	0.4102	0.9724	2.761
1554	0.4104	0.9717	2.829
1555	0.4102	0.9718	2.823
1556	0.4081	0.9731	2.694
1557	0.4078	0.9728	2.721
1558	0.4015	0.9753	2.471
1559	0.4077	0.9734	2.661
1560	0.4098	0.9723	2.773
1561	0.4089	0.9726	2.737
1562	0.4097	0.9721	2.785
1563	0.4087	0.9728	2.716
1564	0.4036	0.9752	2.475
1565	0.3961	0.9778	2.216
1566	0.3952	0.9785	2.147
1567	0.4088	0.9728	2.715
1568	0.4053	0.9740	2.604
1569	0.4061	0.9735	2.649
1570	0.4034	0.9748	2.520
1571	0.4101	0.9725	2.749
1572	0.4053	0.9742	2.584
1573	0.4069	0.9736	2.642
1574	0.4071	0.9730	2.701
1575	0.4091	0.9727	2.734
1576	0.4068	0.9732	2.682
1577	0.4089	0.9729	2.714
1578	0.3999	0.9760	2.395
1579	0.4043	0.9747	2.532
1580	0.4075	0.9731	2.693
1581	0.3940	0.9794	2.059
1582	0.4096	0.9723	2.774
1583	0.4046	0.9747	2.535
1584	0.4056	0.9740	2.604
1585	0.4060	0.9735	2.650
1586	0.4098	0.9720	2.802
1587	0.4020	0.9755	2.445
1588	0.4081	0.9723	2.768
1589	0.4093	0.9724	2.761
1590	0.4075	0.9734	2.664
1591	0.4078	0.9731	2.693
1592	0.4094	0.9723	2.774
1593	0.3939	0.9796	2.040
1594	0.4081	0.9728	2.720
1595	0.4089	0.9727	2.732
1596	0.4047	0.9741	2.594
1597	0.4094	0.9724	2.758
1598	0.4069	0.9736	2.642
1599	0.4086	0.9724	2.757
1600	0.3978	0.9775	2.254
1601	0.4111	0.9717	2.827
1602	0.4083	0.9729	2.708
1603	0.4095	0.9723	2.768
1604	0.4095	0.9724	2.757
1605	0.4086	0.9727	2.729
1606	0.4046	0.9749	2.511
1607	0.4069	0.9736	2.637
1608	0.3964	0.9784	2.161
1609	0.4015	0.9754	2.460
1610	0.4064	0.9735	2.648
1611	0.4048	0.9746	2.537
1612	0.4083	0.9729	2.708
1613	0.4091	0.9727	2.734
1614	0.4015	0.9753	2.470
1615	0.4039	0.9743	2.570
1616	0.4015	0.9754	2.460
1617	0.3999	0.9761	2.395
1618	0.4079	0.9733	2.674
1619	0.4077	0.9728	2.721
1620	0.4089	0.9726	2.740
1621	0.4055	0.9739	2.605
1622	0.4087	0.9728	2.716
1623	0.4098	0.9723	2.774
1624	0.4069	0.9736	2.642
1625	0.4089	0.9727	2.732
1626	0.3939	0.9796	2.040
1627	0.4044	0.9742	2.581
1628	0.4107	0.9718	2.818
1629	0.4094	0.9723	2.774
1630	0.4072	0.9733	2.671
1631	0.4061	0.9735	2.649
1632	0.4046	0.9749	2.511
1633	0.4094	0.9724	2.758
1634	0.4095	0.9724	2.757
1635	0.4076	0.9734	2.662
1636	0.4064	0.9735	2.648
1637	0.4080	0.9728	2.722
1638	0.4084	0.9722	2.781
1639	0.3921	0.9802	1.984
1640	0.3961	0.9778	2.216
1641	0.4078	0.9731	2.693
1642	0.4026	0.9749	2.506
1643	0.4054	0.9739	2.608
1644	0.4088	0.9728	2.722
1645	0.4079	0.9730	2.699
1646	0.3952	0.9785	2.147
1647	0.4080	0.9730	2.704
1648	0.4086	0.9727	2.729
1649	0.4088	0.9728	2.715
1650	0.4104	0.9717	2.828
1651	0.4043	0.9747	2.530
1652	0.4080	0.9731	2.694
1653	0.3938	0.9794	2.056
1654	0.4031	0.9753	2.475
1655	0.4060	0.9735	2.651
1656	0.4035	0.9753	2.475
1657	0.3977	0.9775	2.254
1658	0.4045	0.9747	2.535
1659	0.4030	0.9748	2.521
1660	0.4088	0.9728	2.723
1661	0.4092	0.9724	2.761
1662	0.4101	0.9725	2.749
1663	0.4104	0.9720	2.799
1664	0.4033	0.9749	2.515
1665	0.4027	0.9749	2.506
1666	0.4066	0.9732	2.677
1667	0.4081	0.9723	2.767
1668	0.4053	0.9740	2.604
1669	0.4077	0.9730	2.696
1670	0.4071	0.9730	2.704
1671	0.4072	0.9729	2.708
1672	0.4097	0.9721	2.786
1673	0.4046	0.9741	2.595
1674	0.4095	0.9723	2.774
1675	0.4067	0.9735	2.649
1676	0.4096	0.9722	2.778
1677	0.3939	0.9792	2.081
1678	0.4098	0.9720	2.802
1679	0.4069	0.9736	2.640
1680	0.4089	0.9729	2.713
1681	0.4089	0.9729	2.714
1682	0.4114	0.9712	2.880
1683	0.4071	0.9730	2.701
1684	0.4086	0.9724	2.757
1685	0.4101	0.9724	2.760
1686	0.4068	0.9732	2.682
1687	0.4076	0.9735	2.651
1688	0.4102	0.9718	2.824
1689	0.4052	0.9741	2.585
1690	0.4088	0.9726	2.736
1691	0.3997	0.9765	2.353
1692	0.4042	0.9747	2.532
1693	0.4065	0.9739	2.607
1694	0.4082	0.9731	2.694
1695	0.4020	0.9756	2.445
1696	0.4027	0.9749	2.511
1697	0.4048	0.9746	2.536
1698	0.4034	0.9748	2.520
1699	0.4110	0.9717	2.827
1700	0.4105	0.9718	2.816
1701	0.4072	0.9735	2.653
1702	0.4057	0.9738	2.622
1703	0.4095	0.9723	2.768
1704	0.4091	0.9726	2.742
1705	0.4089	0.9723	2.768
1706	0.4077	0.9731	2.690
1707	0.3964	0.9784	2.161
1708	0.4075	0.9732	2.678
1709	0.4074	0.9731	2.692
1710	0.3940	0.9794	2.059
1711	0.4074	0.9734	2.663
1712	0.4068	0.9736	2.642
1713	0.4026	0.9749	2.506
1714	0.4095	0.9724	2.758
1715	0.4095	0.9723	2.774
1716	0.4070	0.9730	2.704
1717	0.4077	0.9731	2.691
1718	0.4076	0.9735	2.653
1719	0.4053	0.9739	2.608
1720	0.4085	0.9724	2.757
1721	0.4095	0.9723	2.768
1722	0.3939	0.9792	2.081
1723	0.4074	0.9734	2.664
1724	0.4052	0.9740	2.603
1725	0.4067	0.9735	2.649
1726	0.4089	0.9729	2.712
1727	0.4094	0.9723	2.774
1728	0.4080	0.9728	2.723
1729	0.3921	0.9802	1.984
1730	0.4080	0.9730	2.705
1731	0.4086	0.9728	2.716
1732	0.4015	0.9753	2.471
1733	0.4089	0.9726	2.737
1734	0.4060	0.9735	2.650
1735	0.4045	0.9747	2.533
1736	0.3998	0.9760	2.396
1737	0.4088	0.9729	2.714
1738	0.4068	0.9736	2.638
1739	0.4088	0.9728	2.722
1740	0.4088	0.9727	2.726
1741	0.4014	0.9754	2.460
1742	0.4088	0.9727	2.731
1743	0.4091	0.9727	2.732
1744	0.4060	0.9735	2.647
1745	0.4096	0.9722	2.777
1746	0.4074	0.9731	2.691
1747	0.4027	0.9750	2.503
1748	0.4078	0.9732	2.676
1749	0.4071	0.9733	2.670
1750	0.4096	0.9721	2.788
1751	0.4101	0.9718	2.822
1752	0.4089	0.9723	2.768
1753	0.4103	0.9720	2.797
1754	0.4031	0.9752	2.475
1755	0.4084	0.9722	2.780
1756	0.4033	0.9748	2.520
1757	0.4080	0.9724	2.764
1758	0.4068	0.9736	2.642
1759	0.4100	0.9725	2.749
1760	0.4097	0.9723	2.775
1761	0.4086	0.9727	2.728
1762	0.4057	0.9738	2.621
1763	0.4114	0.9712	2.881
1764	0.4077	0.9731	2.694
1765	0.4071	0.9735	2.653
1766	0.4078	0.9730	2.700
1767	0.4043	0.9742	2.580
1768	0.4068	0.9736	2.643
1769	0.3977	0.9775	2.254
1770	0.4048	0.9746	2.537
1771	0.4106	0.9718	2.817
1772	0.4035	0.9752	2.475
1773	0.4029	0.9748	2.521
1774	0.4077	0.9730	2.696
1775	0.4043	0.9747	2.531
1776	0.4082	0.9731	2.694
1777	0.4093	0.9724	2.759
1778	0.4104	0.9718	2.816
1779	0.3963	0.9784	2.161
1780	0.3940	0.9794	2.058
1781	0.4045	0.9749	2.511
1782	0.3997	0.9765	2.353
1783	0.3937	0.9794	2.057
1784	0.3938	0.9796	2.041
1785	0.4097	0.9720	2.802
1786	0.4067	0.9732	2.681
1787	0.4038	0.9743	2.569
1788	0.4072	0.9729	2.707
1789	0.4077	0.9728	2.721
1790	0.4070	0.9730	2.703
1791	0.4052	0.9741	2.585
1792	0.4091	0.9726	2.740
1793	0.4103	0.9717	2.831
1794	0.3951	0.9785	2.147
1795	0.4064	0.9735	2.649
1796	0.4064	0.9739	2.610
1797	0.4074	0.9732	2.677
1798	0.4082	0.9729	2.708
1799	0.4087	0.9728	2.715
1800	0.4100	0.9724	2.760
1801	0.4110	0.9717	2.827
1802	0.4046	0.9740	2.596
1803	0.4079	0.9731	2.695
1804	0.4027	0.9749	2.512
1805	0.4092	0.9724	2.762
1806	0.4066	0.9732	2.676
1807	0.4055	0.9740	2.604
1808	0.4087	0.9726	2.738
1809	0.4032	0.9748	2.516
1810	0.3960	0.9778	2.215
1811	0.4019	0.9756	2.445
1812	0.4075	0.9734	2.662
1813	0.4042	0.9747	2.532
1814	0.4097	0.9723	2.772
1815	0.4106	0.9718	2.818
1816	0.4078	0.9733	2.674
1817	0.4087	0.9726	2.737
1818	0.4052	0.9740	2.604
1819	0.4068	0.9736	2.642
1820	0.4066	0.9735	2.649
1821	0.4088	0.9727	2.731
1822	0.4070	0.9730	2.704
1823	0.4071	0.9733	2.671
1824	0.4077	0.9730	2.697
1825	0.4038	0.9743	2.570
1826	0.3996	0.9765	2.353
1827	0.4054	0.9740	2.604
1828	0.3937	0.9796	2.041
1829	0.4075	0.9735	2.654
1830	0.4080	0.9723	2.767
1831	0.3938	0.9792	2.081
1832	0.4088	0.9728	2.715
1833	0.4086	0.9728	2.716
1834	0.4078	0.9730	2.698
1835	0.3920	0.9802	1.984
1836	0.4100	0.9725	2.749
1837	0.4027	0.9749	2.513
1838	0.3998	0.9761	2.395
1839	0.4074	0.9732	2.677
1840	0.4079	0.9728	2.722
1841	0.4077	0.9731	2.693
1842	0.4059	0.9735	2.650
1843	0.4019	0.9755	2.445
1844	0.4079	0.9730	2.695
1845	0.4042	0.9747	2.532
1846	0.4014	0.9753	2.469
1847	0.4083	0.9722	2.780
1848	0.4096	0.9721	2.786
1849	0.4091	0.9724	2.761
1850	0.4033	0.9748	2.520
1851	0.4087	0.9728	2.715
1852	0.3960	0.9779	2.213
1853	0.4109	0.9717	2.827
1854	0.3939	0.9794	2.060
1855	0.4030	0.9753	2.473
1856	0.4085	0.9724	2.760
1857	0.4041	0.9747	2.530
1858	0.4067	0.9732	2.680
1859	0.4094	0.9724	2.759
1860	0.4068	0.9736	2.643
1861	0.4044	0.9747	2.534
1862	0.4087	0.9728	2.722
1863	0.4101	0.9718	2.822
1864	0.4104	0.9718	2.818
1865	0.4097	0.9720	2.803
1866	0.4074	0.9731	2.694
1867	0.3936	0.9794	2.057
1868	0.4093	0.9723	2.772
1869	0.4076	0.9728	2.721
1870	0.4034	0.9753	2.474
1871	0.4032	0.9749	2.514
1872	0.4013	0.9754	2.460
1873	0.4088	0.9723	2.769
1874	0.4087	0.9728	2.722
1875	0.4094	0.9723	2.768
1876	0.4085	0.9727	2.729
1877	0.4060	0.9735	2.649
1878	0.3963	0.9784	2.161
1879	0.4070	0.9730	2.703
1880	0.4095	0.9722	2.778
1881	0.4094	0.9723	2.775
1882	0.4090	0.9726	2.740
1883	0.4042	0.9742	2.581
1884	0.3976	0.9775	2.254
1885	0.4076	0.9731	2.691
1886	0.4088	0.9729	2.711
1887	0.4045	0.9741	2.593
1888	0.4082	0.9729	2.708
1889	0.4068	0.9736	2.640
1890	0.4071	0.9734	2.656
1891	0.4029	0.9748	2.520
1892	0.4093	0.9724	2.756
1893	0.4052	0.9739	2.607
1894	0.4045	0.9749	2.514
1895	0.4025	0.9750	2.505
1896	0.4090	0.9727	2.733
1897	0.4064	0.9739	2.609
1898	0.4103	0.9720	2.801
1899	0.4100	0.9724	2.759
1900	0.4088	0.9726	2.740
1901	0.4056	0.9738	2.622
1902	0.4102	0.9717	2.831
1903	0.4073	0.9734	2.664
1904	0.4071	0.9729	2.708
1905	0.4051	0.9742	2.585
1906	0.4079	0.9730	2.704
1907	0.4113	0.9712	2.880
1908	0.4081	0.9731	2.693
1909	0.4075	0.9734	2.662
1910	0.4063	0.9735	2.648
1911	0.3950	0.9785	2.147
1912	0.4047	0.9746	2.538
1913	0.4065	0.9732	2.677
1914	0.4026	0.9749	2.505
1915	0.4094	0.9724	2.758
1916	0.4028	0.9748	2.520
1917	0.4066	0.9735	2.650
1918	0.4103	0.9718	2.819
1919	0.4065	0.9732	2.676
1920	0.4085	0.9728	2.715
1921	0.4063	0.9739	2.608
1922	0.4088	0.9726	2.738
1923	0.4087	0.9729	2.714
1924	0.4067	0.9736	2.642
1925	0.4013	0.9754	2.460
1926	0.4032	0.9748	2.520
1927	0.4030	0.9752	2.475
1928	0.3920	0.9802	1.984
1929	0.4067	0.9736	2.643
1930	0.4066	0.9732	2.681
1931	0.4087	0.9726	2.738
1932	0.4018	0.9755	2.445
1933	0.4069	0.9730	2.704
1934	0.3959	0.9779	2.213
1935	0.4100	0.9725	2.751
1936	0.4044	0.9747	2.534
1937	0.4077	0.9731	2.694
1938	0.4041	0.9747	2.531
1939	0.4076	0.9730	2.696
1940	0.4094	0.9723	2.775
1941	0.4102	0.9720	2.800
1942	0.4077	0.9733	2.674
1943	0.3996	0.9765	2.353
1944	0.4042	0.9747	2.532
1945	0.4077	0.9730	2.699
1946	0.3936	0.9794	2.057
1947	0.3962	0.9784	2.161
1948	0.4037	0.9743	2.568
1949	0.4095	0.9722	2.780
1950	0.3976	0.9775	2.253
1951	0.4075	0.9735	2.654
1952	0.4032	0.9748	2.515
1953	0.4083	0.9722	2.781
1954	0.4025	0.9750	2.504
1955	0.4069	0.9730	2.703
1956	0.4079	0.9723	2.769
1957	0.4045	0.9748	2.516
1958	0.4087	0.9727	2.734
1959	0.4084	0.9724	2.760
1960	0.4100	0.9724	2.761
1961	0.4085	0.9727	2.729
1962	0.4026	0.9749	2.513
1963	0.4073	0.9732	2.677
1964	0.4092	0.9723	2.773
1965	0.4087	0.9728	2.722
1966	0.4087	0.9728	2.722
1967	0.3950	0.9785	2.147
1968	0.4051	0.9741	2.585
1969	0.4088	0.9723	2.769
1970	0.4076	0.9728	2.721
1971	0.4034	0.9753	2.474
1972	0.4013	0.9753	2.469
1973	0.4073	0.9731	2.694
1974	0.4070	0.9735	2.654
1975	0.4054	0.9740	2.604
1976	0.4063	0.9735	2.648
1977	0.4042	0.9742	2.580
1978	0.4052	0.9739	2.607
1979	0.4093	0.9723	2.767
1980	0.4096	0.9723	2.772
1981	0.4081	0.9729	2.707
1982	0.4079	0.9730	2.704
1983	0.4092	0.9724	2.758
1984	0.4055	0.9738	2.622
1985	0.4081	0.9731	2.693
1986	0.4075	0.9731	2.690
1987	0.4086	0.9728	2.716
1988	0.4087	0.9729	2.714
1989	0.4102	0.9717	2.827
1990	0.4095	0.9721	2.787
1991	0.4078	0.9730	2.695
1992	0.4090	0.9726	2.742
1993	0.4109	0.9717	2.825
1994	0.4105	0.9718	2.816
1995	0.4113	0.9712	2.881
1996	0.4070	0.9733	2.669
1997	0.4071	0.9729	2.707
1998	0.4073	0.9734	2.662
1999	0.3937	0.9792	2.080
