0	0.4074	0.9734	2.662
1	0.4045	0.9741	2.593
2	0.3938	0.9794	2.058
3	0.4059	0.9735	2.648
4	0.4026	0.9749	2.505
5	0.3937	0.9796	2.041
6	0.4100	0.9718	2.823
7	0.3997	0.9760	2.395
8	0.4046	0.9746	2.538
9	0.4089	0.9727	2.733
10	0.4078	0.9728	2.721
11	0.4058	0.9735	2.651
12	0.4091	0.9724	2.762
13	0.4067	0.9736	2.639
14	0.4051	0.9740	2.603
15	0.4096	0.9720	2.801
16	0.4087	0.9729	2.713
17	0.4102	0.9720	2.798
18	0.4074	0.9735	2.650
19	0.3919	0.9802	1.984
20	0.4094	0.9723	2.775
21	0.4095	0.9721	2.787
22	0.4088	0.9723	2.769
23	0.4026	0.9749	2.511
24	0.4058	0.9735	2.651
25	0.4096	0.9723	2.774
26	0.4079	0.9723	2.765
27	0.4084	0.9727	2.730
28	0.4096	0.9720	2.800
29	0.3936	0.9794	2.056
30	0.3936	0.9796	2.041
31	0.3995	0.9765	2.353
32	0.4077	0.9730	2.699
33	0.3962	0.9784	2.161
34	0.4065	0.9732	2.677
35	0.4040	0.9747	2.530
36	0.4037	0.9743	2.568
37	0.4073	0.9731	2.694
38	0.4078	0.9728	2.723
39	0.4086	0.9726	2.739
40	0.4067	0.9736	2.643
41	0.4069	0.9730	2.703
42	0.4074	0.9734	2.661
43	0.4082	0.9722	2.780
44	0.4112	0.9712	2.883
45	0.4084	0.9724	2.760
46	0.4053	0.9740	2.605
47	0.4104	0.9718	2.819
48	0.4046	0.9746	2.538
49	0.4086	0.9728	2.715
50	0.4069	0.9730	2.704
51	0.4051	0.9742	2.585
52	0.4087	0.9729	2.712
53	0.3938	0.9794	2.060
54	0.4089	0.9726	2.740
55	0.4092	0.9723	2.774
56	0.4093	0.9723	2.768
57	0.4100	0.9718	2.823
58	0.4108	0.9717	2.827
59	0.4076	0.9731	2.693
60	0.4013	0.9753	2.471
61	0.4031	0.9749	2.515
62	0.4094	0.9722	2.777
63	0.4051	0.9740	2.604
64	0.4073	0.9732	2.678
65	0.4067	0.9736	2.639
66	0.4044	0.9741	2.594
67	0.3950	0.9785	2.147
68	0.4086	0.9728	2.722
69	0.4029	0.9752	2.475
70	0.4062	0.9735	2.647
71	0.4066	0.9732	2.682
72	0.4012	0.9754	2.460
73	0.4102	0.9717	2.829
74	0.4043	0.9747	2.534
75	0.4093	0.9724	2.758
76	0.3975	0.9775	2.254
77	0.3997	0.9761	2.395
78	0.4076	0.9733	2.674
79	0.4052	0.9739	2.607
80	0.4065	0.9735	2.650
81	0.3958	0.9779	2.214
82	0.4066	0.9736	2.642
83	0.4075	0.9730	2.697
84	0.4081	0.9729	2.708
85	0.4080	0.9731	2.693
86	0.4070	0.9729	2.707
87	0.4070	0.9734	2.656
88	0.4075	0.9731	2.692
89	0.4018	0.9755	2.445
90	0.4041	0.9747	2.533
91	0.4024	0.9750	2.503
92	0.4103	0.9718	2.819
93	0.4086	0.9728	2.722
94	0.4084	0.9728	2.716
95	0.4075	0.9728	2.721
96	0.4092	0.9724	2.758
97	0.4028	0.9748	2.520
98	0.4041	0.9742	2.580
99	0.4078	0.9730	2.704
100	0.4087	0.9727	2.732
101	0.4025	0.9749	2.506
102	0.4059	0.9735	2.647
103	0.3937	0.9792	2.082
104	0.4072	0.9734	2.663
105	0.4044	0.9749	2.513
106	0.4087	0.9726	2.739
107	0.4089	0.9727	2.734
108	0.4078	0.9731	2.695
109	0.4099	0.9724	2.760
110	0.4062	0.9739	2.607
111	0.4090	0.9724	2.761
112	0.4055	0.9738	2.622
113	0.4069	0.9733	2.671
114	0.4031	0.9748	2.520
115	0.4099	0.9725	2.749
116	0.4033	0.9753	2.474
117	0.4075	0.9728	2.720
118	0.4029	0.9752	2.475
119	0.4076	0.9732	2.676
120	0.4058	0.9735	2.647
121	0.4046	0.9746	2.536
122	0.3935	0.9794	2.056
123	0.4062	0.9735	2.647
124	0.4041	0.9747	2.530
125	0.4055	0.9738	2.622
126	0.4076	0.9730	2.699
127	0.4031	0.9748	2.520
128	0.4099	0.9724	2.759
129	0.4040	0.9747	2.532
130	0.4074	0.9735	2.650
131	0.4080	0.9729	2.707
132	0.4091	0.9724	2.759
133	0.3958	0.9778	2.215
134	0.4051	0.9739	2.610
135	0.4068	0.9730	2.704
136	0.4090	0.9724	2.761
137	0.4065	0.9732	2.683
138	0.3938	0.9794	2.058
139	0.4027	0.9748	2.521
140	0.4073	0.9732	2.678
141	0.4031	0.9748	2.515
142	0.4025	0.9749	2.511
143	0.4053	0.9740	2.605
144	0.4112	0.9712	2.880
145	0.4074	0.9731	2.690
146	0.4086	0.9729	2.712
147	0.4086	0.9726	2.738
148	0.4078	0.9728	2.722
149	0.4041	0.9742	2.580
150	0.4095	0.9720	2.800
151	0.3975	0.9775	2.254
152	0.4083	0.9724	2.757
153	0.4070	0.9729	2.708
154	0.4093	0.9723	2.775
155	0.3961	0.9784	2.160
156	0.4044	0.9749	2.513
157	0.4050	0.9740	2.603
158	0.4074	0.9734	2.662
159	0.4017	0.9755	2.445
160	0.4094	0.9722	2.778
161	0.4086	0.9728	2.722
162	0.4094	0.9721	2.786
163	0.4085	0.9728	2.716
164	0.4095	0.9723	2.773
165	0.4036	0.9743	2.570
166	0.4065	0.9735	2.649
167	0.4080	0.9731	2.693
168	0.4078	0.9730	2.704
169	0.4069	0.9733	2.671
170	0.4075	0.9731	2.692
171	0.3949	0.9785	2.148
172	0.4091	0.9723	2.774
173	0.3918	0.9802	1.984
174	0.4062	0.9739	2.607
175	0.4066	0.9736	2.643
176	0.4098	0.9725	2.748
177	0.4012	0.9754	2.460
178	0.4066	0.9736	2.642
179	0.4072	0.9731	2.693
180	0.4086	0.9727	2.732
181	0.4108	0.9717	2.827
182	0.3995	0.9765	2.353
183	0.4057	0.9735	2.651
184	0.4068	0.9730	2.701
185	0.3936	0.9796	2.041
186	0.4101	0.9717	2.831
187	0.4089	0.9726	2.740
188	0.4033	0.9753	2.475
189	0.4088	0.9727	2.733
190	0.4099	0.9718	2.823
191	0.4102	0.9718	2.818
192	0.4087	0.9723	2.769
193	0.4101	0.9720	2.798
194	0.4086	0.9729	2.713
195	0.4050	0.9741	2.585
196	0.4092	0.9724	2.757
197	0.4023	0.9749	2.507
198	0.4044	0.9741	2.594
199	0.3936	0.9792	2.080
200	0.4085	0.9727	2.725
201	0.4086	0.9726	2.738
202	0.4077	0.9731	2.695
203	0.4084	0.9728	2.715
204	0.4064	0.9732	2.677
205	0.4083	0.9727	2.729
206	0.4075	0.9730	2.696
207	0.4092	0.9723	2.767
208	0.4043	0.9747	2.531
209	0.4069	0.9735	2.653
210	0.4104	0.9718	2.816
211	0.4012	0.9753	2.471
212	0.4072	0.9734	2.662
213	0.3996	0.9760	2.396
214	0.4078	0.9724	2.763
215	0.4081	0.9722	2.780
216	0.4066	0.9736	2.637
217	0.4025	0.9750	2.503
218	0.4086	0.9729	2.712
219	0.4093	0.9723	2.774
220	0.3936	0.9792	2.080
221	0.4089	0.9726	2.742
222	0.4087	0.9723	2.768
223	0.3936	0.9796	2.041
224	0.4030	0.9749	2.515
225	0.4025	0.9749	2.511
226	0.4028	0.9753	2.475
227	0.4066	0.9736	2.643
228	0.3935	0.9794	2.057
229	0.4086	0.9729	2.712
230	0.4064	0.9732	2.676
231	0.4098	0.9724	2.760
232	0.4078	0.9723	2.766
233	0.4065	0.9732	2.682
234	0.4102	0.9718	2.819
235	0.4043	0.9749	2.511
236	0.4093	0.9722	2.778
237	0.4011	0.9754	2.460
238	0.3961	0.9784	2.160
239	0.4074	0.9728	2.721
240	0.4101	0.9720	2.799
241	0.3949	0.9785	2.147
242	0.4050	0.9742	2.585
243	0.4099	0.9718	2.822
244	0.4036	0.9743	2.570
245	0.4064	0.9735	2.649
246	0.4072	0.9732	2.677
247	0.4075	0.9733	2.674
248	0.4042	0.9747	2.534
249	0.4079	0.9731	2.692
250	0.4111	0.9712	2.879
251	0.4091	0.9724	2.758
252	0.4074	0.9731	2.690
253	0.4027	0.9748	2.521
254	0.4072	0.9731	2.693
255	0.4043	0.9741	2.594
256	0.4077	0.9730	2.704
257	0.4058	0.9735	2.648
258	0.3974	0.9775	2.254
259	0.4057	0.9735	2.650
260	0.4085	0.9726	2.737
261	0.4040	0.9742	2.580
262	0.4061	0.9735	2.648
263	0.4054	0.9738	2.621
264	0.4095	0.9720	2.802
265	0.4094	0.9721	2.786
266	0.4077	0.9728	2.721
267	0.4039	0.9747	2.532
268	0.4085	0.9727	2.726
269	0.4066	0.9736	2.639
270	0.4069	0.9735	2.652
271	0.4050	0.9740	2.604
272	0.3937	0.9794	2.059
273	0.4101	0.9717	2.829
274	0.4107	0.9717	2.827
275	0.4031	0.9748	2.520
276	0.4086	0.9727	2.731
277	0.4089	0.9724	2.761
278	0.4069	0.9733	2.671
279	0.4040	0.9747	2.530
280	0.4080	0.9729	2.707
281	0.4103	0.9718	2.818
282	0.4062	0.9739	2.607
283	0.4094	0.9723	2.774
284	0.4024	0.9750	2.504
285	0.4083	0.9724	2.757
286	0.4088	0.9727	2.732
287	0.4077	0.9730	2.695
288	0.4071	0.9734	2.662
289	0.3994	0.9765	2.352
290	0.4086	0.9726	2.738
291	0.4092	0.9723	2.768
292	0.4085	0.9728	2.721
293	0.4069	0.9729	2.707
294	0.4045	0.9746	2.537
295	0.4073	0.9735	2.651
296	0.4065	0.9736	2.642
297	0.4068	0.9730	2.700
298	0.4073	0.9734	2.663
299	0.4092	0.9724	2.757
300	0.4068	0.9730	2.704
301	0.4085	0.9728	2.715
302	0.4083	0.9728	2.716
303	0.3996	0.9761	2.395
304	0.4083	0.9727	2.729
305	0.4023	0.9749	2.506
306	0.4012	0.9753	2.471
307	0.4052	0.9740	2.603
308	0.4081	0.9722	2.780
309	0.3957	0.9778	2.216
310	0.4076	0.9730	2.699
311	0.4075	0.9731	2.692
312	0.4098	0.9725	2.749
313	0.4050	0.9739	2.609
314	0.4017	0.9756	2.444
315	0.4074	0.9730	2.696
316	0.4032	0.9753	2.475
317	0.4091	0.9723	2.773
318	0.3918	0.9802	1.984
319	0.4068	0.9730	2.700
320	0.3936	0.9792	2.080
321	0.3937	0.9794	2.059
322	0.4061	0.9735	2.648
323	0.4012	0.9753	2.469
324	0.4011	0.9754	2.459
325	0.4088	0.9727	2.733
326	0.4026	0.9748	2.520
327	0.4086	0.9726	2.741
328	0.4028	0.9753	2.472
329	0.4043	0.9749	2.513
330	0.4040	0.9747	2.532
331	0.4071	0.9731	2.694
332	0.4073	0.9735	2.653
333	0.4045	0.9746	2.538
334	0.4069	0.9735	2.654
335	0.4075	0.9733	2.675
336	0.4072	0.9732	2.677
337	0.4111	0.9712	2.881
338	0.3995	0.9761	2.395
339	0.4073	0.9734	2.663
340	0.4049	0.9740	2.603
341	0.4099	0.9718	2.822
342	0.4082	0.9724	2.757
343	0.4069	0.9729	2.708
344	0.4032	0.9753	2.473
345	0.4095	0.9720	2.802
346	0.4024	0.9749	2.512
347	0.4064	0.9732	2.682
348	0.4052	0.9740	2.605
349	0.4101	0.9718	2.819
350	0.3934	0.9794	2.057
351	0.4090	0.9724	2.758
352	0.4035	0.9743	2.569
353	0.4093	0.9722	2.778
354	0.4075	0.9730	2.699
355	0.4050	0.9739	2.607
356	0.4064	0.9735	2.649
357	0.4090	0.9723	2.774
358	0.4074	0.9730	2.696
359	0.4079	0.9731	2.692
360	0.3960	0.9784	2.160
361	0.4075	0.9731	2.693
362	0.3935	0.9796	2.041
363	0.4100	0.9720	2.801
364	0.4065	0.9736	2.642
365	0.4056	0.9735	2.650
366	0.4091	0.9724	2.759
367	0.4089	0.9724	2.761
368	0.4085	0.9726	2.739
369	0.4100	0.9717	2.831
370	0.4098	0.9724	2.759
371	0.4077	0.9730	2.696
372	0.4074	0.9728	2.721
373	0.4054	0.9738	2.621
374	0.4016	0.9755	2.445
375	0.3917	0.9802	1.982
376	0.4094	0.9723	2.773
377	0.4023	0.9749	2.505
378	0.4030	0.9748	2.520
379	0.3974	0.9775	2.253
380	0.4049	0.9741	2.585
381	0.4092	0.9722	2.777
382	0.4077	0.9728	2.723
383	0.4079	0.9729	2.707
384	0.4086	0.9723	2.770
385	0.4077	0.9723	2.769
386	0.4065	0.9736	2.640
387	0.4097	0.9725	2.749
388	0.4073	0.9731	2.692
389	0.4084	0.9728	2.715
390	0.4043	0.9741	2.594
391	0.4080	0.9722	2.780
392	0.4068	0.9733	2.671
393	0.4039	0.9747	2.532
394	0.4083	0.9729	2.715
395	0.4040	0.9742	2.580
396	0.4091	0.9723	2.768
397	0.3948	0.9785	2.147
398	0.4042	0.9747	2.534
399	0.4024	0.9750	2.505
400	0.4029	0.9749	2.514
401	0.4085	0.9729	2.714
402	0.3993	0.9765	2.352
403	0.4085	0.9727	2.731
404	0.4085	0.9729	2.712
405	0.4082	0.9727	2.730
406	0.3957	0.9779	2.214
407	0.4084	0.9727	2.725
408	0.4076	0.9730	2.704
409	0.4071	0.9734	2.663
410	0.4093	0.9721	2.787
411	0.4065	0.9736	2.643
412	0.4085	0.9728	2.723
413	0.4057	0.9735	2.647
414	0.4107	0.9717	2.827
415	0.4088	0.9726	2.742
416	0.4067	0.9730	2.704
417	0.4103	0.9718	2.817
418	0.4063	0.9732	2.677
419	0.4061	0.9739	2.606
420	0.3957	0.9778	2.216
421	0.4093	0.9721	2.788
422	0.4076	0.9728	2.722
423	0.4078	0.9731	2.694
424	0.4074	0.9730	2.695
425	0.4101	0.9718	2.817
426	0.4063	0.9732	2.675
427	0.4073	0.9728	2.717
428	0.4031	0.9752	2.475
429	0.4094	0.9720	2.798
430	0.4067	0.9730	2.700
431	0.4087	0.9726	2.743
432	0.4090	0.9722	2.776
433	0.4022	0.9750	2.505
434	0.3935	0.9796	2.041
435	0.4069	0.9729	2.707
436	0.4092	0.9722	2.777
437	0.4080	0.9722	2.778
438	0.4087	0.9727	2.732
439	0.4110	0.9712	2.880
440	0.4100	0.9717	2.828
441	0.4010	0.9754	2.461
442	0.4042	0.9747	2.532
443	0.4094	0.9723	2.775
444	0.4072	0.9734	2.663
445	0.4085	0.9726	2.738
446	0.3973	0.9775	2.254
447	0.4079	0.9729	2.707
448	0.4072	0.9735	2.650
449	0.4082	0.9727	2.727
450	0.4091	0.9723	2.767
451	0.4067	0.9730	2.699
452	0.4084	0.9727	2.734
453	0.4030	0.9748	2.519
454	0.4065	0.9736	2.637
455	0.4065	0.9736	2.644
456	0.4011	0.9753	2.471
457	0.4068	0.9733	2.670
458	0.4092	0.9723	2.774
459	0.4063	0.9735	2.648
460	0.4053	0.9738	2.622
461	0.4084	0.9727	2.726
462	0.4097	0.9725	2.749
463	0.4023	0.9750	2.504
464	0.4024	0.9749	2.511
465	0.4106	0.9717	2.827
466	0.4065	0.9736	2.642
467	0.4071	0.9734	2.663
468	0.4027	0.9752	2.475
469	0.4050	0.9739	2.609
470	0.4060	0.9735	2.646
471	0.4085	0.9729	2.714
472	0.4074	0.9732	2.676
473	0.3993	0.9765	2.353
474	0.3936	0.9794	2.058
475	0.3917	0.9802	1.984
476	0.4074	0.9731	2.693
477	0.4075	0.9730	2.698
478	0.4091	0.9724	2.758
479	0.4082	0.9724	2.757
480	0.4064	0.9732	2.682
481	0.4084	0.9728	2.715
482	0.4039	0.9747	2.530
483	0.4084	0.9728	2.723
484	0.4026	0.9748	2.520
485	0.4044	0.9746	2.537
486	0.4068	0.9735	2.652
487	0.4042	0.9749	2.511
488	0.4057	0.9735	2.647
489	0.4085	0.9729	2.712
490	0.4102	0.9718	2.816
491	0.4100	0.9720	2.797
492	0.4071	0.9731	2.691
493	0.4056	0.9735	2.651
494	0.4097	0.9724	2.757
495	0.4076	0.9731	2.693
496	0.3933	0.9794	2.056
497	0.4090	0.9724	2.759
498	0.4051	0.9740	2.602
499	0.4088	0.9724	2.762
500	0.4077	0.9724	2.763
501	0.3960	0.9784	2.161
502	0.4039	0.9742	2.580
503	0.4049	0.9740	2.604
504	0.4073	0.9731	2.690
505	0.4085	0.9723	2.768
506	0.4042	0.9741	2.593
507	0.4038	0.9747	2.532
508	0.4076	0.9730	2.703
509	0.4085	0.9727	2.731
510	0.4029	0.9748	2.516
511	0.3948	0.9785	2.147
512	0.4071	0.9732	2.676
513	0.4082	0.9728	2.716
514	0.3935	0.9792	2.080
515	0.4060	0.9740	2.605
516	0.4016	0.9755	2.446
517	0.3995	0.9761	2.394
518	0.4035	0.9743	2.570
519	0.4048	0.9741	2.585
520	0.4098	0.9718	2.822
521	0.4074	0.9730	2.699
522	0.4084	0.9729	2.713
523	0.4101	0.9718	2.817
524	0.4051	0.9740	2.602
525	0.4102	0.9718	2.816
526	0.4016	0.9755	2.446
527	0.4073	0.9728	2.718
528	0.3948	0.9785	2.147
529	0.4010	0.9754	2.461
530	0.4085	0.9723	2.767
531	0.4094	0.9720	2.799
532	0.4056	0.9735	2.651
533	0.4078	0.9729	2.707
534	0.4073	0.9731	2.690
535	0.4091	0.9723	2.774
536	0.4087	0.9727	2.733
537	0.4082	0.9727	2.729
538	0.4035	0.9743	2.570
539	0.4039	0.9747	2.531
540	0.4064	0.9736	2.638
541	0.4076	0.9724	2.764
542	0.4062	0.9732	2.676
543	0.4097	0.9725	2.749
544	0.4072	0.9735	2.650
545	0.4022	0.9749	2.506
546	0.3917	0.9802	1.984
547	0.4060	0.9735	2.647
548	0.4027	0.9752	2.475
549	0.4081	0.9724	2.756
550	0.4063	0.9732	2.683
551	0.4031	0.9752	2.475
552	0.4084	0.9728	2.723
553	0.4072	0.9734	2.662
554	0.4049	0.9739	2.609
555	0.3960	0.9784	2.160
556	0.4068	0.9729	2.708
557	0.4092	0.9722	2.778
558	0.3935	0.9792	2.081
559	0.4084	0.9729	2.712
560	0.4071	0.9732	2.677
561	0.3993	0.9765	2.352
562	0.4080	0.9722	2.779
563	0.4023	0.9749	2.506
564	0.4041	0.9747	2.534
565	0.4064	0.9736	2.643
566	0.4076	0.9728	2.722
567	0.4042	0.9749	2.513
568	0.4092	0.9721	2.786
569	0.4066	0.9730	2.703
570	0.4029	0.9748	2.521
571	0.4039	0.9742	2.580
572	0.4097	0.9718	2.822
573	0.4082	0.9728	2.717
574	0.4042	0.9741	2.594
575	0.4089	0.9724	2.758
576	0.4099	0.9717	2.830
577	0.4099	0.9720	2.799
578	0.4067	0.9735	2.654
579	0.4056	0.9735	2.648
580	0.4038	0.9747	2.532
581	0.3994	0.9761	2.394
582	0.4097	0.9724	2.759
583	0.4073	0.9730	2.696
584	0.4066	0.9730	2.704
585	0.4053	0.9738	2.622
586	0.4084	0.9726	2.737
587	0.4093	0.9723	2.773
588	0.4090	0.9724	2.758
589	0.3934	0.9796	2.042
590	0.4090	0.9723	2.767
591	0.4064	0.9736	2.643
592	0.4084	0.9728	2.723
593	0.4063	0.9735	2.649
594	0.4067	0.9733	2.671
595	0.4060	0.9739	2.607
596	0.3973	0.9775	2.254
597	0.4076	0.9730	2.703
598	0.4106	0.9717	2.827
599	0.4089	0.9723	2.773
600	0.4023	0.9749	2.511
601	0.4070	0.9731	2.693
602	0.4044	0.9746	2.537
603	0.4084	0.9726	2.738
604	0.4025	0.9748	2.521
605	0.4074	0.9733	2.675
606	0.4083	0.9728	2.715
607	0.4110	0.9712	2.880
608	0.4070	0.9734	2.663
609	0.3935	0.9794	2.058
610	0.4010	0.9753	2.471
611	0.4075	0.9731	2.695
612	0.4028	0.9749	2.515
613	0.4048	0.9740	2.605
614	0.4084	0.9727	2.732
615	0.4088	0.9724	2.761
616	0.4087	0.9726	2.743
617	0.4048	0.9741	2.585
618	0.4073	0.9731	2.694
619	0.3933	0.9794	2.056
620	0.3956	0.9778	2.215
621	0.4078	0.9731	2.693
622	0.4028	0.9749	2.515
623	0.4073	0.9728	2.720
624	0.4062	0.9735	2.648
625	0.4084	0.9729	2.714
626	0.3956	0.9778	2.215
627	0.4010	0.9753	2.471
628	0.4034	0.9743	2.570
629	0.3916	0.9802	1.984
630	0.4049	0.9739	2.608
631	0.4059	0.9735	2.648
632	0.4092	0.9721	2.786
633	0.4079	0.9722	2.780
634	0.4070	0.9734	2.664
635	0.4084	0.9727	2.732
636	0.4055	0.9735	2.650
637	0.4052	0.9738	2.622
638	0.4064	0.9736	2.639
639	0.4084	0.9728	2.722
640	0.4081	0.9724	2.757
641	0.4048	0.9739	2.605
642	0.4043	0.9746	2.537
643	0.4068	0.9729	2.708
644	0.4075	0.9728	2.722
645	0.4025	0.9748	2.521
646	0.4085	0.9723	2.768
647	0.4072	0.9731	2.690
648	0.4075	0.9730	2.704
649	0.3934	0.9796	2.041
650	0.4077	0.9731	2.692
651	0.3994	0.9761	2.395
652	0.4091	0.9723	2.775
653	0.4021	0.9749	2.506
654	0.4066	0.9730	2.704
655	0.4071	0.9734	2.661
656	0.3972	0.9775	2.253
657	0.4067	0.9733	2.671
658	0.4086	0.9727	2.733
659	0.3947	0.9785	2.147
660	0.4063	0.9732	2.680
661	0.4026	0.9753	2.471
662	0.4090	0.9724	2.760
663	0.4088	0.9724	2.761
664	0.4109	0.9712	2.882
665	0.3959	0.9784	2.161
666	0.4076	0.9723	2.768
667	0.4073	0.9731	2.694
668	0.4067	0.9734	2.656
669	0.4083	0.9728	2.716
670	0.4041	0.9749	2.514
671	0.4064	0.9736	2.644
672	0.4064	0.9736	2.644
673	0.3992	0.9765	2.353
674	0.4081	0.9727	2.729
675	0.4056	0.9735	2.647
676	0.4048	0.9741	2.585
677	0.4060	0.9739	2.609
678	0.4050	0.9740	2.604
679	0.4090	0.9723	2.768
680	0.4093	0.9720	2.802
681	0.4015	0.9755	2.445
682	0.3934	0.9792	2.082
683	0.4096	0.9724	2.760
684	0.4105	0.9717	2.827
685	0.4084	0.9729	2.715
686	0.4086	0.9726	2.739
687	0.4022	0.9750	2.504
688	0.4097	0.9718	2.822
689	0.4083	0.9726	2.737
690	0.4089	0.9724	2.759
691	0.4099	0.9720	2.800
692	0.4030	0.9753	2.474
693	0.3935	0.9794	2.060
694	0.4037	0.9747	2.532
695	0.4022	0.9749	2.512
696	0.4096	0.9725	2.749
697	0.4092	0.9723	2.774
698	0.4100	0.9718	2.818
699	0.4061	0.9732	2.675
700	0.4083	0.9727	2.725
701	0.4089	0.9723	2.773
702	0.4040	0.9747	2.532
703	0.4038	0.9742	2.580
704	0.4081	0.9729	2.715
705	0.4009	0.9754	2.460
706	0.4071	0.9735	2.651
707	0.4074	0.9730	2.699
708	0.4078	0.9729	2.707
709	0.4038	0.9747	2.530
710	0.4101	0.9718	2.817
711	0.4041	0.9741	2.594
712	0.4070	0.9731	2.692
713	0.4099	0.9717	2.827
714	0.4075	0.9730	2.696
715	0.4070	0.9732	2.676
716	0.4066	0.9730	2.700
717	0.4073	0.9732	2.676
718	0.3932	0.9794	2.056
719	0.4091	0.9722	2.778
720	0.4084	0.9726	2.738
721	0.4028	0.9748	2.519
722	0.4072	0.9730	2.696
723	0.4083	0.9726	2.737
724	0.3994	0.9761	2.395
725	0.4089	0.9724	2.758
726	0.4077	0.9729	2.707
727	0.4083	0.9728	2.723
728	0.4062	0.9735	2.649
729	0.4066	0.9730	2.704
730	0.4100	0.9718	2.818
731	0.4083	0.9729	2.712
732	0.4089	0.9723	2.774
733	0.4062	0.9732	2.684
734	0.3959	0.9784	2.160
735	0.4034	0.9743	2.570
736	0.4075	0.9723	2.765
737	0.4059	0.9735	2.648
738	0.4071	0.9734	2.661
739	0.4041	0.9749	2.512
740	0.4101	0.9718	2.818
741	0.3992	0.9765	2.352
742	0.4084	0.9727	2.732
743	0.4064	0.9736	2.639
744	0.4022	0.9749	2.511
745	0.4067	0.9729	2.708
746	0.4024	0.9748	2.520
747	0.4092	0.9723	2.773
748	0.4099	0.9720	2.799
749	0.4047	0.9742	2.584
750	0.4079	0.9722	2.780
751	0.4070	0.9732	2.677
752	0.4048	0.9739	2.608
753	0.4055	0.9735	2.651
754	0.4043	0.9746	2.538
755	0.4055	0.9735	2.648
756	0.4061	0.9733	2.675
757	0.3946	0.9785	2.147
758	0.4081	0.9728	2.715
759	0.3932	0.9794	2.057
760	0.4075	0.9728	2.721
761	0.3955	0.9779	2.213
762	0.4109	0.9712	2.881
763	0.4038	0.9742	2.579
764	0.4041	0.9741	2.593
765	0.4014	0.9755	2.445
766	0.4077	0.9731	2.692
767	0.4047	0.9740	2.604
768	0.4037	0.9747	2.532
769	0.4075	0.9730	2.704
770	0.3916	0.9802	1.984
771	0.4091	0.9721	2.786
772	0.4030	0.9753	2.473
773	0.4090	0.9723	2.774
774	0.3934	0.9792	2.081
775	0.4085	0.9727	2.733
776	0.4059	0.9739	2.608
777	0.4022	0.9750	2.504
778	0.4084	0.9723	2.768
779	0.3935	0.9794	2.059
780	0.4072	0.9728	2.720
781	0.4087	0.9724	2.761
782	0.4063	0.9736	2.643
783	0.4009	0.9754	2.459
784	0.4095	0.9725	2.749
785	0.4105	0.9717	2.826
786	0.4063	0.9736	2.642
787	0.4009	0.9753	2.468
788	0.3933	0.9796	2.041
789	0.4083	0.9728	2.723
790	0.4069	0.9731	2.694
791	0.4072	0.9730	2.697
792	0.4021	0.9749	2.505
793	0.3972	0.9775	2.254
794	0.4040	0.9747	2.534
795	0.4071	0.9731	2.692
796	0.4086	0.9726	2.740
797	0.4073	0.9730	2.699
798	0.4073	0.9732	2.675
799	0.4028	0.9749	2.515
800	0.4098	0.9717	2.831
801	0.4071	0.9735	2.654
802	0.4092	0.9720	2.803
803	0.4072	0.9731	2.693
804	0.4083	0.9729	2.712
805	0.4082	0.9728	2.716
806	0.4038	0.9747	2.530
807	0.4091	0.9722	2.778
808	0.4083	0.9726	2.739
809	0.4096	0.9724	2.760
810	0.4080	0.9727	2.730
811	0.4050	0.9740	2.603
812	0.4025	0.9752	2.475
813	0.4028	0.9748	2.520
814	0.4065	0.9730	2.700
815	0.4066	0.9735	2.655
816	0.4089	0.9724	2.758
817	0.4089	0.9723	2.768
818	0.4066	0.9733	2.670
819	0.4074	0.9731	2.694
820	0.4051	0.9738	2.622
821	0.4096	0.9718	2.822
822	0.4080	0.9724	2.757
823	0.4069	0.9734	2.663
824	0.4029	0.9752	2.475
825	0.4069	0.9734	2.662
826	0.4058	0.9735	2.646
827	0.3991	0.9765	2.352
828	0.4028	0.9748	2.520
829	0.4020	0.9749	2.506
830	0.4109	0.9712	2.879
831	0.4076	0.9731	2.692
832	0.4089	0.9724	2.757
833	0.4050	0.9740	2.603
834	0.4073	0.9730	2.699
835	0.4083	0.9729	2.712
836	0.4080	0.9727	2.727
837	0.4085	0.9727	2.733
838	0.3993	0.9761	2.393
839	0.4084	0.9723	2.767
840	0.4047	0.9741	2.585
841	0.4038	0.9747	2.530
842	0.4014	0.9755	2.446
843	0.4083	0.9729	2.712
844	0.4086	0.9726	2.743
845	0.4099	0.9718	2.817
846	0.4074	0.9728	2.722
847	0.4072	0.9730	2.697
848	0.4083	0.9726	2.737
849	0.4080	0.9724	2.756
850	0.3971	0.9775	2.254
851	0.3915	0.9802	1.982
852	0.4027	0.9748	2.515
853	0.4082	0.9726	2.735
854	0.3946	0.9785	2.147
855	0.4065	0.9730	2.703
856	0.4072	0.9732	2.676
857	0.4067	0.9729	2.707
858	0.4022	0.9749	2.511
859	0.4075	0.9724	2.764
860	0.4025	0.9752	2.475
861	0.4009	0.9753	2.471
862	0.3958	0.9784	2.160
863	0.4066	0.9735	2.653
864	0.4087	0.9724	2.761
865	0.4082	0.9728	2.723
866	0.4098	0.9720	2.799
867	0.4078	0.9722	2.780
868	0.4021	0.9750	2.504
869	0.4092	0.9720	2.801
870	0.4071	0.9728	2.721
871	0.4061	0.9735	2.649
872	0.4008	0.9754	2.460
873	0.4070	0.9734	2.661
874	0.4069	0.9732	2.676
875	0.4069	0.9731	2.695
876	0.4074	0.9730	2.704
877	0.4082	0.9728	2.722
878	0.4024	0.9748	2.520
879	0.4089	0.9723	2.768
880	0.3932	0.9796	2.041
881	0.4040	0.9749	2.513
882	0.4048	0.9739	2.608
883	0.4098	0.9717	2.831
884	0.4082	0.9728	2.716
885	0.4039	0.9747	2.533
886	0.4033	0.9743	2.569
887	0.4055	0.9735	2.647
888	0.4077	0.9729	2.708
889	0.4063	0.9736	2.642
890	0.4054	0.9735	2.651
891	0.4091	0.9721	2.786
892	0.4059	0.9739	2.608
893	0.4104	0.9717	2.827
894	0.4096	0.9718	2.823
895	0.4088	0.9724	2.758
896	0.3954	0.9779	2.213
897	0.4037	0.9742	2.580
898	0.4071	0.9730	2.696
899	0.4040	0.9741	2.594
900	0.3934	0.9794	2.059
901	0.3931	0.9794	2.058
902	0.4066	0.9733	2.672
903	0.4036	0.9747	2.531
904	0.4081	0.9728	2.716
905	0.4042	0.9746	2.538
906	0.4083	0.9727	2.732
907	0.4051	0.9738	2.622
908	0.4091	0.9723	2.774
909	0.4062	0.9736	2.643
910	0.4047	0.9740	2.603
911	0.4088	0.9723	2.773
912	0.4063	0.9736	2.639
913	0.4070	0.9735	2.651
914	0.4090	0.9722	2.778
915	0.3933	0.9792	2.080
916	0.4065	0.9730	2.700
917	0.4062	0.9732	2.682
918	0.4071	0.9731	2.690
919	0.4095	0.9725	2.749
920	0.4074	0.9731	2.694
921	0.4100	0.9718	2.817
922	0.4095	0.9724	2.758
923	0.4089	0.9723	2.774
924	0.4060	0.9732	2.677
925	0.4036	0.9747	2.532
926	0.4065	0.9730	2.700
927	0.4071	0.9730	2.695
928	0.3971	0.9775	2.254
929	0.4075	0.9724	2.763
930	0.4066	0.9735	2.652
931	0.4055	0.9735	2.647
932	0.4071	0.9731	2.690
933	0.4058	0.9739	2.607
934	0.4076	0.9731	2.693
935	0.4009	0.9753	2.471
936	0.4062	0.9736	2.642
937	0.4082	0.9729	2.712
938	0.4095	0.9725	2.748
939	0.4068	0.9731	2.691
940	0.4060	0.9732	2.676
941	0.4089	0.9724	2.757
942	0.4083	0.9729	2.713
943	0.4072	0.9731	2.694
944	0.4033	0.9743	2.570
945	0.4091	0.9723	2.774
946	0.4092	0.9720	2.799
947	0.4098	0.9718	2.818
948	0.4063	0.9736	2.637
949	0.3991	0.9765	2.353
950	0.4083	0.9723	2.766
951	0.4039	0.9747	2.532
952	0.4096	0.9718	2.820
953	0.3931	0.9794	2.056
954	0.3934	0.9794	2.059
955	0.4054	0.9735	2.649
956	0.4089	0.9723	2.768
957	0.4021	0.9749	2.510
958	0.3915	0.9802	1.983
959	0.4079	0.9724	2.757
960	0.3958	0.9784	2.160
961	0.4027	0.9749	2.514
962	0.4049	0.9740	2.603
963	0.4061	0.9732	2.681
964	0.4086	0.9724	2.761
965	0.4020	0.9749	2.506
966	0.4090	0.9721	2.786
967	0.4085	0.9726	2.739
968	0.4100	0.9718	2.819
969	0.4037	0.9742	2.580
970	0.4025	0.9753	2.474
971	0.4083	0.9727	2.731
972	0.4074	0.9728	2.721
973	0.4087	0.9724	2.757
974	0.3933	0.9792	2.080
975	0.4074	0.9731	2.694
976	0.4090	0.9722	2.778
977	0.4074	0.9730	2.704
978	0.4066	0.9729	2.709
979	0.4071	0.9728	2.721
980	0.4081	0.9728	2.715
981	0.4008	0.9754	2.460
982	0.4097	0.9717	2.828
983	0.3992	0.9761	2.394
984	0.4065	0.9733	2.671
985	0.4069	0.9732	2.677
986	0.4040	0.9749	2.511
987	0.4027	0.9748	2.520
988	0.4108	0.9712	2.879
989	0.4046	0.9740	2.604
990	0.4042	0.9746	2.537
991	0.4029	0.9752	2.475
992	0.4013	0.9756	2.444
993	0.4070	0.9734	2.661
994	0.4058	0.9735	2.647
995	0.4051	0.9738	2.622
996	0.4040	0.9741	2.594
997	0.3932	0.9796	2.041
998	0.4072	0.9730	2.699
999	0.4104	0.9717	2.826
1000	0.4072	0.9732	2.675
1001	0.4095	0.9724	2.759
1002	0.4023	0.9748	2.520
1003	0.3945	0.9785	2.147
1004	0.4089	0.9723	2.774
1005	0.4047	0.9739	2.608
1006	0.4076	0.9729	2.708
1007	0.4087	0.9723	2.773
1008	0.4046	0.9742	2.585
1009	0.4082	0.9728	2.722
1010	0.4070	0.9735	2.653
1011	0.4061	0.9735	2.649
1012	0.4079	0.9727	2.730
1013	0.4037	0.9747	2.530
1014	0.4097	0.9720	2.797
1015	0.4062	0.9736	2.643
1016	0.4064	0.9730	2.704
1017	0.3954	0.9779	2.214
1018	0.4021	0.9750	2.504
1019	0.4080	0.9729	2.714
1020	0.4068	0.9734	2.663
1021	0.4081	0.9726	2.738
1022	0.4081	0.9727	2.726
1023	0.4084	0.9727	2.732
1024	0.4077	0.9722	2.781
1025	0.4082	0.9726	2.738
1026	0.4094	0.9725	2.748
1027	0.3945	0.9785	2.148
1028	0.4061	0.9732	2.682
1029	0.4087	0.9723	2.774
1030	0.4073	0.9730	2.703
1031	0.4097	0.9720	2.797
1032	0.4073	0.9731	2.695
1033	0.4027	0.9748	2.519
1034	0.4082	0.9726	2.738
1035	0.3914	0.9802	1.983
1036	0.4084	0.9727	2.733
1037	0.4057	0.9735	2.646
1038	0.4064	0.9730	2.700
1039	0.4035	0.9747	2.532
1040	0.4039	0.9749	2.511
1041	0.4021	0.9749	2.511
1042	0.3931	0.9794	2.056
1043	0.4089	0.9723	2.774
1044	0.4019	0.9749	2.506
1045	0.4050	0.9738	2.621
1046	0.4064	0.9730	2.703
1047	0.4040	0.9741	2.594
1048	0.4060	0.9732	2.676
1049	0.4069	0.9734	2.661
1050	0.4082	0.9727	2.731
1051	0.4037	0.9747	2.530
1052	0.4054	0.9735	2.647
1053	0.3990	0.9765	2.352
1054	0.4082	0.9729	2.713
1055	0.4028	0.9753	2.475
1056	0.4062	0.9736	2.638
1057	0.3954	0.9779	2.215
1058	0.4008	0.9753	2.471
1059	0.4058	0.9739	2.607
1060	0.4081	0.9726	2.737
1061	0.3933	0.9794	2.059
1062	0.4097	0.9717	2.828
1063	0.4088	0.9723	2.768
1064	0.4071	0.9731	2.693
1065	0.4081	0.9727	2.726
1066	0.4070	0.9728	2.720
1067	0.3932	0.9792	2.080
1068	0.4048	0.9740	2.603
1069	0.4090	0.9721	2.787
1070	0.4068	0.9732	2.677
1071	0.4086	0.9724	2.761
1072	0.4080	0.9728	2.715
1073	0.4082	0.9723	2.766
1074	0.4060	0.9735	2.647
1075	0.3932	0.9796	2.041
1076	0.4104	0.9717	2.826
1077	0.4038	0.9747	2.532
1078	0.4098	0.9718	2.817
1079	0.4062	0.9736	2.642
1080	0.4094	0.9724	2.758
1081	0.4088	0.9724	2.757
1082	0.4032	0.9743	2.570
1083	0.4073	0.9728	2.722
1084	0.4081	0.9729	2.715
1085	0.4070	0.9731	2.690
1086	0.4037	0.9742	2.578
1087	0.3957	0.9784	2.160
1088	0.4074	0.9724	2.764
1089	0.4072	0.9730	2.698
1090	0.3970	0.9775	2.254
1091	0.4065	0.9735	2.653
1092	0.4068	0.9731	2.694
1093	0.4007	0.9754	2.460
1094	0.4075	0.9731	2.692
1095	0.4107	0.9712	2.880
1096	0.4070	0.9730	2.696
1097	0.4087	0.9724	2.758
1098	0.4046	0.9741	2.586
1099	0.4068	0.9734	2.663
1100	0.4091	0.9723	2.774
1101	0.4076	0.9729	2.705
1102	0.4099	0.9718	2.817
1103	0.4013	0.9755	2.446
1104	0.4020	0.9750	2.504
1105	0.4095	0.9718	2.822
1106	0.4089	0.9722	2.778
1107	0.4047	0.9739	2.610
1108	0.4041	0.9746	2.537
1109	0.4079	0.9727	2.728
1110	0.4023	0.9748	2.520
1111	0.4069	0.9735	2.650
1112	0.4079	0.9724	2.755
1113	0.4071	0.9732	2.676
1114	0.4065	0.9733	2.669
1115	0.4082	0.9729	2.712
1116	0.4065	0.9729	2.706
1117	0.4091	0.9720	2.799
1118	0.3992	0.9761	2.394
1119	0.4077	0.9722	2.779
1120	0.4084	0.9726	2.743
1121	0.4046	0.9740	2.604
1122	0.4061	0.9736	2.644
1123	0.4024	0.9753	2.475
1124	0.4053	0.9735	2.650
1125	0.4026	0.9749	2.515
1126	0.4081	0.9728	2.722
1127	0.4089	0.9722	2.778
1128	0.4073	0.9730	2.703
1129	0.4107	0.9712	2.879
1130	0.4036	0.9747	2.529
1131	0.4084	0.9726	2.743
1132	0.4082	0.9727	2.730
1133	0.4027	0.9748	2.518
1134	0.4071	0.9732	2.676
1135	0.4087	0.9722	2.776
1136	0.4080	0.9729	2.713
1137	0.4098	0.9718	2.817
1138	0.4064	0.9730	2.700
1139	0.4032	0.9743	2.570
1140	0.4007	0.9754	2.461
1141	0.3953	0.9778	2.216
1142	0.4099	0.9718	2.816
1143	0.4054	0.9735	2.647
1144	0.4067	0.9734	2.662
1145	0.4075	0.9729	2.705
1146	0.4023	0.9748	2.520
1147	0.4094	0.9725	2.747
1148	0.4061	0.9736	2.641
1149	0.4071	0.9730	2.700
1150	0.4035	0.9747	2.532
1151	0.4088	0.9724	2.760
1152	0.4089	0.9721	2.787
1153	0.4013	0.9755	2.446
1154	0.4038	0.9747	2.531
1155	0.4070	0.9731	2.690
1156	0.4065	0.9729	2.706
1157	0.4070	0.9728	2.719
1158	0.4039	0.9741	2.594
1159	0.4073	0.9728	2.722
1160	0.4057	0.9739	2.606
1161	0.4096	0.9717	2.828
1162	0.4070	0.9731	2.695
1163	0.4068	0.9732	2.675
1164	0.4064	0.9733	2.669
1165	0.4065	0.9735	2.654
1166	0.4045	0.9741	2.585
1167	0.4081	0.9729	2.712
1168	0.4079	0.9727	2.726
1169	0.4061	0.9736	2.643
1170	0.4020	0.9749	2.510
1171	0.4046	0.9739	2.610
1172	0.4082	0.9723	2.767
1173	0.4091	0.9720	2.799
1174	0.4090	0.9723	2.774
1175	0.4063	0.9730	2.700
1176	0.4081	0.9729	2.712
1177	0.4073	0.9724	2.762
1178	0.4036	0.9742	2.578
1179	0.3957	0.9784	2.161
1180	0.4053	0.9735	2.650
1181	0.4095	0.9718	2.822
1182	0.4028	0.9752	2.475
1183	0.3933	0.9794	2.058
1184	0.4077	0.9722	2.781
1185	0.4081	0.9726	2.739
1186	0.4082	0.9726	2.738
1187	0.4060	0.9735	2.648
1188	0.4050	0.9738	2.622
1189	0.4096	0.9720	2.796
1190	0.4103	0.9717	2.826
1191	0.4059	0.9732	2.676
1192	0.4057	0.9735	2.646
1193	0.3914	0.9802	1.984
1194	0.4086	0.9724	2.758
1195	0.4069	0.9734	2.662
1196	0.3931	0.9796	2.041
1197	0.4061	0.9736	2.640
1198	0.4070	0.9731	2.692
1199	0.4078	0.9724	2.756
1200	0.3944	0.9785	2.148
1201	0.4067	0.9731	2.693
1202	0.4083	0.9727	2.733
1203	0.4081	0.9727	2.726
1204	0.4019	0.9749	2.506
1205	0.3990	0.9765	2.353
1206	0.3991	0.9761	2.393
1207	0.3970	0.9775	2.254
1208	0.4094	0.9724	2.759
1209	0.4079	0.9729	2.715
1210	0.4088	0.9723	2.774
1211	0.4081	0.9728	2.722
1212	0.4048	0.9740	2.604
1213	0.4026	0.9749	2.515
1214	0.4085	0.9724	2.761
1215	0.4069	0.9735	2.651
1216	0.4072	0.9731	2.695
1217	0.4038	0.9749	2.511
1218	0.3931	0.9792	2.080
1219	0.4020	0.9750	2.503
1220	0.4007	0.9753	2.470
1221	0.4060	0.9732	2.682
1222	0.3930	0.9794	2.056
1223	0.4023	0.9753	2.474
1224	0.4075	0.9731	2.692
1225	0.4045	0.9740	2.603
1226	0.4087	0.9723	2.768
1227	0.4041	0.9746	2.537
1228	0.4038	0.9749	2.511
1229	0.4039	0.9741	2.594
1230	0.4026	0.9748	2.520
1231	0.4023	0.9753	2.475
1232	0.4107	0.9712	2.881
1233	0.4073	0.9730	2.703
1234	0.4048	0.9740	2.603
1235	0.4041	0.9746	2.537
1236	0.4057	0.9739	2.607
1237	0.4070	0.9728	2.719
1238	0.4067	0.9731	2.691
1239	0.4072	0.9730	2.695
1240	0.4103	0.9718	2.824
1241	0.4074	0.9731	2.694
1242	0.4084	0.9726	2.743
1243	0.4086	0.9724	2.760
1244	0.4067	0.9732	2.676
1245	0.4060	0.9732	2.684
1246	0.4049	0.9738	2.620
1247	0.4061	0.9736	2.644
1248	0.4061	0.9736	2.642
1249	0.4018	0.9749	2.505
1250	0.3931	0.9792	2.080
1251	0.4036	0.9742	2.579
1252	0.3931	0.9796	2.041
1253	0.4056	0.9735	2.647
1254	0.4083	0.9727	2.733
1255	0.4064	0.9733	2.670
1256	0.4070	0.9731	2.692
1257	0.4090	0.9723	2.773
1258	0.4020	0.9749	2.511
1259	0.4096	0.9720	2.798
1260	0.4059	0.9735	2.648
1261	0.4089	0.9721	2.785
1262	0.4090	0.9720	2.799
1263	0.4079	0.9729	2.715
1264	0.4067	0.9734	2.663
1265	0.4080	0.9728	2.715
1266	0.4085	0.9724	2.763
1267	0.4046	0.9739	2.610
1268	0.4069	0.9731	2.690
1269	0.4081	0.9729	2.712
1270	0.3930	0.9794	2.055
1271	0.4097	0.9718	2.817
1272	0.4076	0.9722	2.778
1273	0.3969	0.9775	2.253
1274	0.4063	0.9730	2.700
1275	0.4025	0.9749	2.515
1276	0.4080	0.9728	2.721
1277	0.3989	0.9765	2.353
1278	0.4075	0.9729	2.706
1279	0.4027	0.9753	2.475
1280	0.4073	0.9724	2.764
1281	0.4063	0.9730	2.703
1282	0.4087	0.9724	2.758
1283	0.3944	0.9785	2.148
1284	0.4045	0.9742	2.584
1285	0.4081	0.9723	2.768
1286	0.4088	0.9723	2.774
1287	0.4053	0.9735	2.647
1288	0.4068	0.9735	2.651
1289	0.3991	0.9761	2.393
1290	0.4034	0.9747	2.531
1291	0.4052	0.9735	2.650
1292	0.4064	0.9735	2.653
1293	0.4068	0.9734	2.661
1294	0.4069	0.9730	2.696
1295	0.4035	0.9747	2.530
1296	0.4012	0.9756	2.445
1297	0.4070	0.9733	2.674
1298	0.4058	0.9733	2.675
1299	0.4045	0.9740	2.604
1300	0.4081	0.9727	2.732
1301	0.4081	0.9729	2.712
1302	0.4093	0.9725	2.749
1303	0.4037	0.9747	2.532
1304	0.4031	0.9743	2.570
1305	0.3932	0.9794	2.059
1306	0.4093	0.9724	2.759
1307	0.4071	0.9730	2.698
1308	0.4061	0.9736	2.639
1309	0.4064	0.9729	2.708
1310	0.3956	0.9784	2.162
1311	0.4098	0.9718	2.819
1312	0.4096	0.9717	2.831
1313	0.4094	0.9718	2.822
1314	0.4078	0.9724	2.757
1315	0.3952	0.9779	2.213
1316	0.4088	0.9722	2.778
1317	0.4006	0.9754	2.460
1318	0.4080	0.9726	2.737
1319	0.4087	0.9723	2.768
1320	0.3913	0.9802	1.982
1321	0.4072	0.9728	2.721
1322	0.4086	0.9723	2.773
1323	0.4078	0.9727	2.730
1324	0.4022	0.9748	2.520
1325	0.4080	0.9727	2.726
1326	0.4081	0.9726	2.738
1327	0.4007	0.9753	2.470
1328	0.4019	0.9750	2.504
1329	0.4087	0.9723	2.774
1330	0.4096	0.9717	2.829
1331	0.3944	0.9785	2.148
1332	0.4022	0.9748	2.519
1333	0.4093	0.9724	2.760
1334	0.4040	0.9746	2.537
1335	0.4093	0.9725	2.749
1336	0.4081	0.9729	2.712
1337	0.4067	0.9732	2.677
1338	0.4083	0.9726	2.741
1339	0.4087	0.9724	2.758
1340	0.4052	0.9735	2.650
1341	0.4081	0.9726	2.738
1342	0.4053	0.9735	2.647
1343	0.4012	0.9756	2.445
1344	0.4069	0.9730	2.696
1345	0.4064	0.9729	2.708
1346	0.4086	0.9723	2.773
1347	0.4084	0.9724	2.761
1348	0.4059	0.9735	2.648
1349	0.3991	0.9761	2.393
1350	0.4019	0.9749	2.511
1351	0.4069	0.9731	2.690
1352	0.3989	0.9765	2.352
1353	0.4063	0.9733	2.671
1354	0.3932	0.9794	2.060
1355	0.4102	0.9717	2.826
1356	0.4088	0.9721	2.786
1357	0.4047	0.9740	2.603
1358	0.4035	0.9747	2.530
1359	0.4079	0.9728	2.716
1360	0.4081	0.9723	2.769
1361	0.4078	0.9729	2.715
1362	0.3956	0.9784	2.160
1363	0.4044	0.9742	2.584
1364	0.4006	0.9754	2.460
1365	0.4061	0.9736	2.638
1366	0.4074	0.9729	2.708
1367	0.4018	0.9750	2.505
1368	0.4038	0.9749	2.513
1369	0.4080	0.9728	2.722
1370	0.4072	0.9728	2.722
1371	0.4074	0.9731	2.693
1372	0.4037	0.9747	2.532
1373	0.4038	0.9741	2.594
1374	0.4049	0.9738	2.623
1375	0.4060	0.9736	2.642
1376	0.3913	0.9802	1.982
1377	0.4096	0.9720	2.799
1378	0.4080	0.9726	2.738
1379	0.3952	0.9779	2.213
1380	0.4019	0.9750	2.503
1381	0.4089	0.9723	2.774
1382	0.4062	0.9730	2.704
1383	0.4025	0.9748	2.520
1384	0.4072	0.9723	2.767
1385	0.4069	0.9728	2.721
1386	0.4006	0.9753	2.468
1387	0.4068	0.9735	2.653
1388	0.4072	0.9730	2.703
1389	0.4083	0.9727	2.733
1390	0.4078	0.9727	2.730
1391	0.4060	0.9736	2.642
1392	0.4056	0.9739	2.606
1393	0.4098	0.9718	2.818
1394	0.4030	0.9743	2.570
1395	0.4062	0.9730	2.700
1396	0.4070	0.9733	2.674
1397	0.4035	0.9742	2.579
1398	0.4044	0.9740	2.604
1399	0.4045	0.9739	2.609
1400	0.4088	0.9722	2.778
1401	0.4063	0.9735	2.653
1402	0.4077	0.9724	2.757
1403	0.4072	0.9731	2.695
1404	0.4080	0.9729	2.713
1405	0.4066	0.9731	2.692
1406	0.4066	0.9734	2.663
1407	0.4059	0.9732	2.683
1408	0.4086	0.9723	2.768
1409	0.4068	0.9734	2.661
1410	0.4080	0.9727	2.731
1411	0.4058	0.9732	2.676
1412	0.3969	0.9775	2.254
1413	0.4089	0.9720	2.799
1414	0.3929	0.9794	2.056
1415	0.4106	0.9712	2.879
1416	0.4085	0.9724	2.757
1417	0.4025	0.9749	2.514
1418	0.4027	0.9753	2.475
1419	0.4034	0.9747	2.532
1420	0.4022	0.9753	2.475
1421	0.4096	0.9718	2.818
1422	0.3930	0.9796	2.041
1423	0.4075	0.9722	2.781
1424	0.4056	0.9735	2.647
1425	0.4070	0.9730	2.698
1426	0.3930	0.9792	2.080
1427	0.4079	0.9728	2.724
1428	0.4069	0.9731	2.692
1429	0.4093	0.9718	2.821
1430	0.4080	0.9729	2.712
1431	0.4095	0.9717	2.828
1432	0.4066	0.9731	2.692
1433	0.4018	0.9749	2.506
1434	0.4063	0.9733	2.670
1435	0.4060	0.9736	2.642
1436	0.4048	0.9738	2.622
1437	0.4084	0.9724	2.761
1438	0.4085	0.9723	2.774
1439	0.4011	0.9756	2.445
1440	0.4080	0.9728	2.722
1441	0.4044	0.9741	2.586
1442	0.4093	0.9718	2.820
1443	0.4035	0.9742	2.579
1444	0.4071	0.9731	2.695
1445	0.4089	0.9723	2.773
1446	0.4098	0.9718	2.817
1447	0.4086	0.9724	2.757
1448	0.4086	0.9723	2.768
1449	0.4092	0.9725	2.748
1450	0.4037	0.9749	2.511
1451	0.4071	0.9728	2.722
1452	0.4067	0.9735	2.651
1453	0.4069	0.9730	2.697
1454	0.4039	0.9746	2.538
1455	0.4079	0.9726	2.736
1456	0.3952	0.9778	2.216
1457	0.4051	0.9735	2.651
1458	0.3929	0.9794	2.055
1459	0.4062	0.9730	2.700
1460	0.4026	0.9752	2.475
1461	0.4080	0.9727	2.730
1462	0.4102	0.9718	2.825
1463	0.4063	0.9735	2.654
1464	0.4046	0.9740	2.602
1465	0.4044	0.9740	2.604
1466	0.4037	0.9747	2.531
1467	0.4079	0.9729	2.713
1468	0.4024	0.9749	2.515
1469	0.4071	0.9729	2.706
1470	0.4092	0.9724	2.756
1471	0.4056	0.9739	2.606
1472	0.3930	0.9796	2.041
1473	0.4006	0.9754	2.461
1474	0.4034	0.9747	2.529
1475	0.4087	0.9723	2.774
1476	0.3931	0.9794	2.059
1477	0.4068	0.9731	2.690
1478	0.4088	0.9721	2.789
1479	0.4081	0.9723	2.767
1480	0.4068	0.9731	2.695
1481	0.3968	0.9775	2.253
1482	0.4030	0.9743	2.569
1483	0.4060	0.9736	2.642
1484	0.4082	0.9726	2.742
1485	0.4058	0.9732	2.676
1486	0.4077	0.9727	2.729
1487	0.3912	0.9802	1.984
1488	0.4066	0.9734	2.663
1489	0.4095	0.9720	2.797
1490	0.4073	0.9731	2.694
1491	0.4021	0.9748	2.520
1492	0.4080	0.9726	2.738
1493	0.3955	0.9784	2.160
1494	0.4060	0.9736	2.639
1495	0.4082	0.9727	2.732
1496	0.4072	0.9724	2.764
1497	0.4070	0.9730	2.699
1498	0.4066	0.9732	2.677
1499	0.3990	0.9761	2.393
1500	0.4080	0.9729	2.713
1501	0.4058	0.9735	2.648
1502	0.4018	0.9750	2.503
1503	0.4062	0.9730	2.703
1504	0.4079	0.9727	2.726
1505	0.4068	0.9728	2.720
1506	0.4105	0.9712	2.879
1507	0.4085	0.9724	2.758
1508	0.4078	0.9729	2.714
1509	0.4087	0.9722	2.778
1510	0.4096	0.9718	2.817
1511	0.4022	0.9753	2.475
1512	0.4052	0.9735	2.647
1513	0.4089	0.9720	2.799
1514	0.4059	0.9732	2.683
1515	0.4055	0.9735	2.647
1516	0.4067	0.9734	2.661
1517	0.4025	0.9748	2.520
1518	0.4033	0.9747	2.532
1519	0.3930	0.9792	2.080
1520	0.4074	0.9729	2.706
1521	0.4075	0.9722	2.781
1522	0.4045	0.9739	2.609
1523	0.4018	0.9749	2.511
1524	0.4069	0.9733	2.675
1525	0.4037	0.9741	2.594
1526	0.3988	0.9765	2.352
1527	0.4077	0.9724	2.757
1528	0.4063	0.9729	2.708
1529	0.3943	0.9785	2.147
1530	0.4006	0.9753	2.469
1531	0.4079	0.9726	2.738
1532	0.4043	0.9741	2.585
1533	0.4095	0.9720	2.801
1534	0.4044	0.9740	2.603
1535	0.4067	0.9735	2.652
1536	0.3943	0.9785	2.147
1537	0.4063	0.9733	2.672
1538	0.4079	0.9728	2.722
1539	0.4070	0.9730	2.699
1540	0.4101	0.9717	2.826
1541	0.4086	0.9724	2.758
1542	0.3930	0.9792	2.081
1543	0.4052	0.9735	2.646
1544	0.4093	0.9718	2.822
1545	0.3990	0.9761	2.395
1546	0.4037	0.9749	2.513
1547	0.4030	0.9743	2.568
1548	0.4034	0.9742	2.579
1549	0.4079	0.9728	2.715
1550	0.4017	0.9749	2.505
1551	0.4006	0.9753	2.467
1552	0.4068	0.9731	2.692
1553	0.4024	0.9748	2.520
1554	0.4076	0.9724	2.760
1555	0.4080	0.9727	2.734
1556	0.4020	0.9748	2.519
1557	0.4080	0.9723	2.770
1558	0.4036	0.9747	2.534
1559	0.4069	0.9731	2.693
1560	0.3928	0.9794	2.057
1561	0.4026	0.9753	2.472
1562	0.4060	0.9736	2.639
1563	0.4039	0.9746	2.539
1564	0.4063	0.9729	2.706
1565	0.4096	0.9718	2.819
1566	0.4089	0.9720	2.801
1567	0.4075	0.9722	2.780
1568	0.4066	0.9732	2.676
1569	0.4048	0.9738	2.620
1570	0.4071	0.9730	2.697
1571	0.4051	0.9735	2.650
1572	0.4068	0.9730	2.696
1573	0.4082	0.9726	2.740
1574	0.4018	0.9749	2.511
1575	0.4073	0.9729	2.708
1576	0.4083	0.9724	2.761
1577	0.4082	0.9727	2.733
1578	0.4086	0.9723	2.768
1579	0.4046	0.9740	2.603
1580	0.3929	0.9796	2.042
1581	0.4077	0.9728	2.717
1582	0.4044	0.9739	2.606
1583	0.3951	0.9779	2.212
1584	0.4073	0.9731	2.692
1585	0.4079	0.9728	2.721
1586	0.3912	0.9802	1.983
1587	0.4071	0.9723	2.768
1588	0.3968	0.9775	2.253
1589	0.4065	0.9734	2.663
1590	0.4058	0.9732	2.680
1591	0.4077	0.9727	2.729
1592	0.4059	0.9736	2.643
1593	0.4080	0.9726	2.739
1594	0.4058	0.9735	2.648
1595	0.4086	0.9723	2.774
1596	0.4055	0.9735	2.647
1597	0.4033	0.9747	2.531
1598	0.4055	0.9739	2.608
1599	0.4084	0.9723	2.773
1600	0.4079	0.9729	2.712
1601	0.4061	0.9730	2.704
1602	0.4088	0.9723	2.774
1603	0.4024	0.9749	2.514
1604	0.4010	0.9756	2.445
1605	0.4067	0.9734	2.661
1606	0.3931	0.9794	2.060
1607	0.3954	0.9784	2.162
1608	0.4034	0.9747	2.532
1609	0.4065	0.9731	2.695
1610	0.4062	0.9735	2.655
1611	0.4037	0.9741	2.592
1612	0.4087	0.9722	2.778
1613	0.4057	0.9732	2.677
1614	0.4069	0.9733	2.675
1615	0.4094	0.9717	2.831
1616	0.4071	0.9728	2.723
1617	0.4079	0.9729	2.712
1618	0.4091	0.9725	2.749
1619	0.3988	0.9765	2.352
1620	0.4092	0.9724	2.760
1621	0.4087	0.9721	2.786
1622	0.4061	0.9730	2.703
1623	0.4005	0.9754	2.459
1624	0.4068	0.9728	2.721
1625	0.4105	0.9712	2.881
1626	0.4097	0.9718	2.819
1627	0.4071	0.9730	2.704
1628	0.4018	0.9750	2.503
1629	0.4059	0.9736	2.642
1630	0.4021	0.9753	2.472
1631	0.4084	0.9724	2.758
1632	0.4062	0.9735	2.653
1633	0.3929	0.9792	2.081
1634	0.4057	0.9732	2.676
1635	0.4043	0.9740	2.603
1636	0.4055	0.9739	2.608
1637	0.4029	0.9743	2.568
1638	0.4073	0.9731	2.691
1639	0.4079	0.9729	2.712
1640	0.4033	0.9747	2.531
1641	0.4059	0.9736	2.638
1642	0.3928	0.9794	2.056
1643	0.4055	0.9735	2.648
1644	0.4081	0.9727	2.733
1645	0.4046	0.9740	2.604
1646	0.4036	0.9747	2.533
1647	0.4043	0.9742	2.584
1648	0.4059	0.9736	2.642
1649	0.4018	0.9750	2.503
1650	0.4078	0.9726	2.737
1651	0.4097	0.9718	2.818
1652	0.4094	0.9720	2.798
1653	0.4092	0.9718	2.822
1654	0.4079	0.9726	2.739
1655	0.4016	0.9749	2.506
1656	0.4105	0.9712	2.879
1657	0.4021	0.9752	2.475
1658	0.3967	0.9775	2.253
1659	0.4071	0.9723	2.766
1660	0.4068	0.9730	2.696
1661	0.4079	0.9728	2.722
1662	0.4057	0.9735	2.648
1663	0.4085	0.9723	2.768
1664	0.4059	0.9736	2.642
1665	0.4065	0.9732	2.677
1666	0.4085	0.9724	2.758
1667	0.4025	0.9753	2.474
1668	0.4065	0.9734	2.663
1669	0.4037	0.9741	2.594
1670	0.4005	0.9754	2.460
1671	0.4047	0.9738	2.622
1672	0.4068	0.9733	2.675
1673	0.3954	0.9784	2.160
1674	0.4005	0.9753	2.469
1675	0.4084	0.9724	2.758
1676	0.4070	0.9728	2.721
1677	0.4086	0.9723	2.774
1678	0.4051	0.9735	2.647
1679	0.4023	0.9749	2.514
1680	0.4078	0.9728	2.724
1681	0.4091	0.9724	2.758
1682	0.3911	0.9802	1.983
1683	0.4069	0.9730	2.699
1684	0.4010	0.9756	2.445
1685	0.4018	0.9749	2.512
1686	0.3930	0.9794	2.059
1687	0.4076	0.9727	2.730
1688	0.4068	0.9731	2.693
1689	0.4079	0.9729	2.714
1690	0.4101	0.9717	2.827
1691	0.4066	0.9735	2.653
1692	0.4070	0.9731	2.694
1693	0.4095	0.9718	2.818
1694	0.4073	0.9729	2.707
1695	0.4088	0.9723	2.774
1696	0.4024	0.9748	2.520
1697	0.4077	0.9729	2.715
1698	0.4063	0.9729	2.708
1699	0.4020	0.9748	2.519
1700	0.3928	0.9796	2.042
1701	0.4044	0.9739	2.606
1702	0.4058	0.9732	2.679
1703	0.4066	0.9734	2.660
1704	0.3951	0.9779	2.213
1705	0.4067	0.9728	2.720
1706	0.4065	0.9731	2.695
1707	0.4038	0.9746	2.541
1708	0.4033	0.9747	2.532
1709	0.4061	0.9730	2.703
1710	0.4061	0.9730	2.705
1711	0.3987	0.9765	2.352
1712	0.4091	0.9725	2.750
1713	0.4067	0.9731	2.692
1714	0.4086	0.9722	2.778
1715	0.4081	0.9726	2.740
1716	0.4079	0.9723	2.768
1717	0.4070	0.9730	2.704
1718	0.4036	0.9749	2.513
1719	0.4082	0.9724	2.761
1720	0.3989	0.9761	2.392
1721	0.4084	0.9723	2.772
1722	0.4033	0.9742	2.579
1723	0.4062	0.9733	2.670
1724	0.4088	0.9720	2.801
1725	0.4078	0.9728	2.716
1726	0.4076	0.9724	2.756
1727	0.3942	0.9785	2.148
1728	0.4050	0.9735	2.650
1729	0.4087	0.9721	2.786
1730	0.4094	0.9717	2.831
1731	0.4074	0.9722	2.780
1732	0.4079	0.9727	2.731
1733	0.4087	0.9723	2.774
1734	0.4091	0.9725	2.749
1735	0.4042	0.9742	2.584
1736	0.3927	0.9794	2.056
1737	0.4070	0.9728	2.722
1738	0.4058	0.9736	2.642
1739	0.4023	0.9749	2.513
1740	0.4087	0.9721	2.786
1741	0.4010	0.9755	2.445
1742	0.4029	0.9743	2.569
1743	0.4092	0.9718	2.820
1744	0.4056	0.9733	2.675
1745	0.4055	0.9739	2.609
1746	0.3942	0.9785	2.147
1747	0.4072	0.9729	2.707
1748	0.4062	0.9735	2.653
1749	0.4081	0.9727	2.732
1750	0.3987	0.9765	2.352
1751	0.4067	0.9731	2.692
1752	0.4050	0.9735	2.650
1753	0.4104	0.9712	2.882
1754	0.4058	0.9736	2.642
1755	0.4061	0.9730	2.704
1756	0.4032	0.9747	2.531
1757	0.4035	0.9747	2.533
1758	0.4061	0.9733	2.671
1759	0.3950	0.9779	2.213
1760	0.4088	0.9720	2.800
1761	0.4079	0.9726	2.739
1762	0.4070	0.9730	2.696
1763	0.4078	0.9728	2.723
1764	0.4091	0.9724	2.759
1765	0.4079	0.9729	2.713
1766	0.4068	0.9731	2.693
1767	0.4017	0.9750	2.503
1768	0.3911	0.9802	1.982
1769	0.4082	0.9724	2.761
1770	0.4075	0.9724	2.756
1771	0.4045	0.9740	2.604
1772	0.4036	0.9741	2.594
1773	0.4036	0.9749	2.511
1774	0.4085	0.9724	2.758
1775	0.4016	0.9749	2.506
1776	0.4100	0.9717	2.827
1777	0.4057	0.9732	2.682
1778	0.4067	0.9730	2.695
1779	0.4072	0.9731	2.691
1780	0.4017	0.9749	2.511
1781	0.4078	0.9729	2.712
1782	0.4076	0.9729	2.715
1783	0.4084	0.9723	2.774
1784	0.4094	0.9718	2.818
1785	0.3928	0.9796	2.040
1786	0.4083	0.9724	2.758
1787	0.4093	0.9717	2.828
1788	0.4033	0.9747	2.530
1789	0.4019	0.9748	2.520
1790	0.4074	0.9722	2.780
1791	0.4004	0.9753	2.470
1792	0.4023	0.9748	2.520
1793	0.4050	0.9735	2.647
1794	0.4065	0.9732	2.677
1795	0.3967	0.9775	2.254
1796	0.3988	0.9761	2.392
1797	0.4096	0.9718	2.820
1798	0.4070	0.9723	2.767
1799	0.4064	0.9731	2.694
1800	0.4068	0.9732	2.675
1801	0.3929	0.9792	2.080
1802	0.4064	0.9734	2.664
1803	0.4086	0.9722	2.778
1804	0.4077	0.9728	2.716
1805	0.4076	0.9727	2.730
1806	0.4033	0.9742	2.580
1807	0.4025	0.9753	2.474
1808	0.4085	0.9723	2.774
1809	0.4084	0.9723	2.767
1810	0.4020	0.9753	2.474
1811	0.4047	0.9738	2.621
1812	0.4068	0.9730	2.698
1813	0.4070	0.9730	2.704
1814	0.4058	0.9736	2.638
1815	0.4079	0.9723	2.767
1816	0.4093	0.9720	2.797
1817	0.4060	0.9730	2.700
1818	0.4067	0.9728	2.719
1819	0.4081	0.9726	2.743
1820	0.4038	0.9746	2.537
1821	0.4043	0.9739	2.611
1822	0.4078	0.9727	2.734
1823	0.4066	0.9734	2.661
1824	0.4078	0.9728	2.721
1825	0.4066	0.9735	2.651
1826	0.4062	0.9729	2.705
1827	0.4078	0.9727	2.731
1828	0.3930	0.9794	2.059
1829	0.4057	0.9735	2.647
1830	0.3953	0.9784	2.161
1831	0.4042	0.9740	2.604
1832	0.4054	0.9735	2.647
1833	0.4004	0.9754	2.459
1834	0.4061	0.9733	2.669
1835	0.4045	0.9740	2.604
1836	0.4094	0.9718	2.818
1837	0.4078	0.9726	2.739
1838	0.4057	0.9735	2.647
1839	0.4004	0.9753	2.470
1840	0.4036	0.9741	2.594
1841	0.3967	0.9775	2.254
1842	0.4083	0.9724	2.757
1843	0.4077	0.9728	2.715
1844	0.4020	0.9753	2.475
1845	0.4069	0.9730	2.695
1846	0.4042	0.9741	2.586
1847	0.4004	0.9754	2.461
1848	0.4060	0.9730	2.703
1849	0.4086	0.9721	2.785
1850	0.4035	0.9749	2.512
1851	0.4064	0.9731	2.692
1852	0.4057	0.9732	2.682
1853	0.4083	0.9723	2.774
1854	0.4078	0.9727	2.731
1855	0.4078	0.9728	2.721
1856	0.4038	0.9746	2.536
1857	0.4093	0.9717	2.828
1858	0.4100	0.9717	2.825
1859	0.4022	0.9749	2.515
1860	0.4035	0.9747	2.531
1861	0.4054	0.9739	2.606
1862	0.4017	0.9749	2.510
1863	0.4069	0.9730	2.704
1864	0.4066	0.9728	2.718
1865	0.4093	0.9720	2.797
1866	0.4033	0.9747	2.528
1867	0.3928	0.9796	2.040
1868	0.3988	0.9761	2.394
1869	0.4043	0.9739	2.610
1870	0.4073	0.9722	2.778
1871	0.4091	0.9718	2.820
1872	0.4068	0.9732	2.676
1873	0.4069	0.9728	2.722
1874	0.4075	0.9727	2.726
1875	0.3950	0.9779	2.215
1876	0.4019	0.9748	2.520
1877	0.4064	0.9733	2.675
1878	0.4078	0.9729	2.712
1879	0.4058	0.9736	2.644
1880	0.4078	0.9726	2.737
1881	0.4050	0.9735	2.647
1882	0.4061	0.9735	2.652
1883	0.4067	0.9731	2.694
1884	0.4072	0.9730	2.704
1885	0.3927	0.9794	2.055
1886	0.3986	0.9765	2.353
1887	0.4103	0.9712	2.879
1888	0.3941	0.9785	2.148
1889	0.4058	0.9736	2.642
1890	0.4084	0.9724	2.758
1891	0.4087	0.9720	2.800
1892	0.4075	0.9724	2.756
1893	0.4076	0.9729	2.715
1894	0.3910	0.9802	1.983
1895	0.4042	0.9740	2.604
1896	0.4077	0.9727	2.726
1897	0.4024	0.9752	2.475
1898	0.4065	0.9734	2.661
1899	0.4085	0.9722	2.778
1900	0.4078	0.9729	2.712
1901	0.4095	0.9718	2.817
1902	0.4060	0.9730	2.699
1903	0.4065	0.9735	2.651
1904	0.4078	0.9723	2.767
1905	0.4053	0.9735	2.646
1906	0.4071	0.9731	2.692
1907	0.3953	0.9784	2.161
1908	0.4046	0.9738	2.622
1909	0.4015	0.9749	2.506
1910	0.4090	0.9724	2.758
1911	0.4087	0.9723	2.774
1912	0.4085	0.9723	2.774
1913	0.4028	0.9743	2.569
1914	0.4090	0.9725	2.748
1915	0.4084	0.9723	2.766
1916	0.4064	0.9734	2.662
1917	0.4070	0.9724	2.764
1918	0.4049	0.9735	2.650
1919	0.4066	0.9730	2.695
1920	0.4016	0.9750	2.503
1921	0.4055	0.9732	2.676
1922	0.4009	0.9755	2.446
1923	0.4081	0.9724	2.761
1924	0.4058	0.9736	2.638
1925	0.4031	0.9747	2.531
1926	0.4068	0.9730	2.699
1927	0.3929	0.9794	2.059
1928	0.4032	0.9742	2.580
1929	0.4023	0.9748	2.520
1930	0.4080	0.9726	2.740
1931	0.4080	0.9727	2.732
1932	0.4061	0.9729	2.708
1933	0.3928	0.9792	2.080
1934	0.4066	0.9731	2.690
1935	0.4065	0.9735	2.652
1936	0.4023	0.9748	2.520
1937	0.4066	0.9731	2.690
1938	0.4067	0.9731	2.693
1939	0.4056	0.9735	2.648
1940	0.4084	0.9724	2.758
1941	0.4064	0.9732	2.676
1942	0.4003	0.9754	2.459
1943	0.4064	0.9734	2.663
1944	0.4078	0.9723	2.768
1945	0.4077	0.9728	2.716
1946	0.4078	0.9729	2.712
1947	0.4035	0.9749	2.512
1948	0.3927	0.9796	2.040
1949	0.4034	0.9747	2.532
1950	0.4016	0.9749	2.511
1951	0.4035	0.9741	2.594
1952	0.4090	0.9725	2.748
1953	0.4078	0.9727	2.732
1954	0.4004	0.9753	2.470
1955	0.4067	0.9733	2.674
1956	0.4032	0.9742	2.579
1957	0.3941	0.9785	2.148
1958	0.4078	0.9729	2.713
1959	0.4055	0.9733	2.675
1960	0.4019	0.9748	2.519
1961	0.4084	0.9723	2.768
1962	0.4024	0.9753	2.474
1963	0.4068	0.9730	2.698
1964	0.4080	0.9727	2.732
1965	0.4083	0.9723	2.773
1966	0.4085	0.9721	2.785
1967	0.4085	0.9722	2.778
1968	0.4065	0.9734	2.660
1969	0.4086	0.9723	2.774
1970	0.3953	0.9784	2.160
1971	0.4022	0.9749	2.513
1972	0.4066	0.9728	2.720
1973	0.4075	0.9727	2.730
1974	0.4037	0.9746	2.537
1975	0.3986	0.9765	2.353
1976	0.4095	0.9718	2.818
1977	0.4063	0.9731	2.694
1978	0.4031	0.9747	2.532
1979	0.4078	0.9726	2.739
1980	0.4059	0.9730	2.703
1981	0.4049	0.9735	2.650
1982	0.4032	0.9747	2.530
1983	0.4069	0.9730	2.704
1984	0.4057	0.9736	2.642
1985	0.4028	0.9743	2.570
1986	0.4092	0.9717	2.830
1987	0.4016	0.9750	2.503
1988	0.3949	0.9779	2.213
1989	0.4061	0.9735	2.652
1990	0.3926	0.9794	2.057
1991	0.4075	0.9728	2.716
1992	0.4081	0.9724	2.761
1993	0.4099	0.9717	2.827
1994	0.4071	0.9729	2.707
1995	0.4103	0.9712	2.880
1996	0.4071	0.9731	2.691
1997	0.4041	0.9742	2.584
1998	0.4046	0.9738	2.621
1999	0.4093	0.9718	2.818
