0	0.4053	0.9739	2.606
1	0.3987	0.9761	2.392
2	0.4091	0.9718	2.822
3	0.4084	0.9723	2.774
4	0.4066	0.9730	2.696
5	0.4073	0.9722	2.780
6	0.4015	0.9749	2.506
7	0.4069	0.9728	2.723
8	0.4042	0.9739	2.609
9	0.4008	0.9755	2.445
10	0.4049	0.9735	2.647
11	0.4069	0.9723	2.765
12	0.4059	0.9730	2.701
13	0.4090	0.9724	2.758
14	0.4086	0.9720	2.800
15	0.4041	0.9740	2.604
16	0.4060	0.9733	2.671
17	0.4057	0.9736	2.638
18	0.4077	0.9727	2.726
19	0.3928	0.9792	2.080
20	0.4053	0.9735	2.647
21	0.4069	0.9731	2.695
22	0.4057	0.9736	2.642
23	0.3929	0.9794	2.059
24	0.4092	0.9720	2.799
25	0.4056	0.9732	2.682
26	0.4080	0.9726	2.740
27	0.4077	0.9728	2.722
28	0.4061	0.9729	2.707
29	0.4074	0.9724	2.757
30	0.4019	0.9753	2.474
31	0.4082	0.9724	2.757
32	0.4044	0.9740	2.604
33	0.4077	0.9726	2.739
34	0.3966	0.9775	2.254
35	0.3910	0.9802	1.983
36	0.4024	0.9753	2.472
37	0.4046	0.9738	2.620
38	0.4071	0.9731	2.691
39	0.4035	0.9741	2.594
40	0.4095	0.9718	2.818
41	0.4083	0.9723	2.767
42	0.4056	0.9732	2.682
43	0.4022	0.9748	2.520
44	0.4080	0.9726	2.741
45	0.4075	0.9729	2.715
46	0.4074	0.9727	2.729
47	0.4067	0.9730	2.699
48	0.4063	0.9731	2.692
49	0.4084	0.9723	2.774
50	0.4060	0.9733	2.670
51	0.4085	0.9722	2.777
52	0.4081	0.9724	2.762
53	0.4044	0.9740	2.601
54	0.4041	0.9741	2.585
55	0.4079	0.9727	2.731
56	0.4077	0.9729	2.712
57	0.4077	0.9728	2.720
58	0.4083	0.9724	2.759
59	0.4031	0.9747	2.532
60	0.4074	0.9724	2.756
61	0.3966	0.9775	2.254
62	0.4064	0.9735	2.650
63	0.4059	0.9730	2.700
64	0.4041	0.9740	2.604
65	0.3926	0.9795	2.055
66	0.4078	0.9723	2.767
67	0.4076	0.9729	2.713
68	0.4018	0.9748	2.519
69	0.4066	0.9730	2.695
70	0.4027	0.9743	2.569
71	0.4069	0.9724	2.763
72	0.4093	0.9718	2.816
73	0.4076	0.9727	2.735
74	0.4064	0.9734	2.663
75	0.4066	0.9728	2.718
76	0.4085	0.9721	2.787
77	0.3909	0.9802	1.982
78	0.4089	0.9724	2.757
79	0.4057	0.9736	2.636
80	0.4077	0.9727	2.730
81	0.4090	0.9718	2.821
82	0.4072	0.9722	2.776
83	0.4063	0.9734	2.663
84	0.4057	0.9736	2.642
85	0.4060	0.9735	2.652
86	0.4063	0.9733	2.674
87	0.4077	0.9726	2.739
88	0.4032	0.9742	2.577
89	0.4055	0.9735	2.647
90	0.4082	0.9724	2.761
91	0.4049	0.9735	2.646
92	0.4071	0.9730	2.704
93	0.4055	0.9733	2.674
94	0.4068	0.9728	2.721
95	0.4021	0.9749	2.515
96	0.4052	0.9736	2.644
97	0.4042	0.9739	2.608
98	0.4089	0.9725	2.748
99	0.3927	0.9796	2.040
100	0.4099	0.9718	2.824
101	0.4086	0.9720	2.799
102	0.3949	0.9779	2.215
103	0.4036	0.9746	2.537
104	0.4031	0.9747	2.528
105	0.3928	0.9794	2.059
106	0.4016	0.9750	2.502
107	0.4034	0.9749	2.512
108	0.4019	0.9753	2.475
109	0.4065	0.9731	2.690
110	0.4003	0.9753	2.471
111	0.4086	0.9723	2.773
112	0.4092	0.9720	2.798
113	0.4002	0.9754	2.460
114	0.4068	0.9731	2.694
115	0.4016	0.9749	2.509
116	0.4048	0.9735	2.650
117	0.4077	0.9729	2.712
118	0.4102	0.9712	2.880
119	0.4008	0.9755	2.446
120	0.4014	0.9749	2.505
121	0.4053	0.9739	2.606
122	0.4066	0.9731	2.694
123	0.4076	0.9727	2.727
124	0.3952	0.9784	2.161
125	0.3940	0.9785	2.148
126	0.4057	0.9736	2.642
127	0.4092	0.9717	2.830
128	0.4033	0.9747	2.533
129	0.4061	0.9729	2.707
130	0.3987	0.9761	2.392
131	0.4082	0.9723	2.772
132	0.4066	0.9732	2.676
133	0.4068	0.9730	2.704
134	0.3927	0.9792	2.080
135	0.4059	0.9730	2.702
136	0.3985	0.9765	2.353
137	0.4065	0.9730	2.696
138	0.4085	0.9721	2.787
139	0.4082	0.9723	2.772
140	0.4015	0.9749	2.512
141	0.4077	0.9727	2.731
142	0.4057	0.9736	2.643
143	0.4063	0.9731	2.694
144	0.4090	0.9718	2.819
145	0.3925	0.9794	2.056
146	0.4003	0.9753	2.469
147	0.4065	0.9728	2.720
148	0.4027	0.9743	2.568
149	0.3965	0.9775	2.253
150	0.4083	0.9723	2.768
151	0.4019	0.9753	2.473
152	0.4068	0.9730	2.696
153	0.4084	0.9722	2.778
154	0.4053	0.9739	2.608
155	0.4082	0.9724	2.757
156	0.3987	0.9761	2.393
157	0.4043	0.9740	2.604
158	0.4060	0.9735	2.652
159	0.4069	0.9723	2.767
160	0.4031	0.9742	2.579
161	0.4064	0.9735	2.653
162	0.4036	0.9746	2.538
163	0.4031	0.9747	2.530
164	0.4034	0.9741	2.594
165	0.4070	0.9731	2.691
166	0.4057	0.9736	2.638
167	0.4062	0.9734	2.663
168	0.4080	0.9724	2.761
169	0.4089	0.9725	2.748
170	0.4059	0.9730	2.702
171	0.4073	0.9724	2.756
172	0.4033	0.9747	2.532
173	0.4048	0.9735	2.650
174	0.4066	0.9731	2.693
175	0.4085	0.9723	2.773
176	0.4094	0.9718	2.815
177	0.4093	0.9718	2.818
178	0.4060	0.9729	2.705
179	0.4092	0.9717	2.827
180	0.3952	0.9784	2.161
181	0.3909	0.9802	1.983
182	0.4079	0.9726	2.740
183	0.4055	0.9735	2.647
184	0.4077	0.9723	2.767
185	0.4072	0.9722	2.779
186	0.4059	0.9730	2.699
187	0.4077	0.9726	2.739
188	0.4066	0.9730	2.698
189	0.4008	0.9755	2.446
190	0.4040	0.9742	2.585
191	0.4056	0.9736	2.642
192	0.4075	0.9728	2.715
193	0.4041	0.9740	2.604
194	0.4076	0.9728	2.720
195	0.4014	0.9749	2.505
196	0.3939	0.9785	2.148
197	0.4049	0.9735	2.647
198	0.4045	0.9738	2.620
199	0.4063	0.9732	2.677
200	0.4068	0.9728	2.723
201	0.3927	0.9792	2.080
202	0.4021	0.9748	2.520
203	0.3985	0.9765	2.353
204	0.4098	0.9717	2.826
205	0.4089	0.9724	2.758
206	0.4002	0.9754	2.459
207	0.4041	0.9739	2.607
208	0.4068	0.9730	2.704
209	0.4070	0.9729	2.706
210	0.3926	0.9796	2.042
211	0.4102	0.9712	2.881
212	0.4074	0.9727	2.729
213	0.4076	0.9728	2.724
214	0.4030	0.9747	2.531
215	0.4015	0.9750	2.503
216	0.3948	0.9779	2.213
217	0.4052	0.9735	2.647
218	0.4017	0.9748	2.519
219	0.4076	0.9729	2.712
220	0.4054	0.9733	2.675
221	0.4079	0.9727	2.733
222	0.4083	0.9724	2.759
223	0.4076	0.9729	2.714
224	0.4059	0.9733	2.671
225	0.4034	0.9749	2.513
226	0.4021	0.9749	2.514
227	0.4085	0.9720	2.801
228	0.3928	0.9794	2.060
229	0.4076	0.9726	2.739
230	0.4066	0.9732	2.675
231	0.4083	0.9723	2.774
232	0.4064	0.9731	2.692
233	0.4055	0.9732	2.679
234	0.4023	0.9753	2.473
235	0.4091	0.9720	2.800
236	0.4064	0.9734	2.661
237	0.4074	0.9728	2.717
238	0.4076	0.9728	2.722
239	0.4026	0.9743	2.568
240	0.4031	0.9747	2.532
241	0.3939	0.9785	2.147
242	0.4073	0.9724	2.757
243	0.4091	0.9717	2.831
244	0.4030	0.9747	2.530
245	0.4081	0.9724	2.757
246	0.4079	0.9726	2.740
247	0.4048	0.9735	2.647
248	0.4055	0.9735	2.647
249	0.4074	0.9729	2.715
250	0.4066	0.9730	2.698
251	0.4054	0.9733	2.674
252	0.4076	0.9727	2.726
253	0.4045	0.9738	2.622
254	0.3926	0.9796	2.041
255	0.4088	0.9725	2.748
256	0.4041	0.9739	2.608
257	0.4094	0.9718	2.818
258	0.4085	0.9720	2.800
259	0.4066	0.9733	2.675
260	0.4064	0.9731	2.690
261	0.4055	0.9732	2.682
262	0.4098	0.9717	2.826
263	0.4065	0.9731	2.694
264	0.4002	0.9753	2.471
265	0.4071	0.9722	2.779
266	0.4059	0.9735	2.653
267	0.4078	0.9727	2.732
268	0.3926	0.9792	2.080
269	0.4014	0.9749	2.506
270	0.4063	0.9734	2.661
271	0.4067	0.9731	2.695
272	0.4080	0.9724	2.761
273	0.4076	0.9726	2.738
274	0.4058	0.9730	2.700
275	0.4015	0.9750	2.503
276	0.3951	0.9784	2.162
277	0.4065	0.9730	2.696
278	0.4036	0.9746	2.539
279	0.4040	0.9740	2.603
280	0.4058	0.9730	2.704
281	0.4043	0.9740	2.603
282	0.4062	0.9734	2.663
283	0.4021	0.9748	2.520
284	0.4075	0.9728	2.716
285	0.4091	0.9720	2.800
286	0.4002	0.9754	2.459
287	0.4023	0.9753	2.473
288	0.4007	0.9756	2.445
289	0.4081	0.9723	2.773
290	0.3908	0.9802	1.982
291	0.4040	0.9741	2.585
292	0.4102	0.9712	2.880
293	0.3986	0.9761	2.392
294	0.4077	0.9723	2.769
295	0.4047	0.9735	2.650
296	0.3948	0.9779	2.214
297	0.4073	0.9727	2.729
298	0.4076	0.9726	2.738
299	0.4085	0.9723	2.773
300	0.4089	0.9718	2.820
301	0.4015	0.9749	2.511
302	0.4052	0.9739	2.607
303	0.4063	0.9735	2.653
304	0.4059	0.9733	2.670
305	0.4082	0.9724	2.759
306	0.4076	0.9729	2.712
307	0.4051	0.9735	2.647
308	0.4067	0.9728	2.723
309	0.4068	0.9724	2.765
310	0.4060	0.9729	2.707
311	0.4034	0.9741	2.594
312	0.3927	0.9794	2.059
313	0.4084	0.9721	2.787
314	0.4056	0.9736	2.638
315	0.4092	0.9718	2.818
316	0.4076	0.9729	2.712
317	0.4082	0.9723	2.767
318	0.4017	0.9748	2.519
319	0.4062	0.9732	2.677
320	0.4062	0.9731	2.693
321	0.4018	0.9753	2.474
322	0.3984	0.9765	2.353
323	0.4056	0.9736	2.643
324	0.4083	0.9723	2.774
325	0.4031	0.9742	2.579
326	0.4033	0.9747	2.534
327	0.3964	0.9775	2.252
328	0.4076	0.9727	2.732
329	0.3925	0.9794	2.057
330	0.4083	0.9722	2.777
331	0.4056	0.9736	2.642
332	0.4067	0.9730	2.704
333	0.4064	0.9728	2.720
334	0.4070	0.9729	2.706
335	0.4033	0.9749	2.512
336	0.4020	0.9749	2.513
337	0.4088	0.9724	2.758
338	0.4069	0.9731	2.692
339	0.4089	0.9718	2.821
340	0.4054	0.9735	2.647
341	0.4101	0.9712	2.880
342	0.4075	0.9728	2.716
343	0.4017	0.9748	2.520
344	0.4062	0.9734	2.662
345	0.4088	0.9724	2.757
346	0.3939	0.9785	2.148
347	0.3926	0.9792	2.080
348	0.4032	0.9747	2.533
349	0.4067	0.9730	2.704
350	0.4076	0.9727	2.732
351	0.4083	0.9723	2.774
352	0.4065	0.9733	2.675
353	0.4079	0.9724	2.763
354	0.4073	0.9727	2.726
355	0.4093	0.9719	2.815
356	0.4047	0.9735	2.651
357	0.4029	0.9747	2.532
358	0.4058	0.9730	2.701
359	0.4030	0.9742	2.578
360	0.4051	0.9735	2.646
361	0.4069	0.9731	2.693
362	0.4078	0.9726	2.743
363	0.4041	0.9739	2.609
364	0.4020	0.9749	2.515
365	0.3927	0.9794	2.059
366	0.4082	0.9723	2.765
367	0.4026	0.9743	2.568
368	0.4021	0.9748	2.519
369	0.4070	0.9729	2.705
370	0.4059	0.9735	2.651
371	0.4076	0.9729	2.712
372	0.4014	0.9749	2.510
373	0.4088	0.9725	2.748
374	0.4058	0.9730	2.702
375	0.4059	0.9729	2.707
376	0.4056	0.9736	2.638
377	0.4071	0.9722	2.779
378	0.4014	0.9750	2.502
379	0.4097	0.9717	2.826
380	0.4022	0.9753	2.474
381	0.4084	0.9722	2.785
382	0.4065	0.9731	2.694
383	0.4072	0.9724	2.756
384	0.4064	0.9728	2.719
385	0.4018	0.9753	2.474
386	0.4067	0.9731	2.694
387	0.4066	0.9730	2.699
388	0.4059	0.9733	2.669
389	0.4039	0.9741	2.585
390	0.4084	0.9723	2.772
391	0.4048	0.9735	2.646
392	0.4055	0.9736	2.644
393	0.4007	0.9755	2.446
394	0.4083	0.9722	2.777
395	0.3924	0.9795	2.055
396	0.3986	0.9761	2.394
397	0.4051	0.9739	2.606
398	0.4061	0.9731	2.693
399	0.4091	0.9720	2.797
400	0.3984	0.9765	2.353
401	0.4078	0.9727	2.731
402	0.4085	0.9720	2.800
403	0.4081	0.9723	2.774
404	0.4076	0.9726	2.737
405	0.4055	0.9736	2.641
406	0.4033	0.9741	2.595
407	0.4068	0.9724	2.764
408	0.4040	0.9740	2.603
409	0.4042	0.9740	2.602
410	0.4053	0.9732	2.676
411	0.3951	0.9784	2.161
412	0.4075	0.9727	2.726
413	0.4035	0.9746	2.537
414	0.4063	0.9734	2.661
415	0.4044	0.9738	2.621
416	0.3964	0.9775	2.253
417	0.4054	0.9732	2.682
418	0.4064	0.9731	2.690
419	0.4075	0.9726	2.738
420	0.4075	0.9728	2.720
421	0.4002	0.9753	2.470
422	0.4001	0.9754	2.459
423	0.4090	0.9717	2.830
424	0.4075	0.9729	2.712
425	0.4062	0.9732	2.677
426	0.4082	0.9724	2.759
427	0.4076	0.9723	2.768
428	0.3947	0.9779	2.212
429	0.4033	0.9749	2.512
430	0.4091	0.9718	2.818
431	0.4080	0.9724	2.757
432	0.4073	0.9729	2.715
433	0.4013	0.9749	2.506
434	0.4063	0.9735	2.651
435	0.4030	0.9747	2.530
436	0.4064	0.9730	2.696
437	0.3925	0.9796	2.041
438	0.4067	0.9728	2.723
439	0.3908	0.9802	1.982
440	0.4016	0.9748	2.519
441	0.4076	0.9726	2.738
442	0.3925	0.9796	2.041
443	0.4079	0.9724	2.760
444	0.4088	0.9724	2.759
445	0.3947	0.9779	2.214
446	0.4075	0.9728	2.722
447	0.4059	0.9729	2.706
448	0.4047	0.9735	2.647
449	0.4059	0.9735	2.652
450	0.4065	0.9732	2.675
451	0.4054	0.9732	2.681
452	0.4073	0.9727	2.728
453	0.4101	0.9712	2.880
454	0.4078	0.9726	2.741
455	0.4022	0.9753	2.473
456	0.4042	0.9740	2.604
457	0.4087	0.9725	2.748
458	0.3927	0.9794	2.059
459	0.4080	0.9724	2.757
460	0.4032	0.9747	2.532
461	0.4075	0.9729	2.712
462	0.4025	0.9743	2.569
463	0.4001	0.9753	2.470
464	0.4057	0.9730	2.701
465	0.4074	0.9728	2.716
466	0.4090	0.9720	2.799
467	0.4077	0.9727	2.732
468	0.4055	0.9736	2.642
469	0.4072	0.9724	2.756
470	0.4088	0.9718	2.821
471	0.4080	0.9723	2.773
472	0.4051	0.9739	2.606
473	0.4075	0.9727	2.732
474	0.4084	0.9723	2.772
475	0.4091	0.9718	2.818
476	0.4055	0.9736	2.638
477	0.4039	0.9741	2.585
478	0.4090	0.9717	2.827
479	0.3984	0.9765	2.353
480	0.4040	0.9739	2.610
481	0.4066	0.9731	2.693
482	0.3950	0.9784	2.161
483	0.4084	0.9720	2.799
484	0.4017	0.9753	2.474
485	0.4061	0.9732	2.677
486	0.4083	0.9721	2.786
487	0.4083	0.9722	2.778
488	0.4032	0.9749	2.511
489	0.4063	0.9731	2.690
490	0.4063	0.9735	2.650
491	0.4075	0.9729	2.712
492	0.4073	0.9729	2.714
493	0.4081	0.9724	2.758
494	0.4097	0.9717	2.826
495	0.4093	0.9718	2.816
496	0.4053	0.9735	2.647
497	0.3938	0.9785	2.148
498	0.4082	0.9723	2.773
499	0.4074	0.9727	2.735
500	0.4069	0.9731	2.692
501	0.4055	0.9736	2.642
502	0.4061	0.9734	2.663
503	0.3985	0.9761	2.394
504	0.4062	0.9734	2.661
505	0.4064	0.9731	2.694
506	0.4067	0.9724	2.763
507	0.4033	0.9741	2.594
508	0.4039	0.9740	2.604
509	0.4012	0.9749	2.506
510	0.4058	0.9733	2.669
511	0.4001	0.9754	2.460
512	0.4069	0.9729	2.705
513	0.4030	0.9747	2.529
514	0.4006	0.9755	2.446
515	0.4081	0.9723	2.766
516	0.4050	0.9735	2.645
517	0.4020	0.9748	2.519
518	0.4066	0.9728	2.722
519	0.4053	0.9732	2.676
520	0.4057	0.9730	2.700
521	0.4064	0.9731	2.695
522	0.4066	0.9730	2.704
523	0.4034	0.9746	2.537
524	0.4046	0.9735	2.651
525	0.4019	0.9749	2.515
526	0.4028	0.9747	2.531
527	0.4076	0.9723	2.766
528	0.3907	0.9802	1.982
529	0.4065	0.9730	2.699
530	0.4030	0.9742	2.578
531	0.4043	0.9738	2.621
532	0.4061	0.9731	2.693
533	0.4014	0.9749	2.509
534	0.3925	0.9792	2.080
535	0.3963	0.9775	2.254
536	0.4063	0.9728	2.720
537	0.4070	0.9722	2.779
538	0.4014	0.9750	2.502
539	0.3924	0.9794	2.057
540	0.4074	0.9728	2.724
541	0.4062	0.9734	2.661
542	0.4055	0.9736	2.638
543	0.4021	0.9753	2.472
544	0.4075	0.9726	2.739
545	0.4064	0.9731	2.693
546	0.4070	0.9722	2.779
547	0.4077	0.9726	2.740
548	0.4065	0.9730	2.698
549	0.4029	0.9747	2.530
550	0.4066	0.9730	2.696
551	0.4075	0.9729	2.712
552	0.4067	0.9724	2.764
553	0.4034	0.9746	2.537
554	0.4043	0.9738	2.621
555	0.4063	0.9730	2.695
556	0.4091	0.9718	2.818
557	0.3947	0.9779	2.214
558	0.4074	0.9726	2.736
559	0.4087	0.9724	2.758
560	0.4055	0.9736	2.642
561	0.4074	0.9728	2.715
562	0.4017	0.9753	2.473
563	0.4081	0.9723	2.766
564	0.4088	0.9718	2.820
565	0.4084	0.9720	2.799
566	0.4031	0.9747	2.531
567	0.4000	0.9754	2.460
568	0.3983	0.9765	2.353
569	0.4080	0.9723	2.774
570	0.4032	0.9749	2.511
571	0.4058	0.9733	2.669
572	0.4062	0.9735	2.650
573	0.4069	0.9730	2.704
574	0.4100	0.9712	2.880
575	0.4013	0.9750	2.501
576	0.3950	0.9784	2.161
577	0.4078	0.9724	2.761
578	0.4081	0.9724	2.758
579	0.3926	0.9794	2.060
580	0.4039	0.9741	2.585
581	0.4096	0.9717	2.827
582	0.4075	0.9729	2.713
583	0.4050	0.9735	2.646
584	0.4032	0.9741	2.594
585	0.4072	0.9724	2.756
586	0.4066	0.9730	2.704
587	0.3938	0.9785	2.147
588	0.4063	0.9731	2.690
589	0.4068	0.9731	2.691
590	0.4090	0.9720	2.797
591	0.4039	0.9740	2.603
592	0.4057	0.9730	2.701
593	0.4001	0.9753	2.471
594	0.4053	0.9735	2.647
595	0.3923	0.9794	2.056
596	0.3963	0.9775	2.253
597	0.4029	0.9742	2.578
598	0.4061	0.9731	2.694
599	0.4072	0.9727	2.730
600	0.4090	0.9717	2.829
601	0.4080	0.9724	2.758
602	0.4054	0.9736	2.641
603	0.4019	0.9749	2.513
604	0.3924	0.9796	2.041
605	0.4075	0.9723	2.768
606	0.4016	0.9748	2.519
607	0.4075	0.9727	2.731
608	0.4066	0.9728	2.723
609	0.4039	0.9739	2.608
610	0.4060	0.9734	2.663
611	0.4028	0.9747	2.532
612	0.4025	0.9743	2.569
613	0.4041	0.9740	2.604
614	0.4083	0.9723	2.774
615	0.4063	0.9728	2.720
616	0.3985	0.9761	2.394
617	0.4092	0.9718	2.817
618	0.4047	0.9735	2.646
619	0.4064	0.9732	2.676
620	0.4019	0.9748	2.519
621	0.4077	0.9727	2.731
622	0.4087	0.9725	2.748
623	0.4050	0.9739	2.606
624	0.4074	0.9728	2.720
625	0.4061	0.9732	2.675
626	0.4012	0.9749	2.505
627	0.4074	0.9727	2.726
628	0.4058	0.9735	2.651
629	0.4046	0.9735	2.650
630	0.4081	0.9723	2.774
631	0.4013	0.9749	2.511
632	0.4058	0.9729	2.707
633	0.4056	0.9730	2.701
634	0.3925	0.9792	2.080
635	0.4053	0.9732	2.681
636	0.4052	0.9733	2.675
637	0.4082	0.9721	2.786
638	0.4072	0.9728	2.715
639	0.4082	0.9722	2.778
640	0.4005	0.9755	2.446
641	0.3907	0.9802	1.982
642	0.4077	0.9726	2.741
643	0.4063	0.9728	2.720
644	0.4075	0.9727	2.732
645	0.4056	0.9730	2.700
646	0.4082	0.9721	2.786
647	0.4038	0.9740	2.603
648	0.4082	0.9722	2.778
649	0.4068	0.9731	2.691
650	0.4074	0.9729	2.712
651	0.3926	0.9794	2.060
652	0.4079	0.9724	2.758
653	0.4031	0.9747	2.533
654	0.4063	0.9730	2.696
655	0.4060	0.9731	2.693
656	0.4058	0.9735	2.652
657	0.3983	0.9765	2.353
658	0.4019	0.9748	2.519
659	0.4081	0.9723	2.773
660	0.4064	0.9732	2.676
661	0.4077	0.9727	2.732
662	0.4066	0.9728	2.723
663	0.4087	0.9724	2.758
664	0.4050	0.9739	2.605
665	0.4046	0.9735	2.650
666	0.4028	0.9747	2.531
667	0.4075	0.9726	2.738
668	0.3984	0.9761	2.394
669	0.4062	0.9731	2.690
670	0.4064	0.9730	2.699
671	0.4083	0.9723	2.774
672	0.4005	0.9755	2.446
673	0.4064	0.9731	2.693
674	0.4054	0.9736	2.638
675	0.4032	0.9749	2.511
676	0.4024	0.9743	2.569
677	0.3924	0.9796	2.040
678	0.4096	0.9717	2.826
679	0.4071	0.9724	2.755
680	0.4058	0.9729	2.707
681	0.4080	0.9723	2.767
682	0.4032	0.9741	2.594
683	0.4013	0.9749	2.510
684	0.4074	0.9728	2.720
685	0.4074	0.9727	2.735
686	0.3946	0.9779	2.214
687	0.4053	0.9735	2.647
688	0.4054	0.9736	2.641
689	0.3949	0.9784	2.161
690	0.4075	0.9723	2.767
691	0.4089	0.9720	2.798
692	0.3907	0.9802	1.982
693	0.4052	0.9733	2.674
694	0.4087	0.9718	2.820
695	0.4016	0.9753	2.473
696	0.4053	0.9732	2.681
697	0.3963	0.9775	2.253
698	0.4054	0.9736	2.643
699	0.4072	0.9728	2.715
700	0.4090	0.9718	2.818
701	0.4012	0.9749	2.506
702	0.4078	0.9724	2.761
703	0.4086	0.9725	2.748
704	0.4066	0.9730	2.703
705	0.4066	0.9724	2.765
706	0.4065	0.9730	2.696
707	0.4080	0.9724	2.758
708	0.4056	0.9730	2.703
709	0.4073	0.9728	2.716
710	0.4041	0.9740	2.602
711	0.4069	0.9722	2.779
712	0.4013	0.9750	2.502
713	0.4057	0.9733	2.670
714	0.4042	0.9738	2.620
715	0.4079	0.9723	2.774
716	0.4083	0.9720	2.800
717	0.3924	0.9792	2.080
718	0.4046	0.9735	2.647
719	0.4029	0.9747	2.530
720	0.4021	0.9753	2.474
721	0.4074	0.9729	2.712
722	0.4061	0.9734	2.660
723	0.4071	0.9727	2.730
724	0.4050	0.9735	2.646
725	0.4038	0.9741	2.585
726	0.4000	0.9753	2.471
727	0.4092	0.9718	2.817
728	0.4015	0.9748	2.519
729	0.4073	0.9727	2.726
730	0.3937	0.9785	2.148
731	0.4000	0.9754	2.459
732	0.4068	0.9729	2.706
733	0.4100	0.9712	2.880
734	0.4061	0.9735	2.651
735	0.4060	0.9732	2.677
736	0.3923	0.9794	2.056
737	0.4060	0.9734	2.663
738	0.4033	0.9746	2.537
739	0.4089	0.9717	2.830
740	0.4029	0.9742	2.578
741	0.4039	0.9739	2.608
742	0.4018	0.9749	2.513
743	0.4054	0.9736	2.641
744	0.3906	0.9802	1.982
745	0.4011	0.9749	2.506
746	0.3924	0.9792	2.080
747	0.4015	0.9748	2.519
748	0.4016	0.9753	2.472
749	0.4082	0.9722	2.777
750	0.4082	0.9721	2.786
751	0.4075	0.9723	2.768
752	0.4083	0.9720	2.800
753	0.4071	0.9727	2.729
754	0.4052	0.9735	2.647
755	0.4063	0.9731	2.693
756	0.4067	0.9731	2.690
757	0.4031	0.9747	2.533
758	0.4074	0.9726	2.739
759	0.4089	0.9717	2.830
760	0.4073	0.9728	2.716
761	0.4056	0.9730	2.700
762	0.4013	0.9749	2.510
763	0.4031	0.9741	2.594
764	0.4068	0.9729	2.706
765	0.4066	0.9724	2.765
766	0.4086	0.9725	2.748
767	0.4071	0.9724	2.756
768	0.4089	0.9720	2.798
769	0.4091	0.9718	2.817
770	0.4060	0.9732	2.675
771	0.3937	0.9785	2.147
772	0.3984	0.9761	2.394
773	0.4046	0.9735	2.647
774	0.4057	0.9735	2.652
775	0.4096	0.9717	2.826
776	0.4099	0.9712	2.879
777	0.4049	0.9735	2.646
778	0.4057	0.9733	2.670
779	0.4061	0.9734	2.660
780	0.4012	0.9750	2.502
781	0.4073	0.9728	2.725
782	0.4079	0.9723	2.773
783	0.4038	0.9741	2.585
784	0.4042	0.9738	2.620
785	0.4051	0.9733	2.674
786	0.4065	0.9730	2.703
787	0.4060	0.9734	2.662
788	0.4087	0.9718	2.820
789	0.4061	0.9735	2.650
790	0.4054	0.9736	2.638
791	0.4074	0.9729	2.713
792	0.4090	0.9718	2.817
793	0.4058	0.9730	2.703
794	0.4060	0.9731	2.691
795	0.4028	0.9742	2.577
796	0.4074	0.9727	2.731
797	0.4076	0.9727	2.732
798	0.4064	0.9730	2.698
799	0.4024	0.9743	2.568
800	0.4053	0.9732	2.682
801	0.4019	0.9748	2.518
802	0.4065	0.9731	2.695
803	0.4031	0.9749	2.511
804	0.3949	0.9784	2.161
805	0.3925	0.9794	2.060
806	0.4080	0.9723	2.767
807	0.4062	0.9730	2.695
808	0.4071	0.9729	2.715
809	0.3999	0.9754	2.459
810	0.4077	0.9724	2.762
811	0.4020	0.9753	2.474
812	0.3923	0.9796	2.040
813	0.4028	0.9747	2.530
814	0.4079	0.9724	2.759
815	0.3922	0.9794	2.055
816	0.4005	0.9755	2.446
817	0.4050	0.9740	2.605
818	0.4027	0.9747	2.531
819	0.4039	0.9739	2.608
820	0.4062	0.9731	2.690
821	0.4053	0.9736	2.642
822	0.3945	0.9779	2.213
823	0.4018	0.9749	2.514
824	0.4073	0.9728	2.720
825	0.4000	0.9753	2.470
826	0.4033	0.9746	2.537
827	0.4063	0.9733	2.675
828	0.3962	0.9775	2.253
829	0.4074	0.9729	2.712
830	0.4062	0.9728	2.720
831	0.4069	0.9722	2.779
832	0.4086	0.9724	2.759
833	0.4080	0.9723	2.773
834	0.4076	0.9726	2.741
835	0.4045	0.9735	2.650
836	0.4065	0.9728	2.722
837	0.4040	0.9740	2.602
838	0.4080	0.9724	2.758
839	0.4073	0.9726	2.735
840	0.4038	0.9740	2.603
841	0.3982	0.9765	2.353
842	0.4056	0.9730	2.703
843	0.4082	0.9723	2.774
844	0.4089	0.9720	2.798
845	0.4012	0.9749	2.510
846	0.4049	0.9739	2.605
847	0.4086	0.9725	2.748
848	0.4065	0.9724	2.764
849	0.4081	0.9721	2.786
850	0.3999	0.9754	2.460
851	0.4062	0.9728	2.718
852	0.4077	0.9724	2.763
853	0.4063	0.9730	2.698
854	0.4080	0.9723	2.773
855	0.4074	0.9729	2.711
856	0.4040	0.9740	2.602
857	0.4031	0.9741	2.594
858	0.4071	0.9727	2.726
859	0.4014	0.9748	2.519
860	0.3924	0.9792	2.080
861	0.4063	0.9732	2.676
862	0.4074	0.9723	2.766
863	0.4000	0.9753	2.470
864	0.4086	0.9724	2.758
865	0.4056	0.9733	2.668
866	0.4030	0.9747	2.531
867	0.4063	0.9731	2.693
868	0.4062	0.9731	2.695
869	0.4081	0.9722	2.777
870	0.4038	0.9739	2.610
871	0.4082	0.9723	2.772
872	0.4069	0.9722	2.776
873	0.4057	0.9735	2.652
874	0.4091	0.9718	2.815
875	0.4042	0.9738	2.620
876	0.4076	0.9726	2.742
877	0.3945	0.9779	2.214
878	0.4089	0.9718	2.817
879	0.4037	0.9742	2.585
880	0.4060	0.9733	2.675
881	0.4016	0.9753	2.474
882	0.4053	0.9736	2.638
883	0.4018	0.9748	2.518
884	0.4067	0.9731	2.692
885	0.4073	0.9727	2.734
886	0.3936	0.9785	2.148
887	0.4078	0.9722	2.776
888	0.4052	0.9735	2.646
889	0.4018	0.9749	2.515
890	0.4023	0.9743	2.568
891	0.4099	0.9712	2.880
892	0.4080	0.9724	2.758
893	0.4065	0.9728	2.722
894	0.4052	0.9732	2.682
895	0.4059	0.9734	2.663
896	0.3949	0.9784	2.161
897	0.4055	0.9730	2.702
898	0.4020	0.9753	2.473
899	0.4065	0.9731	2.694
900	0.4070	0.9724	2.756
901	0.3925	0.9794	2.059
902	0.4031	0.9749	2.511
903	0.4028	0.9742	2.577
904	0.4044	0.9735	2.651
905	0.4088	0.9717	2.829
906	0.4061	0.9734	2.660
907	0.3922	0.9794	2.056
908	0.4082	0.9720	2.800
909	0.4073	0.9728	2.720
910	0.4086	0.9718	2.820
911	0.4037	0.9740	2.604
912	0.4071	0.9729	2.715
913	0.3906	0.9802	1.982
914	0.4051	0.9733	2.674
915	0.4061	0.9735	2.651
916	0.4028	0.9747	2.530
917	0.4095	0.9717	2.826
918	0.4053	0.9736	2.642
919	0.4067	0.9730	2.705
920	0.4045	0.9735	2.646
921	0.4065	0.9730	2.704
922	0.3962	0.9775	2.254
923	0.4033	0.9746	2.537
924	0.4011	0.9749	2.505
925	0.4012	0.9750	2.501
926	0.4004	0.9755	2.446
927	0.4073	0.9727	2.732
928	0.4061	0.9731	2.690
929	0.4078	0.9724	2.758
930	0.4072	0.9728	2.716
931	0.4073	0.9726	2.738
932	0.4079	0.9723	2.765
933	0.3982	0.9765	2.353
934	0.3983	0.9761	2.393
935	0.4057	0.9729	2.706
936	0.4053	0.9736	2.641
937	0.4027	0.9747	2.532
938	0.4075	0.9727	2.731
939	0.3923	0.9796	2.040
940	0.4072	0.9727	2.725
941	0.4073	0.9729	2.712
942	0.4059	0.9731	2.693
943	0.4049	0.9735	2.646
944	0.4055	0.9730	2.700
945	0.4099	0.9712	2.879
946	0.3981	0.9765	2.353
947	0.4055	0.9730	2.700
948	0.4068	0.9722	2.779
949	0.4061	0.9731	2.690
950	0.4064	0.9728	2.723
951	0.4060	0.9734	2.660
952	0.4063	0.9730	2.698
953	0.4059	0.9734	2.662
954	0.4030	0.9749	2.511
955	0.4095	0.9717	2.826
956	0.4052	0.9732	2.682
957	0.4078	0.9723	2.774
958	0.4055	0.9730	2.702
959	0.3923	0.9792	2.080
960	0.4057	0.9729	2.706
961	0.4088	0.9720	2.798
962	0.4051	0.9735	2.647
963	0.4018	0.9748	2.519
964	0.4081	0.9722	2.778
965	0.4026	0.9747	2.531
966	0.4059	0.9731	2.693
967	0.4010	0.9749	2.505
968	0.4064	0.9730	2.696
969	0.3905	0.9802	1.981
970	0.4028	0.9747	2.530
971	0.4023	0.9743	2.569
972	0.4089	0.9718	2.818
973	0.4082	0.9723	2.772
974	0.4030	0.9747	2.533
975	0.4059	0.9732	2.677
976	0.4051	0.9733	2.674
977	0.4080	0.9723	2.774
978	0.4078	0.9724	2.758
979	0.4045	0.9736	2.645
980	0.4049	0.9739	2.605
981	0.4014	0.9748	2.519
982	0.4056	0.9733	2.669
983	0.4072	0.9728	2.716
984	0.3983	0.9761	2.393
985	0.3948	0.9784	2.161
986	0.4053	0.9736	2.638
987	0.4012	0.9749	2.510
988	0.4037	0.9741	2.585
989	0.4081	0.9721	2.786
990	0.4011	0.9750	2.501
991	0.4061	0.9730	2.697
992	0.4041	0.9738	2.620
993	0.4044	0.9735	2.649
994	0.3924	0.9794	2.060
995	0.4015	0.9753	2.472
996	0.4073	0.9727	2.732
997	0.4062	0.9731	2.693
998	0.4060	0.9735	2.654
999	0.4038	0.9739	2.607
1000	0.4067	0.9729	2.707
1001	0.4019	0.9753	2.473
1002	0.4090	0.9718	2.819
1003	0.4079	0.9723	2.767
1004	0.4082	0.9720	2.801
1005	0.4075	0.9727	2.731
1006	0.4073	0.9729	2.712
1007	0.4048	0.9736	2.645
1008	0.4070	0.9724	2.755
1009	0.4079	0.9724	2.758
1010	0.3922	0.9796	2.041
1011	0.4085	0.9724	2.758
1012	0.3922	0.9794	2.056
1013	0.4076	0.9724	2.761
1014	0.4070	0.9727	2.730
1015	0.4072	0.9728	2.720
1016	0.3998	0.9754	2.459
1017	0.3944	0.9779	2.213
1018	0.3999	0.9753	2.470
1019	0.4085	0.9725	2.748
1020	0.4073	0.9723	2.767
1021	0.4072	0.9727	2.726
1022	0.4086	0.9718	2.820
1023	0.4056	0.9735	2.651
1024	0.3936	0.9785	2.148
1025	0.4061	0.9728	2.720
1026	0.4030	0.9741	2.594
1027	0.4073	0.9729	2.712
1028	0.4066	0.9731	2.691
1029	0.4037	0.9740	2.604
1030	0.4075	0.9726	2.741
1031	0.4064	0.9730	2.704
1032	0.4052	0.9736	2.642
1033	0.4039	0.9740	2.602
1034	0.4004	0.9756	2.445
1035	0.4062	0.9733	2.675
1036	0.4017	0.9749	2.514
1037	0.4073	0.9726	2.738
1038	0.4065	0.9724	2.763
1039	0.4088	0.9717	2.828
1040	0.4052	0.9736	2.642
1041	0.4032	0.9746	2.537
1042	0.4027	0.9742	2.577
1043	0.4070	0.9729	2.714
1044	0.4072	0.9727	2.734
1045	0.3961	0.9775	2.254
1046	0.4080	0.9722	2.777
1047	0.4064	0.9731	2.693
1048	0.4060	0.9735	2.650
1049	0.4058	0.9734	2.663
1050	0.4090	0.9719	2.814
1051	0.4078	0.9724	2.760
1052	0.4061	0.9731	2.689
1053	0.4085	0.9725	2.748
1054	0.4079	0.9723	2.774
1055	0.3922	0.9796	2.039
1056	0.4073	0.9726	2.738
1057	0.4060	0.9734	2.663
1058	0.4070	0.9727	2.726
1059	0.3936	0.9785	2.147
1060	0.3944	0.9779	2.214
1061	0.4073	0.9727	2.731
1062	0.4048	0.9739	2.606
1063	0.4045	0.9735	2.647
1064	0.4056	0.9735	2.652
1065	0.4010	0.9750	2.505
1066	0.4061	0.9731	2.695
1067	0.4052	0.9736	2.642
1068	0.3924	0.9794	2.060
1069	0.4027	0.9742	2.578
1070	0.3982	0.9761	2.393
1071	0.4087	0.9717	2.830
1072	0.4072	0.9726	2.738
1073	0.4030	0.9741	2.594
1074	0.4080	0.9721	2.786
1075	0.4062	0.9732	2.675
1076	0.4073	0.9729	2.712
1077	0.4072	0.9729	2.712
1078	0.4054	0.9730	2.702
1079	0.4079	0.9723	2.765
1080	0.4086	0.9718	2.820
1081	0.4070	0.9729	2.713
1082	0.4030	0.9749	2.511
1083	0.3961	0.9775	2.254
1084	0.4085	0.9724	2.758
1085	0.4032	0.9746	2.537
1086	0.4064	0.9730	2.705
1087	0.4072	0.9727	2.726
1088	0.4017	0.9748	2.518
1089	0.4026	0.9747	2.531
1090	0.4062	0.9730	2.699
1091	0.3948	0.9784	2.161
1092	0.4052	0.9736	2.642
1093	0.4011	0.9749	2.509
1094	0.4041	0.9738	2.620
1095	0.4064	0.9728	2.722
1096	0.3921	0.9794	2.055
1097	0.4027	0.9747	2.528
1098	0.4036	0.9742	2.585
1099	0.4055	0.9733	2.669
1100	0.4029	0.9747	2.531
1101	0.4087	0.9720	2.797
1102	0.4062	0.9731	2.693
1103	0.4069	0.9724	2.756
1104	0.4071	0.9729	2.713
1105	0.4081	0.9720	2.798
1106	0.4017	0.9749	2.514
1107	0.4050	0.9732	2.675
1108	0.4094	0.9718	2.825
1109	0.4044	0.9735	2.649
1110	0.4051	0.9735	2.646
1111	0.4051	0.9732	2.682
1112	0.4064	0.9724	2.762
1113	0.4072	0.9728	2.721
1114	0.3923	0.9792	2.079
1115	0.4066	0.9730	2.703
1116	0.4003	0.9756	2.445
1117	0.4039	0.9740	2.602
1118	0.4061	0.9728	2.717
1119	0.3905	0.9802	1.982
1120	0.4022	0.9743	2.568
1121	0.4011	0.9750	2.502
1122	0.3998	0.9754	2.460
1123	0.4077	0.9723	2.774
1124	0.4081	0.9723	2.772
1125	0.4037	0.9739	2.609
1126	0.4074	0.9727	2.730
1127	0.4068	0.9722	2.779
1128	0.4078	0.9724	2.758
1129	0.4019	0.9753	2.473
1130	0.4066	0.9731	2.692
1131	0.4088	0.9718	2.817
1132	0.4058	0.9731	2.692
1133	0.4052	0.9736	2.638
1134	0.4073	0.9723	2.766
1135	0.4036	0.9740	2.604
1136	0.4098	0.9712	2.880
1137	0.4048	0.9736	2.645
1138	0.4056	0.9730	2.703
1139	0.4076	0.9724	2.764
1140	0.4058	0.9733	2.674
1141	0.4013	0.9748	2.519
1142	0.3981	0.9765	2.353
1143	0.4054	0.9730	2.701
1144	0.4075	0.9726	2.741
1145	0.3998	0.9753	2.470
1146	0.4014	0.9753	2.473
1147	0.4072	0.9726	2.738
1148	0.4087	0.9717	2.829
1149	0.4011	0.9749	2.509
1150	0.4003	0.9755	2.446
1151	0.3961	0.9775	2.254
1152	0.4076	0.9724	2.761
1153	0.4084	0.9725	2.748
1154	0.4051	0.9732	2.680
1155	0.4080	0.9722	2.778
1156	0.4084	0.9724	2.758
1157	0.4050	0.9735	2.646
1158	0.4071	0.9727	2.727
1159	0.4013	0.9748	2.519
1160	0.4069	0.9724	2.756
1161	0.4090	0.9718	2.815
1162	0.3922	0.9796	2.039
1163	0.4060	0.9731	2.689
1164	0.4052	0.9736	2.642
1165	0.4052	0.9736	2.642
1166	0.4063	0.9731	2.694
1167	0.4066	0.9730	2.704
1168	0.4040	0.9738	2.620
1169	0.4094	0.9717	2.826
1170	0.4098	0.9712	2.879
1171	0.4080	0.9721	2.786
1172	0.4072	0.9729	2.713
1173	0.3922	0.9792	2.080
1174	0.4078	0.9724	2.758
1175	0.4018	0.9753	2.473
1176	0.4054	0.9730	2.701
1177	0.4027	0.9747	2.529
1178	0.4050	0.9732	2.675
1179	0.4031	0.9746	2.537
1180	0.4052	0.9736	2.637
1181	0.4075	0.9726	2.742
1182	0.4079	0.9723	2.773
1183	0.3982	0.9761	2.393
1184	0.4061	0.9731	2.695
1185	0.4088	0.9718	2.817
1186	0.4009	0.9750	2.505
1187	0.4011	0.9750	2.501
1188	0.4070	0.9729	2.714
1189	0.4055	0.9735	2.653
1190	0.4063	0.9728	2.722
1191	0.4055	0.9733	2.668
1192	0.4038	0.9740	2.602
1193	0.4059	0.9734	2.660
1194	0.3923	0.9794	2.059
1195	0.4074	0.9727	2.730
1196	0.4016	0.9749	2.513
1197	0.3921	0.9794	2.055
1198	0.4047	0.9735	2.647
1199	0.4081	0.9720	2.800
1200	0.4061	0.9732	2.675
1201	0.4059	0.9735	2.651
1202	0.4025	0.9747	2.531
1203	0.4060	0.9728	2.718
1204	0.4067	0.9722	2.779
1205	0.3980	0.9765	2.353
1206	0.4069	0.9727	2.730
1207	0.4048	0.9739	2.606
1208	0.4071	0.9727	2.734
1209	0.3998	0.9753	2.470
1210	0.4077	0.9723	2.774
1211	0.3935	0.9785	2.147
1212	0.4028	0.9747	2.532
1213	0.4058	0.9732	2.676
1214	0.4058	0.9731	2.693
1215	0.4029	0.9749	2.512
1216	0.4085	0.9718	2.820
1217	0.4071	0.9728	2.721
1218	0.4072	0.9723	2.766
1219	0.4029	0.9740	2.595
1220	0.4071	0.9728	2.716
1221	0.4058	0.9734	2.663
1222	0.4062	0.9730	2.699
1223	0.4017	0.9748	2.518
1224	0.4078	0.9724	2.764
1225	0.4036	0.9742	2.584
1226	0.4044	0.9735	2.646
1227	0.4081	0.9723	2.772
1228	0.4072	0.9727	2.729
1229	0.4026	0.9742	2.577
1230	0.4036	0.9740	2.604
1231	0.4056	0.9730	2.704
1232	0.3947	0.9784	2.160
1233	0.3997	0.9754	2.460
1234	0.4087	0.9720	2.798
1235	0.3904	0.9802	1.981
1236	0.4077	0.9724	2.759
1237	0.4022	0.9743	2.569
1238	0.4043	0.9735	2.651
1239	0.4054	0.9730	2.702
1240	0.4061	0.9731	2.693
1241	0.4037	0.9739	2.608
1242	0.4014	0.9753	2.473
1243	0.4072	0.9729	2.712
1244	0.4063	0.9730	2.703
1245	0.4065	0.9731	2.691
1246	0.3943	0.9779	2.213
1247	0.4064	0.9724	2.764
1248	0.4022	0.9743	2.569
1249	0.4028	0.9747	2.532
1250	0.4052	0.9736	2.638
1251	0.4037	0.9739	2.608
1252	0.4048	0.9739	2.607
1253	0.4078	0.9723	2.773
1254	0.4093	0.9717	2.826
1255	0.4063	0.9730	2.695
1256	0.4051	0.9736	2.641
1257	0.4054	0.9730	2.701
1258	0.4071	0.9728	2.720
1259	0.4097	0.9712	2.879
1260	0.4013	0.9748	2.518
1261	0.4036	0.9740	2.604
1262	0.4026	0.9747	2.530
1263	0.4072	0.9723	2.767
1264	0.4014	0.9753	2.471
1265	0.4069	0.9727	2.729
1266	0.4072	0.9729	2.712
1267	0.4072	0.9726	2.738
1268	0.4043	0.9735	2.650
1269	0.3921	0.9796	2.040
1270	0.4040	0.9738	2.620
1271	0.3980	0.9765	2.354
1272	0.4029	0.9749	2.511
1273	0.4051	0.9736	2.642
1274	0.4049	0.9733	2.674
1275	0.4055	0.9735	2.651
1276	0.4079	0.9722	2.778
1277	0.4067	0.9722	2.779
1278	0.4065	0.9731	2.690
1279	0.4077	0.9723	2.774
1280	0.4075	0.9724	2.763
1281	0.4029	0.9741	2.595
1282	0.4078	0.9723	2.765
1283	0.4058	0.9732	2.675
1284	0.4089	0.9718	2.815
1285	0.4055	0.9730	2.704
1286	0.4068	0.9724	2.756
1287	0.4053	0.9730	2.700
1288	0.4071	0.9727	2.726
1289	0.4060	0.9731	2.688
1290	0.4063	0.9728	2.722
1291	0.4047	0.9736	2.644
1292	0.3935	0.9785	2.148
1293	0.4063	0.9724	2.763
1294	0.4085	0.9718	2.821
1295	0.3997	0.9754	2.460
1296	0.4050	0.9732	2.682
1297	0.4087	0.9720	2.799
1298	0.4059	0.9735	2.650
1299	0.4080	0.9723	2.773
1300	0.4087	0.9718	2.817
1301	0.4061	0.9731	2.693
1302	0.4084	0.9724	2.756
1303	0.4074	0.9727	2.730
1304	0.3920	0.9794	2.055
1305	0.4018	0.9753	2.474
1306	0.4083	0.9725	2.747
1307	0.4016	0.9749	2.515
1308	0.4057	0.9731	2.692
1309	0.4061	0.9730	2.699
1310	0.4070	0.9729	2.714
1311	0.3998	0.9753	2.470
1312	0.3923	0.9794	2.059
1313	0.3981	0.9761	2.393
1314	0.4009	0.9749	2.505
1315	0.4043	0.9736	2.645
1316	0.4060	0.9730	2.695
1317	0.4059	0.9734	2.660
1318	0.3960	0.9775	2.254
1319	0.4031	0.9746	2.537
1320	0.4057	0.9734	2.661
1321	0.4065	0.9730	2.704
1322	0.4071	0.9729	2.711
1323	0.4076	0.9724	2.759
1324	0.4026	0.9742	2.577
1325	0.4060	0.9728	2.718
1326	0.4074	0.9726	2.741
1327	0.4080	0.9720	2.799
1328	0.4086	0.9717	2.829
1329	0.4078	0.9724	2.758
1330	0.4010	0.9750	2.502
1331	0.4050	0.9735	2.646
1332	0.4002	0.9756	2.445
1333	0.4063	0.9730	2.704
1334	0.4025	0.9747	2.532
1335	0.4054	0.9733	2.668
1336	0.4010	0.9749	2.509
1337	0.3943	0.9779	2.214
1338	0.3946	0.9784	2.162
1339	0.4061	0.9733	2.675
1340	0.4079	0.9722	2.785
1341	0.4071	0.9726	2.737
1342	0.3904	0.9802	1.981
1343	0.3921	0.9792	2.080
1344	0.4035	0.9741	2.585
1345	0.4069	0.9728	2.715
1346	0.4038	0.9740	2.605
1347	0.4071	0.9727	2.733
1348	0.4016	0.9748	2.519
1349	0.4026	0.9742	2.577
1350	0.4028	0.9747	2.533
1351	0.4021	0.9743	2.568
1352	0.4029	0.9741	2.594
1353	0.4042	0.9735	2.649
1354	0.4079	0.9721	2.786
1355	0.4060	0.9728	2.721
1356	0.4060	0.9731	2.693
1357	0.4061	0.9733	2.675
1358	0.4071	0.9728	2.720
1359	0.4084	0.9718	2.819
1360	0.4010	0.9750	2.502
1361	0.3921	0.9796	2.041
1362	0.4075	0.9724	2.761
1363	0.4087	0.9718	2.818
1364	0.4086	0.9720	2.800
1365	0.4068	0.9727	2.729
1366	0.4057	0.9732	2.675
1367	0.4080	0.9723	2.772
1368	0.3997	0.9753	2.471
1369	0.4065	0.9729	2.705
1370	0.3934	0.9785	2.148
1371	0.4055	0.9729	2.706
1372	0.4080	0.9720	2.800
1373	0.4063	0.9730	2.705
1374	0.4035	0.9741	2.585
1375	0.4050	0.9732	2.680
1376	0.4097	0.9712	2.880
1377	0.4083	0.9725	2.748
1378	0.4013	0.9753	2.472
1379	0.4053	0.9730	2.702
1380	0.4074	0.9726	2.741
1381	0.4093	0.9717	2.826
1382	0.4071	0.9729	2.712
1383	0.4057	0.9731	2.692
1384	0.4068	0.9725	2.755
1385	0.4072	0.9723	2.766
1386	0.4054	0.9733	2.668
1387	0.4046	0.9736	2.645
1388	0.4078	0.9723	2.773
1389	0.4071	0.9729	2.713
1390	0.4059	0.9731	2.688
1391	0.4049	0.9735	2.646
1392	0.4047	0.9739	2.605
1393	0.4066	0.9722	2.776
1394	0.4064	0.9731	2.692
1395	0.3979	0.9765	2.354
1396	0.4069	0.9729	2.713
1397	0.4037	0.9740	2.602
1398	0.4043	0.9735	2.646
1399	0.3997	0.9754	2.459
1400	0.4015	0.9749	2.514
1401	0.4051	0.9736	2.643
1402	0.3922	0.9794	2.059
1403	0.4062	0.9728	2.723
1404	0.4077	0.9724	2.758
1405	0.4089	0.9718	2.817
1406	0.4035	0.9740	2.604
1407	0.3903	0.9802	1.982
1408	0.4054	0.9735	2.653
1409	0.4051	0.9736	2.641
1410	0.4078	0.9722	2.778
1411	0.4058	0.9734	2.660
1412	0.4002	0.9755	2.446
1413	0.3921	0.9792	2.080
1414	0.3943	0.9779	2.213
1415	0.4010	0.9749	2.512
1416	0.4071	0.9726	2.738
1417	0.4070	0.9726	2.737
1418	0.4057	0.9734	2.664
1419	0.4058	0.9735	2.652
1420	0.4016	0.9748	2.520
1421	0.4083	0.9724	2.757
1422	0.4063	0.9724	2.764
1423	0.4061	0.9730	2.698
1424	0.4036	0.9739	2.607
1425	0.4062	0.9730	2.695
1426	0.4076	0.9724	2.758
1427	0.4086	0.9717	2.830
1428	0.4059	0.9730	2.696
1429	0.4012	0.9748	2.518
1430	0.4073	0.9727	2.731
1431	0.4053	0.9730	2.702
1432	0.4070	0.9728	2.717
1433	0.3920	0.9795	2.055
1434	0.4030	0.9746	2.537
1435	0.3946	0.9784	2.162
1436	0.4070	0.9728	2.724
1437	0.4076	0.9723	2.773
1438	0.3981	0.9761	2.392
1439	0.4025	0.9747	2.529
1440	0.3959	0.9775	2.253
1441	0.4028	0.9749	2.512
1442	0.4024	0.9747	2.531
1443	0.4008	0.9749	2.506
1444	0.4051	0.9736	2.638
1445	0.4039	0.9738	2.620
1446	0.4048	0.9733	2.674
1447	0.4077	0.9723	2.768
1448	0.4071	0.9727	2.733
1449	0.4017	0.9753	2.473
1450	0.4064	0.9731	2.691
1451	0.4025	0.9742	2.577
1452	0.4086	0.9720	2.798
1453	0.4036	0.9739	2.608
1454	0.4012	0.9748	2.519
1455	0.4077	0.9723	2.765
1456	0.4013	0.9753	2.473
1457	0.3903	0.9802	1.981
1458	0.4028	0.9749	2.512
1459	0.4039	0.9738	2.621
1460	0.4063	0.9724	2.764
1461	0.4025	0.9747	2.529
1462	0.4068	0.9727	2.729
1463	0.4070	0.9728	2.720
1464	0.4087	0.9718	2.818
1465	0.4059	0.9728	2.717
1466	0.4096	0.9712	2.879
1467	0.4050	0.9732	2.682
1468	0.3997	0.9753	2.470
1469	0.4046	0.9736	2.645
1470	0.4054	0.9733	2.668
1471	0.4059	0.9730	2.695
1472	0.4061	0.9730	2.698
1473	0.4054	0.9730	2.704
1474	0.4057	0.9734	2.662
1475	0.4078	0.9722	2.776
1476	0.3942	0.9779	2.214
1477	0.3934	0.9785	2.147
1478	0.4070	0.9727	2.726
1479	0.4017	0.9753	2.473
1480	0.4050	0.9736	2.642
1481	0.4047	0.9739	2.606
1482	0.4062	0.9730	2.704
1483	0.4021	0.9743	2.568
1484	0.4037	0.9740	2.602
1485	0.4071	0.9727	2.731
1486	0.4056	0.9731	2.691
1487	0.4024	0.9747	2.531
1488	0.4071	0.9729	2.711
1489	0.3919	0.9794	2.055
1490	0.4015	0.9748	2.518
1491	0.4084	0.9718	2.820
1492	0.4062	0.9728	2.722
1493	0.3920	0.9796	2.039
1494	0.3981	0.9761	2.394
1495	0.4054	0.9735	2.653
1496	0.4076	0.9724	2.759
1497	0.4074	0.9724	2.763
1498	0.4053	0.9730	2.701
1499	0.4035	0.9740	2.604
1500	0.4064	0.9730	2.704
1501	0.4059	0.9731	2.689
1502	0.4068	0.9729	2.714
1503	0.4092	0.9717	2.826
1504	0.4008	0.9750	2.505
1505	0.4034	0.9741	2.585
1506	0.4067	0.9724	2.755
1507	0.4088	0.9719	2.814
1508	0.4080	0.9720	2.799
1509	0.4009	0.9749	2.510
1510	0.4058	0.9735	2.649
1511	0.3921	0.9792	2.080
1512	0.3922	0.9794	2.060
1513	0.4060	0.9732	2.676
1514	0.4057	0.9732	2.675
1515	0.4066	0.9722	2.779
1516	0.4078	0.9721	2.786
1517	0.3979	0.9765	2.353
1518	0.4015	0.9749	2.513
1519	0.3959	0.9775	2.254
1520	0.4048	0.9733	2.674
1521	0.4052	0.9730	2.701
1522	0.4077	0.9723	2.773
1523	0.4050	0.9736	2.642
1524	0.4028	0.9741	2.593
1525	0.4042	0.9735	2.649
1526	0.4073	0.9727	2.732
1527	0.4027	0.9747	2.532
1528	0.4050	0.9736	2.638
1529	0.4083	0.9724	2.758
1530	0.3946	0.9784	2.162
1531	0.4070	0.9726	2.737
1532	0.4009	0.9750	2.501
1533	0.4076	0.9723	2.773
1534	0.4073	0.9726	2.741
1535	0.4030	0.9746	2.537
1536	0.4060	0.9731	2.693
1537	0.4082	0.9725	2.748
1538	0.4085	0.9717	2.830
1539	0.4058	0.9734	2.660
1540	0.4071	0.9723	2.767
1541	0.4049	0.9735	2.647
1542	0.4077	0.9724	2.759
1543	0.4071	0.9726	2.739
1544	0.3996	0.9754	2.460
1545	0.4062	0.9730	2.695
1546	0.4069	0.9728	2.717
1547	0.4001	0.9755	2.446
1548	0.4042	0.9735	2.647
1549	0.4079	0.9723	2.773
1550	0.4070	0.9729	2.712
1551	0.4056	0.9731	2.693
1552	0.4075	0.9724	2.758
1553	0.4070	0.9728	2.720
1554	0.4034	0.9740	2.604
1555	0.3996	0.9753	2.471
1556	0.4069	0.9728	2.717
1557	0.4083	0.9718	2.818
1558	0.4052	0.9730	2.702
1559	0.4085	0.9717	2.830
1560	0.4025	0.9742	2.576
1561	0.4061	0.9731	2.695
1562	0.4056	0.9733	2.675
1563	0.4034	0.9741	2.585
1564	0.4056	0.9734	2.662
1565	0.4076	0.9724	2.765
1566	0.4046	0.9735	2.645
1567	0.4058	0.9735	2.650
1568	0.4058	0.9731	2.688
1569	0.4059	0.9728	2.717
1570	0.4079	0.9723	2.770
1571	0.4067	0.9727	2.726
1572	0.4074	0.9724	2.764
1573	0.3903	0.9802	1.983
1574	0.4072	0.9727	2.730
1575	0.4011	0.9748	2.519
1576	0.4065	0.9722	2.777
1577	0.4048	0.9735	2.646
1578	0.4076	0.9724	2.759
1579	0.4067	0.9724	2.756
1580	0.4086	0.9718	2.815
1581	0.4052	0.9730	2.701
1582	0.3920	0.9796	2.040
1583	0.4069	0.9727	2.734
1584	0.4048	0.9732	2.675
1585	0.4060	0.9732	2.676
1586	0.4069	0.9727	2.726
1587	0.4078	0.9722	2.784
1588	0.4024	0.9747	2.531
1589	0.4035	0.9739	2.609
1590	0.4059	0.9731	2.693
1591	0.4049	0.9732	2.682
1592	0.4075	0.9722	2.775
1593	0.4079	0.9720	2.799
1594	0.4046	0.9740	2.604
1595	0.4029	0.9746	2.537
1596	0.4050	0.9736	2.641
1597	0.4063	0.9731	2.690
1598	0.4008	0.9750	2.503
1599	0.4020	0.9743	2.567
1600	0.4077	0.9723	2.773
1601	0.4014	0.9749	2.514
1602	0.4071	0.9723	2.766
1603	0.3942	0.9779	2.215
1604	0.3921	0.9794	2.059
1605	0.4062	0.9724	2.763
1606	0.4027	0.9749	2.512
1607	0.4068	0.9729	2.713
1608	0.4092	0.9717	2.825
1609	0.4009	0.9750	2.502
1610	0.3958	0.9775	2.254
1611	0.4070	0.9726	2.739
1612	0.4059	0.9730	2.696
1613	0.4042	0.9735	2.646
1614	0.3919	0.9794	2.056
1615	0.4070	0.9727	2.731
1616	0.4082	0.9724	2.758
1617	0.4054	0.9730	2.704
1618	0.4085	0.9720	2.799
1619	0.3933	0.9785	2.148
1620	0.3980	0.9761	2.394
1621	0.4050	0.9736	2.641
1622	0.4025	0.9747	2.529
1623	0.3945	0.9784	2.161
1624	0.4050	0.9736	2.638
1625	0.4012	0.9753	2.472
1626	0.4070	0.9729	2.712
1627	0.3978	0.9765	2.353
1628	0.4053	0.9735	2.651
1629	0.4027	0.9747	2.532
1630	0.4095	0.9712	2.880
1631	0.3995	0.9754	2.459
1632	0.4001	0.9755	2.446
1633	0.4060	0.9730	2.698
1634	0.3920	0.9792	2.080
1635	0.4016	0.9753	2.472
1636	0.4082	0.9725	2.748
1637	0.4070	0.9729	2.712
1638	0.4038	0.9738	2.620
1639	0.4009	0.9749	2.510
1640	0.4015	0.9748	2.521
1641	0.4057	0.9734	2.659
1642	0.4077	0.9722	2.777
1643	0.4053	0.9733	2.670
1644	0.4064	0.9729	2.707
1645	0.4041	0.9735	2.650
1646	0.4061	0.9729	2.706
1647	0.4061	0.9728	2.722
1648	0.4027	0.9741	2.592
1649	0.4072	0.9726	2.741
1650	0.4087	0.9718	2.818
1651	0.4036	0.9740	2.605
1652	0.4016	0.9753	2.473
1653	0.4057	0.9735	2.652
1654	0.4046	0.9739	2.605
1655	0.4069	0.9728	2.720
1656	0.4029	0.9746	2.537
1657	0.3902	0.9802	1.982
1658	0.4091	0.9717	2.826
1659	0.4052	0.9730	2.701
1660	0.4076	0.9723	2.765
1661	0.4011	0.9748	2.519
1662	0.4058	0.9731	2.688
1663	0.4058	0.9730	2.695
1664	0.4008	0.9750	2.501
1665	0.4086	0.9718	2.818
1666	0.4048	0.9735	2.646
1667	0.4015	0.9748	2.519
1668	0.4045	0.9736	2.644
1669	0.3919	0.9796	2.041
1670	0.4041	0.9735	2.650
1671	0.4070	0.9729	2.712
1672	0.4056	0.9731	2.691
1673	0.4027	0.9749	2.511
1674	0.4053	0.9730	2.704
1675	0.4056	0.9733	2.675
1676	0.4079	0.9723	2.772
1677	0.4036	0.9740	2.603
1678	0.4064	0.9729	2.705
1679	0.4067	0.9727	2.730
1680	0.4062	0.9724	2.764
1681	0.4082	0.9724	2.758
1682	0.3933	0.9785	2.148
1683	0.4023	0.9747	2.532
1684	0.4095	0.9712	2.880
1685	0.4067	0.9729	2.714
1686	0.4070	0.9727	2.731
1687	0.4069	0.9729	2.714
1688	0.4079	0.9720	2.799
1689	0.4066	0.9724	2.756
1690	0.4069	0.9727	2.734
1691	0.4053	0.9733	2.668
1692	0.4055	0.9734	2.664
1693	0.3941	0.9779	2.215
1694	0.4076	0.9724	2.758
1695	0.4085	0.9720	2.796
1696	0.4033	0.9742	2.584
1697	0.3978	0.9765	2.354
1698	0.4061	0.9728	2.722
1699	0.4034	0.9740	2.603
1700	0.4072	0.9726	2.741
1701	0.3921	0.9794	2.059
1702	0.4069	0.9727	2.726
1703	0.3945	0.9784	2.161
1704	0.4063	0.9731	2.692
1705	0.4049	0.9732	2.682
1706	0.4082	0.9725	2.748
1707	0.4014	0.9749	2.514
1708	0.4070	0.9729	2.712
1709	0.4061	0.9731	2.692
1710	0.4049	0.9736	2.642
1711	0.4053	0.9735	2.651
1712	0.3980	0.9761	2.394
1713	0.4075	0.9723	2.775
1714	0.4020	0.9743	2.568
1715	0.4061	0.9730	2.704
1716	0.4084	0.9717	2.829
1717	0.4059	0.9731	2.693
1718	0.3995	0.9754	2.459
1719	0.3918	0.9794	2.056
1720	0.4007	0.9750	2.505
1721	0.4058	0.9728	2.718
1722	0.4087	0.9718	2.816
1723	0.4047	0.9733	2.674
1724	0.4057	0.9734	2.660
1725	0.4049	0.9736	2.641
1726	0.4012	0.9753	2.471
1727	0.4065	0.9722	2.778
1728	0.3996	0.9753	2.471
1729	0.4070	0.9726	2.739
1730	0.4077	0.9722	2.778
1731	0.4024	0.9742	2.576
1732	0.4059	0.9730	2.698
1733	0.4008	0.9749	2.510
1734	0.4076	0.9723	2.773
1735	0.4041	0.9735	2.646
1736	0.4073	0.9724	2.762
1737	0.3958	0.9775	2.254
1738	0.4038	0.9738	2.620
1739	0.4051	0.9730	2.701
1740	0.4074	0.9724	2.758
1741	0.4034	0.9739	2.607
1742	0.4072	0.9727	2.731
1743	0.4059	0.9733	2.674
1744	0.4027	0.9741	2.594
1745	0.4049	0.9736	2.638
1746	0.4024	0.9747	2.529
1747	0.4083	0.9718	2.818
1748	0.4077	0.9721	2.785
1749	0.3920	0.9792	2.080
1750	0.4000	0.9755	2.446
1751	0.4026	0.9747	2.532
1752	0.4070	0.9723	2.768
1753	0.4066	0.9724	2.756
1754	0.4000	0.9755	2.446
1755	0.4038	0.9738	2.620
1756	0.4053	0.9735	2.652
1757	0.4051	0.9730	2.700
1758	0.4063	0.9729	2.706
1759	0.3920	0.9792	2.080
1760	0.4081	0.9725	2.748
1761	0.4051	0.9730	2.701
1762	0.4023	0.9747	2.532
1763	0.4058	0.9730	2.696
1764	0.4067	0.9727	2.729
1765	0.4033	0.9740	2.603
1766	0.4087	0.9718	2.818
1767	0.4082	0.9724	2.757
1768	0.4082	0.9718	2.818
1769	0.4049	0.9736	2.641
1770	0.4041	0.9735	2.645
1771	0.4045	0.9739	2.605
1772	0.4065	0.9722	2.778
1773	0.4075	0.9724	2.758
1774	0.4008	0.9750	2.502
1775	0.4055	0.9734	2.662
1776	0.3919	0.9796	2.041
1777	0.4069	0.9726	2.739
1778	0.4073	0.9724	2.763
1779	0.4057	0.9735	2.652
1780	0.4077	0.9722	2.778
1781	0.4048	0.9732	2.680
1782	0.4026	0.9747	2.532
1783	0.4055	0.9731	2.693
1784	0.4069	0.9729	2.711
1785	0.4027	0.9741	2.595
1786	0.4069	0.9728	2.720
1787	0.3932	0.9785	2.148
1788	0.4068	0.9728	2.716
1789	0.4074	0.9724	2.760
1790	0.4095	0.9712	2.879
1791	0.4057	0.9731	2.688
1792	0.4084	0.9720	2.798
1793	0.4078	0.9723	2.773
1794	0.4069	0.9727	2.734
1795	0.3995	0.9754	2.460
1796	0.4007	0.9749	2.505
1797	0.3941	0.9779	2.214
1798	0.4055	0.9732	2.676
1799	0.3978	0.9765	2.353
1800	0.4061	0.9724	2.764
1801	0.4069	0.9727	2.733
1802	0.3918	0.9794	2.055
1803	0.4068	0.9727	2.726
1804	0.4049	0.9736	2.642
1805	0.4026	0.9749	2.511
1806	0.4011	0.9753	2.471
1807	0.4010	0.9748	2.518
1808	0.4058	0.9731	2.692
1809	0.3920	0.9794	2.060
1810	0.4040	0.9735	2.649
1811	0.4067	0.9728	2.715
1812	0.4059	0.9730	2.697
1813	0.4013	0.9749	2.514
1814	0.4047	0.9735	2.646
1815	0.4058	0.9728	2.720
1816	0.4069	0.9729	2.712
1817	0.3901	0.9802	1.981
1818	0.4085	0.9718	2.818
1819	0.4078	0.9720	2.800
1820	0.4024	0.9747	2.530
1821	0.4028	0.9746	2.537
1822	0.4036	0.9740	2.603
1823	0.4052	0.9733	2.668
1824	0.4024	0.9742	2.575
1825	0.4053	0.9730	2.704
1826	0.4008	0.9749	2.510
1827	0.4072	0.9726	2.740
1828	0.4059	0.9733	2.675
1829	0.4077	0.9721	2.785
1830	0.4015	0.9753	2.473
1831	0.3957	0.9775	2.254
1832	0.3944	0.9784	2.162
1833	0.4033	0.9741	2.585
1834	0.4076	0.9723	2.773
1835	0.4071	0.9727	2.732
1836	0.4062	0.9731	2.690
1837	0.4019	0.9743	2.569
1838	0.4044	0.9735	2.646
1839	0.4060	0.9730	2.704
1840	0.4084	0.9717	2.831
1841	0.4014	0.9748	2.519
1842	0.4056	0.9734	2.660
1843	0.4070	0.9723	2.768
1844	0.4047	0.9733	2.674
1845	0.3995	0.9753	2.469
1846	0.4060	0.9728	2.722
1847	0.4091	0.9717	2.826
1848	0.4075	0.9723	2.766
1849	0.4060	0.9731	2.695
1850	0.4049	0.9736	2.638
1851	0.4034	0.9739	2.606
1852	0.4074	0.9723	2.773
1853	0.3979	0.9761	2.392
1854	0.4094	0.9712	2.880
1855	0.4058	0.9733	2.675
1856	0.4035	0.9740	2.603
1857	0.4085	0.9718	2.818
1858	0.4060	0.9731	2.694
1859	0.4066	0.9724	2.755
1860	0.4067	0.9729	2.712
1861	0.4047	0.9735	2.646
1862	0.4062	0.9731	2.692
1863	0.3932	0.9785	2.148
1864	0.4034	0.9739	2.608
1865	0.4086	0.9719	2.814
1866	0.4051	0.9730	2.702
1867	0.4069	0.9727	2.730
1868	0.4040	0.9735	2.648
1869	0.4068	0.9727	2.734
1870	0.4084	0.9720	2.796
1871	0.4076	0.9722	2.778
1872	0.4069	0.9729	2.710
1873	0.4045	0.9740	2.604
1874	0.3901	0.9802	1.982
1875	0.4053	0.9730	2.703
1876	0.3941	0.9779	2.214
1877	0.4052	0.9735	2.652
1878	0.4057	0.9731	2.688
1879	0.4028	0.9746	2.537
1880	0.4069	0.9726	2.738
1881	0.4078	0.9723	2.771
1882	0.4081	0.9725	2.747
1883	0.4023	0.9742	2.576
1884	0.4069	0.9723	2.766
1885	0.4007	0.9750	2.502
1886	0.4025	0.9747	2.530
1887	0.4082	0.9718	2.820
1888	0.4057	0.9730	2.696
1889	0.4072	0.9724	2.764
1890	0.3995	0.9753	2.470
1891	0.4007	0.9749	2.509
1892	0.4006	0.9750	2.505
1893	0.4022	0.9747	2.531
1894	0.4084	0.9717	2.829
1895	0.4058	0.9731	2.693
1896	0.4019	0.9743	2.567
1897	0.4055	0.9733	2.673
1898	0.4071	0.9727	2.731
1899	0.3919	0.9792	2.080
1900	0.4056	0.9735	2.649
1901	0.4014	0.9748	2.518
1902	0.4075	0.9724	2.764
1903	0.4068	0.9727	2.726
1904	0.4068	0.9728	2.715
1905	0.4048	0.9736	2.642
1906	0.4060	0.9728	2.721
1907	0.4032	0.9742	2.584
1908	0.4046	0.9733	2.675
1909	0.3957	0.9775	2.254
1910	0.4023	0.9747	2.528
1911	0.4056	0.9734	2.661
1912	0.4066	0.9727	2.726
1913	0.4057	0.9728	2.717
1914	0.4075	0.9723	2.773
1915	0.4054	0.9731	2.691
1916	0.3979	0.9761	2.393
1917	0.3994	0.9754	2.458
1918	0.4064	0.9722	2.776
1919	0.3920	0.9794	2.059
1920	0.4051	0.9733	2.667
1921	0.4074	0.9724	2.760
1922	0.4090	0.9717	2.826
1923	0.4068	0.9728	2.719
1924	0.4054	0.9734	2.663
1925	0.4049	0.9736	2.637
1926	0.4044	0.9736	2.644
1927	0.4026	0.9749	2.511
1928	0.4033	0.9740	2.604
1929	0.4078	0.9720	2.798
1930	0.4011	0.9753	2.474
1931	0.4062	0.9730	2.702
1932	0.3918	0.9796	2.039
1933	0.4071	0.9726	2.741
1934	0.4015	0.9753	2.474
1935	0.4051	0.9730	2.699
1936	0.3917	0.9794	2.056
1937	0.4013	0.9749	2.513
1938	0.3944	0.9784	2.161
1939	0.4075	0.9724	2.757
1940	0.4037	0.9738	2.620
1941	0.4047	0.9732	2.680
1942	0.4026	0.9741	2.594
1943	0.4060	0.9730	2.704
1944	0.3977	0.9765	2.353
1945	0.3999	0.9755	2.446
1946	0.4048	0.9736	2.641
1947	0.4040	0.9735	2.646
1948	0.4081	0.9724	2.758
1949	0.4076	0.9722	2.785
1950	0.4009	0.9748	2.518
1951	0.4060	0.9723	2.765
1952	0.4058	0.9730	2.697
1953	0.4074	0.9723	2.773
1954	0.4068	0.9729	2.712
1955	0.4067	0.9728	2.717
1956	0.4026	0.9741	2.595
1957	0.3978	0.9761	2.392
1958	0.4013	0.9749	2.513
1959	0.4056	0.9735	2.652
1960	0.4074	0.9723	2.774
1961	0.4086	0.9718	2.816
1962	0.4060	0.9730	2.704
1963	0.3944	0.9784	2.161
1964	0.4028	0.9746	2.537
1965	0.4057	0.9728	2.719
1966	0.4068	0.9727	2.734
1967	0.4050	0.9730	2.701
1968	0.4069	0.9727	2.733
1969	0.4062	0.9731	2.692
1970	0.4066	0.9729	2.713
1971	0.3957	0.9775	2.254
1972	0.4048	0.9736	2.642
1973	0.3977	0.9765	2.352
1974	0.3994	0.9753	2.470
1975	0.4065	0.9724	2.756
1976	0.3931	0.9785	2.148
1977	0.4055	0.9732	2.676
1978	0.4080	0.9725	2.748
1979	0.4033	0.9739	2.607
1980	0.4056	0.9734	2.659
1981	0.4069	0.9723	2.767
1982	0.4013	0.9748	2.519
1983	0.3919	0.9792	2.080
1984	0.4007	0.9749	2.512
1985	0.4047	0.9732	2.680
1986	0.4009	0.9748	2.518
1987	0.4054	0.9731	2.694
1988	0.4068	0.9729	2.712
1989	0.4022	0.9747	2.532
1990	0.4084	0.9718	2.818
1991	0.4083	0.9720	2.800
1992	0.4048	0.9736	2.641
1993	0.4023	0.9747	2.529
1994	0.4051	0.9735	2.652
1995	0.4032	0.9740	2.603
1996	0.4072	0.9724	2.761
1997	0.4064	0.9722	2.779
1998	0.4040	0.9735	2.645
1999	0.4068	0.9729	2.712
