0	0.4235	0.9728	2.721
1	0.4223	0.9733	2.673
2	0.4223	0.9730	2.695
3	0.4219	0.9729	2.711
4	0.4228	0.9729	2.706
5	0.4226	0.9729	2.707
6	0.4190	0.9746	2.542
7	0.4237	0.9727	2.730
8	0.4232	0.9721	2.789
9	0.4181	0.9747	2.525
10	0.4163	0.9753	2.472
11	0.4236	0.9727	2.730
12	0.4236	0.9725	2.754
13	0.4147	0.9760	2.399
14	0.4239	0.9726	2.735
15	0.4234	0.9727	2.734
16	0.4088	0.9793	2.066
17	0.4212	0.9735	2.654
18	0.4213	0.9738	2.620
19	0.4183	0.9752	2.484
20	0.4244	0.9721	2.788
21	0.4215	0.9733	2.665
22	0.4162	0.9753	2.468
23	0.4242	0.9722	2.782
24	0.4252	0.9716	2.839
25	0.4224	0.9734	2.661
26	0.4224	0.9732	2.679
27	0.4200	0.9740	2.597
28	0.4259	0.9716	2.841
29	0.4125	0.9774	2.263
30	0.4250	0.9717	2.834
31	0.4237	0.9726	2.739
32	0.4176	0.9748	2.519
33	0.4229	0.9723	2.765
34	0.4233	0.9723	2.768
35	0.4178	0.9747	2.531
36	0.4176	0.9748	2.520
37	0.4202	0.9738	2.620
38	0.4236	0.9726	2.735
39	0.4087	0.9793	2.065
40	0.4205	0.9737	2.629
41	0.4208	0.9734	2.657
42	0.4190	0.9746	2.544
43	0.4203	0.9739	2.611
44	0.4229	0.9723	2.765
45	0.4252	0.9716	2.841
46	0.4250	0.9717	2.834
47	0.4175	0.9748	2.519
48	0.4191	0.9745	2.552
49	0.4234	0.9728	2.721
50	0.4231	0.9728	2.715
51	0.4230	0.9729	2.708
52	0.4222	0.9733	2.672
53	0.4167	0.9755	2.448
54	0.4220	0.9728	2.716
55	0.4217	0.9735	2.650
56	0.4193	0.9746	2.542
57	0.4108	0.9778	2.217
58	0.4218	0.9729	2.710
59	0.4200	0.9740	2.600
60	0.4196	0.9744	2.558
61	0.4099	0.9785	2.153
62	0.4253	0.9717	2.831
63	0.4233	0.9727	2.734
64	0.4216	0.9734	2.657
65	0.4262	0.9711	2.890
66	0.4235	0.9727	2.730
67	0.4243	0.9721	2.787
68	0.4215	0.9733	2.665
69	0.4177	0.9747	2.531
70	0.4191	0.9741	2.587
71	0.4215	0.9731	2.687
72	0.4181	0.9748	2.524
73	0.4224	0.9734	2.660
74	0.4222	0.9730	2.695
75	0.4243	0.9723	2.765
76	0.4235	0.9728	2.721
77	0.4239	0.9725	2.748
78	0.4225	0.9727	2.725
79	0.4216	0.9734	2.661
80	0.4251	0.9719	2.813
81	0.4241	0.9723	2.769
82	0.4227	0.9727	2.732
83	0.4162	0.9753	2.470
84	0.4162	0.9753	2.471
85	0.4200	0.9739	2.615
86	0.4214	0.9731	2.685
87	0.4224	0.9732	2.678
88	0.4144	0.9764	2.358
89	0.4226	0.9732	2.681
90	0.4236	0.9726	2.739
91	0.4222	0.9731	2.690
92	0.4244	0.9722	2.780
93	0.4212	0.9734	2.655
94	0.4236	0.9728	2.721
95	0.4173	0.9749	2.510
96	0.4218	0.9729	2.710
97	0.4225	0.9730	2.705
98	0.4233	0.9723	2.769
99	0.4182	0.9752	2.485
100	0.4238	0.9726	2.737
101	0.4245	0.9719	2.810
102	0.4068	0.9801	1.988
103	0.4226	0.9729	2.713
104	0.4084	0.9794	2.062
105	0.4124	0.9774	2.262
106	0.4241	0.9722	2.782
107	0.4193	0.9747	2.526
108	0.4227	0.9729	2.707
109	0.4219	0.9734	2.660
110	0.4248	0.9724	2.759
111	0.4219	0.9731	2.686
112	0.4235	0.9725	2.754
113	0.4245	0.9722	2.783
114	0.4193	0.9740	2.601
115	0.4178	0.9752	2.485
116	0.4225	0.9730	2.703
117	0.4181	0.9746	2.538
118	0.4236	0.9725	2.748
119	0.4224	0.9729	2.707
120	0.4111	0.9783	2.168
121	0.4231	0.9721	2.789
122	0.4258	0.9716	2.841
123	0.4227	0.9728	2.715
124	0.4236	0.9727	2.729
125	0.4186	0.9742	2.580
126	0.4085	0.9791	2.088
127	0.4085	0.9796	2.044
128	0.4244	0.9720	2.799
129	0.4146	0.9760	2.399
130	0.4208	0.9734	2.656
131	0.4239	0.9723	2.772
132	0.4236	0.9721	2.785
133	0.4212	0.9738	2.621
134	0.4253	0.9717	2.830
135	0.4242	0.9722	2.781
136	0.4248	0.9723	2.766
137	0.4199	0.9740	2.597
138	0.4189	0.9746	2.543
139	0.4236	0.9725	2.750
140	0.4242	0.9724	2.763
141	0.4224	0.9729	2.706
142	0.4245	0.9722	2.783
143	0.4242	0.9722	2.778
144	0.4173	0.9749	2.509
145	0.4219	0.9731	2.686
146	0.4236	0.9722	2.779
147	0.4242	0.9722	2.785
148	0.4241	0.9723	2.768
149	0.4236	0.9728	2.719
150	0.4162	0.9753	2.472
151	0.4202	0.9739	2.610
152	0.4235	0.9727	2.729
153	0.4238	0.9726	2.735
154	0.4253	0.9717	2.827
155	0.4218	0.9729	2.706
156	0.4225	0.9732	2.681
157	0.4233	0.9727	2.730
158	0.4211	0.9738	2.621
159	0.4166	0.9755	2.448
160	0.4067	0.9801	1.988
161	0.4177	0.9747	2.530
162	0.4235	0.9725	2.752
163	0.4222	0.9730	2.696
164	0.4190	0.9745	2.551
165	0.4215	0.9734	2.656
166	0.4201	0.9738	2.620
167	0.4181	0.9746	2.537
168	0.4222	0.9731	2.691
169	0.4190	0.9741	2.586
170	0.4224	0.9730	2.704
171	0.4213	0.9732	2.685
172	0.4207	0.9734	2.659
173	0.4225	0.9729	2.712
174	0.4145	0.9760	2.400
175	0.4204	0.9737	2.630
176	0.4252	0.9717	2.831
177	0.4123	0.9774	2.262
178	0.4214	0.9733	2.669
179	0.4143	0.9764	2.358
180	0.4199	0.9739	2.615
181	0.4232	0.9723	2.769
182	0.4195	0.9744	2.557
183	0.4086	0.9793	2.065
184	0.4221	0.9733	2.673
185	0.4098	0.9785	2.153
186	0.4245	0.9719	2.809
187	0.4215	0.9735	2.652
188	0.4238	0.9726	2.745
189	0.4223	0.9732	2.677
190	0.4240	0.9722	2.782
191	0.4251	0.9719	2.813
192	0.4243	0.9722	2.779
193	0.4261	0.9711	2.891
194	0.4085	0.9791	2.089
195	0.4229	0.9728	2.716
196	0.4229	0.9729	2.707
197	0.4235	0.9726	2.736
198	0.4185	0.9742	2.580
199	0.4234	0.9728	2.721
200	0.4250	0.9716	2.841
201	0.4215	0.9734	2.661
202	0.4227	0.9723	2.766
203	0.4192	0.9747	2.526
204	0.4219	0.9728	2.717
205	0.4226	0.9728	2.717
206	0.4177	0.9752	2.485
207	0.4174	0.9748	2.519
208	0.4226	0.9727	2.732
209	0.4083	0.9794	2.061
210	0.4233	0.9728	2.721
211	0.4106	0.9778	2.217
212	0.4210	0.9735	2.654
213	0.4235	0.9726	2.739
214	0.4243	0.9720	2.799
215	0.4226	0.9729	2.707
216	0.4222	0.9734	2.660
217	0.4247	0.9723	2.768
218	0.4181	0.9751	2.485
219	0.4239	0.9723	2.768
220	0.4214	0.9731	2.686
221	0.4192	0.9746	2.542
222	0.4110	0.9783	2.168
223	0.4084	0.9796	2.045
224	0.4234	0.9727	2.730
225	0.4192	0.9740	2.599
226	0.4248	0.9717	2.834
227	0.4160	0.9753	2.469
228	0.4247	0.9724	2.761
229	0.4257	0.9716	2.841
230	0.4218	0.9734	2.660
231	0.4217	0.9729	2.710
232	0.4179	0.9748	2.524
233	0.4207	0.9734	2.655
234	0.4223	0.9727	2.725
235	0.4230	0.9721	2.788
236	0.4174	0.9748	2.519
237	0.4224	0.9729	2.706
238	0.4173	0.9748	2.518
239	0.4214	0.9731	2.687
240	0.4226	0.9727	2.732
241	0.4143	0.9764	2.357
242	0.4174	0.9748	2.521
243	0.4235	0.9722	2.785
244	0.4189	0.9741	2.587
245	0.4185	0.9742	2.577
246	0.4247	0.9724	2.764
247	0.4166	0.9755	2.449
248	0.4248	0.9717	2.834
249	0.4244	0.9719	2.808
250	0.4200	0.9738	2.620
251	0.4240	0.9722	2.783
252	0.4241	0.9722	2.783
253	0.4235	0.9726	2.741
254	0.4235	0.9728	2.721
255	0.4222	0.9734	2.660
256	0.4189	0.9745	2.550
257	0.4260	0.9711	2.890
258	0.4242	0.9722	2.781
259	0.4226	0.9729	2.705
260	0.4221	0.9730	2.696
261	0.4228	0.9730	2.705
262	0.4083	0.9794	2.060
263	0.4210	0.9738	2.621
264	0.4161	0.9753	2.472
265	0.4252	0.9717	2.829
266	0.4181	0.9752	2.485
267	0.4230	0.9721	2.789
268	0.4251	0.9717	2.828
269	0.4144	0.9760	2.400
270	0.4241	0.9722	2.785
271	0.4229	0.9729	2.713
272	0.4210	0.9734	2.656
273	0.4198	0.9741	2.595
274	0.4215	0.9735	2.651
275	0.4256	0.9716	2.840
276	0.4212	0.9732	2.685
277	0.4218	0.9728	2.717
278	0.4217	0.9729	2.708
279	0.4160	0.9753	2.469
280	0.4201	0.9739	2.610
281	0.4234	0.9727	2.734
282	0.4220	0.9733	2.672
283	0.4188	0.9745	2.546
284	0.4231	0.9727	2.732
285	0.4243	0.9720	2.797
286	0.4192	0.9748	2.524
287	0.4224	0.9730	2.705
288	0.4203	0.9737	2.627
289	0.4084	0.9791	2.089
290	0.4217	0.9732	2.683
291	0.4224	0.9729	2.711
292	0.4225	0.9729	2.714
293	0.4234	0.9725	2.751
294	0.4239	0.9723	2.765
295	0.4234	0.9727	2.727
296	0.4180	0.9746	2.537
297	0.4106	0.9778	2.216
298	0.4179	0.9747	2.526
299	0.4109	0.9783	2.168
300	0.4247	0.9723	2.768
301	0.4223	0.9727	2.726
302	0.4214	0.9734	2.658
303	0.4192	0.9740	2.602
304	0.4083	0.9796	2.042
305	0.4233	0.9727	2.730
306	0.4224	0.9732	2.682
307	0.4175	0.9747	2.531
308	0.4249	0.9716	2.838
309	0.4066	0.9801	1.988
310	0.4223	0.9730	2.703
311	0.4206	0.9734	2.655
312	0.4191	0.9746	2.542
313	0.4231	0.9723	2.768
314	0.4234	0.9725	2.747
315	0.4236	0.9726	2.737
316	0.4097	0.9785	2.153
317	0.4220	0.9731	2.690
318	0.4193	0.9744	2.558
319	0.4217	0.9734	2.660
320	0.4216	0.9729	2.710
321	0.4214	0.9734	2.659
322	0.4243	0.9722	2.782
323	0.4085	0.9793	2.066
324	0.4198	0.9739	2.614
325	0.4213	0.9733	2.668
326	0.4171	0.9749	2.510
327	0.4233	0.9728	2.721
328	0.4249	0.9719	2.813
329	0.4222	0.9732	2.678
330	0.4222	0.9729	2.708
331	0.4232	0.9728	2.720
332	0.4122	0.9774	2.262
333	0.4226	0.9723	2.766
334	0.4240	0.9723	2.765
335	0.4237	0.9725	2.745
336	0.4205	0.9734	2.656
337	0.4176	0.9751	2.487
338	0.4238	0.9723	2.772
339	0.4236	0.9727	2.734
340	0.4187	0.9746	2.543
341	0.4234	0.9726	2.739
342	0.4066	0.9801	1.989
343	0.4179	0.9746	2.537
344	0.4225	0.9728	2.716
345	0.4122	0.9774	2.263
346	0.4225	0.9727	2.732
347	0.4188	0.9745	2.552
348	0.4246	0.9724	2.761
349	0.4242	0.9722	2.780
350	0.4210	0.9738	2.621
351	0.4240	0.9722	2.778
352	0.4216	0.9729	2.708
353	0.4217	0.9734	2.661
354	0.4202	0.9737	2.629
355	0.4241	0.9721	2.787
356	0.4096	0.9785	2.152
357	0.4216	0.9729	2.710
358	0.4217	0.9731	2.687
359	0.4234	0.9726	2.736
360	0.4193	0.9744	2.558
361	0.4198	0.9739	2.615
362	0.4214	0.9735	2.650
363	0.4242	0.9720	2.797
364	0.4243	0.9719	2.810
365	0.4221	0.9734	2.660
366	0.4222	0.9730	2.704
367	0.4176	0.9752	2.485
368	0.4234	0.9725	2.747
369	0.4246	0.9723	2.768
370	0.4240	0.9724	2.763
371	0.4230	0.9723	2.766
372	0.4171	0.9749	2.510
373	0.4234	0.9727	2.729
374	0.4232	0.9728	2.719
375	0.4191	0.9740	2.601
376	0.4219	0.9733	2.671
377	0.4184	0.9742	2.581
378	0.4082	0.9794	2.060
379	0.4233	0.9727	2.731
380	0.4222	0.9729	2.705
381	0.4211	0.9731	2.685
382	0.4212	0.9734	2.665
383	0.4213	0.9731	2.687
384	0.4175	0.9747	2.531
385	0.4190	0.9746	2.542
386	0.4234	0.9722	2.780
387	0.4237	0.9723	2.768
388	0.4233	0.9725	2.753
389	0.4220	0.9730	2.696
390	0.4226	0.9723	2.765
391	0.4180	0.9752	2.484
392	0.4242	0.9722	2.781
393	0.4083	0.9796	2.041
394	0.4105	0.9778	2.216
395	0.4227	0.9729	2.708
396	0.4220	0.9731	2.691
397	0.4191	0.9747	2.527
398	0.4221	0.9732	2.678
399	0.4247	0.9717	2.834
400	0.4238	0.9723	2.768
401	0.4234	0.9728	2.721
402	0.4227	0.9729	2.714
403	0.4251	0.9717	2.829
404	0.4229	0.9721	2.789
405	0.4197	0.9741	2.593
406	0.4143	0.9760	2.401
407	0.4231	0.9728	2.721
408	0.4178	0.9747	2.527
409	0.4172	0.9748	2.519
410	0.4188	0.9741	2.585
411	0.4084	0.9794	2.065
412	0.4249	0.9719	2.814
413	0.4223	0.9729	2.712
414	0.4223	0.9732	2.681
415	0.4200	0.9739	2.611
416	0.4213	0.9734	2.656
417	0.4222	0.9727	2.725
418	0.4159	0.9753	2.468
419	0.4230	0.9727	2.734
420	0.4204	0.9734	2.658
421	0.4159	0.9753	2.471
422	0.4255	0.9716	2.841
423	0.4238	0.9722	2.782
424	0.4236	0.9725	2.747
425	0.4205	0.9735	2.655
426	0.4141	0.9764	2.358
427	0.4198	0.9738	2.619
428	0.4223	0.9730	2.705
429	0.4083	0.9791	2.089
430	0.4259	0.9711	2.891
431	0.4108	0.9783	2.168
432	0.4209	0.9735	2.654
433	0.4217	0.9728	2.720
434	0.4213	0.9734	2.662
435	0.4224	0.9729	2.708
436	0.4172	0.9748	2.521
437	0.4249	0.9717	2.829
438	0.4248	0.9716	2.843
439	0.4164	0.9755	2.449
440	0.4178	0.9746	2.537
441	0.4197	0.9740	2.602
442	0.4172	0.9748	2.521
443	0.4164	0.9755	2.449
444	0.4083	0.9791	2.089
445	0.4222	0.9729	2.706
446	0.4104	0.9778	2.216
447	0.4199	0.9739	2.611
448	0.4222	0.9727	2.727
449	0.4233	0.9725	2.750
450	0.4208	0.9735	2.654
451	0.4227	0.9728	2.715
452	0.4211	0.9731	2.686
453	0.4084	0.9793	2.066
454	0.4248	0.9716	2.841
455	0.4215	0.9729	2.711
456	0.4213	0.9734	2.661
457	0.4225	0.9723	2.767
458	0.4198	0.9738	2.620
459	0.4211	0.9733	2.668
460	0.4212	0.9731	2.686
461	0.4183	0.9742	2.576
462	0.4187	0.9741	2.587
463	0.4239	0.9723	2.765
464	0.4201	0.9737	2.631
465	0.4231	0.9728	2.722
466	0.4205	0.9734	2.656
467	0.4186	0.9746	2.543
468	0.4221	0.9729	2.706
469	0.4081	0.9794	2.064
470	0.4204	0.9735	2.653
471	0.4197	0.9739	2.615
472	0.4250	0.9717	2.833
473	0.4220	0.9734	2.663
474	0.4121	0.9774	2.261
475	0.4213	0.9735	2.650
476	0.4240	0.9721	2.789
477	0.4232	0.9727	2.731
478	0.4230	0.9723	2.769
479	0.4190	0.9748	2.524
480	0.4216	0.9728	2.721
481	0.4232	0.9726	2.739
482	0.4107	0.9783	2.172
483	0.4245	0.9723	2.768
484	0.4246	0.9717	2.834
485	0.4219	0.9731	2.692
486	0.4238	0.9722	2.784
487	0.4241	0.9720	2.799
488	0.4158	0.9753	2.472
489	0.4230	0.9726	2.735
490	0.4216	0.9734	2.664
491	0.4213	0.9734	2.660
492	0.4141	0.9765	2.355
493	0.4248	0.9719	2.814
494	0.4170	0.9749	2.511
495	0.4235	0.9727	2.734
496	0.4222	0.9732	2.683
497	0.4177	0.9748	2.524
498	0.4222	0.9728	2.716
499	0.4190	0.9740	2.597
500	0.4064	0.9801	1.990
501	0.4173	0.9747	2.532
502	0.4209	0.9738	2.625
503	0.4081	0.9796	2.043
504	0.4171	0.9748	2.520
505	0.4233	0.9726	2.739
506	0.4221	0.9729	2.707
507	0.4239	0.9721	2.785
508	0.4258	0.9711	2.891
509	0.4174	0.9751	2.485
510	0.4232	0.9724	2.758
511	0.4249	0.9717	2.831
512	0.4240	0.9722	2.780
513	0.4142	0.9760	2.400
514	0.4218	0.9730	2.697
515	0.4233	0.9721	2.786
516	0.4214	0.9728	2.716
517	0.4095	0.9785	2.153
518	0.4158	0.9753	2.469
519	0.4241	0.9721	2.788
520	0.4215	0.9731	2.686
521	0.4233	0.9728	2.721
522	0.4187	0.9744	2.555
523	0.4231	0.9728	2.722
524	0.4244	0.9724	2.762
525	0.4224	0.9727	2.732
526	0.4235	0.9726	2.743
527	0.4254	0.9716	2.841
528	0.4189	0.9746	2.543
529	0.4179	0.9752	2.485
530	0.4220	0.9732	2.676
531	0.4223	0.9728	2.716
532	0.4242	0.9719	2.809
533	0.4236	0.9723	2.771
534	0.4228	0.9721	2.788
535	0.4192	0.9744	2.557
536	0.4218	0.9733	2.671
537	0.4226	0.9729	2.707
538	0.4223	0.9729	2.705
539	0.4232	0.9727	2.729
540	0.4237	0.9723	2.766
541	0.4233	0.9722	2.778
542	0.4231	0.9728	2.716
543	0.4232	0.9725	2.750
544	0.4240	0.9720	2.797
545	0.4171	0.9748	2.520
546	0.4247	0.9717	2.835
547	0.4187	0.9745	2.546
548	0.4182	0.9742	2.582
549	0.4203	0.9734	2.658
550	0.4218	0.9733	2.670
551	0.4163	0.9755	2.447
552	0.4232	0.9728	2.719
553	0.4185	0.9745	2.545
554	0.4223	0.9729	2.713
555	0.4218	0.9731	2.695
556	0.4237	0.9722	2.780
557	0.4222	0.9732	2.682
558	0.4237	0.9724	2.764
559	0.4223	0.9727	2.731
560	0.4210	0.9731	2.685
561	0.4235	0.9725	2.747
562	0.4238	0.9722	2.778
563	0.4231	0.9727	2.734
564	0.4189	0.9739	2.605
565	0.4189	0.9748	2.521
566	0.4187	0.9742	2.584
567	0.4200	0.9737	2.627
568	0.4229	0.9727	2.728
569	0.4169	0.9749	2.508
570	0.4239	0.9722	2.781
571	0.4158	0.9753	2.472
572	0.4244	0.9723	2.766
573	0.4215	0.9732	2.682
574	0.4120	0.9774	2.262
575	0.4204	0.9735	2.654
576	0.4212	0.9735	2.652
577	0.4232	0.9726	2.740
578	0.4173	0.9747	2.532
579	0.4225	0.9730	2.702
580	0.4227	0.9722	2.778
581	0.4257	0.9711	2.891
582	0.4208	0.9738	2.620
583	0.4211	0.9731	2.686
584	0.4212	0.9734	2.658
585	0.4083	0.9794	2.064
586	0.4207	0.9734	2.658
587	0.4220	0.9728	2.725
588	0.4214	0.9730	2.704
589	0.4081	0.9796	2.042
590	0.4218	0.9731	2.692
591	0.4140	0.9764	2.356
592	0.4241	0.9722	2.781
593	0.4254	0.9716	2.837
594	0.4191	0.9744	2.555
595	0.4188	0.9746	2.541
596	0.4229	0.9728	2.716
597	0.4228	0.9723	2.768
598	0.4094	0.9785	2.151
599	0.4224	0.9723	2.766
600	0.4241	0.9719	2.811
601	0.4176	0.9747	2.526
602	0.4215	0.9729	2.715
603	0.4231	0.9725	2.750
604	0.4249	0.9717	2.826
605	0.4222	0.9729	2.711
606	0.4177	0.9746	2.535
607	0.4235	0.9723	2.767
608	0.4245	0.9717	2.834
609	0.4170	0.9748	2.518
610	0.4219	0.9732	2.677
611	0.4198	0.9739	2.610
612	0.4226	0.9729	2.714
613	0.4197	0.9738	2.621
614	0.4231	0.9727	2.734
615	0.4231	0.9727	2.729
616	0.4081	0.9791	2.090
617	0.4195	0.9741	2.593
618	0.4103	0.9778	2.216
619	0.4219	0.9734	2.659
620	0.4248	0.9717	2.828
621	0.4220	0.9730	2.704
622	0.4195	0.9739	2.614
623	0.4213	0.9729	2.708
624	0.4238	0.9724	2.763
625	0.4214	0.9734	2.662
626	0.4234	0.9726	2.737
627	0.4238	0.9721	2.786
628	0.4210	0.9734	2.664
629	0.4243	0.9724	2.758
630	0.4080	0.9794	2.060
631	0.4222	0.9730	2.704
632	0.4174	0.9751	2.485
633	0.4063	0.9801	1.988
634	0.4157	0.9753	2.468
635	0.4178	0.9752	2.484
636	0.4211	0.9734	2.659
637	0.4220	0.9730	2.704
638	0.4141	0.9760	2.399
639	0.4221	0.9729	2.705
640	0.4247	0.9719	2.813
641	0.4106	0.9783	2.168
642	0.4238	0.9721	2.787
643	0.4172	0.9747	2.531
644	0.4239	0.9722	2.780
645	0.4220	0.9730	2.702
646	0.4246	0.9719	2.813
647	0.4214	0.9734	2.660
648	0.4244	0.9723	2.766
649	0.4176	0.9747	2.525
650	0.4234	0.9725	2.748
651	0.4219	0.9734	2.660
652	0.4230	0.9727	2.730
653	0.4197	0.9739	2.610
654	0.4170	0.9748	2.520
655	0.4221	0.9730	2.705
656	0.4081	0.9791	2.089
657	0.4176	0.9746	2.537
658	0.4232	0.9722	2.783
659	0.4063	0.9801	1.990
660	0.4226	0.9721	2.788
661	0.4240	0.9722	2.784
662	0.4217	0.9731	2.691
663	0.4181	0.9742	2.576
664	0.4195	0.9740	2.599
665	0.4082	0.9793	2.066
666	0.4215	0.9728	2.721
667	0.4156	0.9753	2.469
668	0.4222	0.9727	2.732
669	0.4245	0.9717	2.834
670	0.4233	0.9726	2.736
671	0.4222	0.9729	2.708
672	0.4210	0.9731	2.686
673	0.4196	0.9738	2.619
674	0.4203	0.9734	2.656
675	0.4231	0.9728	2.721
676	0.4231	0.9726	2.738
677	0.4188	0.9740	2.597
678	0.4247	0.9717	2.827
679	0.4257	0.9711	2.890
680	0.4219	0.9729	2.708
681	0.4168	0.9749	2.510
682	0.4195	0.9739	2.614
683	0.4230	0.9724	2.758
684	0.4211	0.9734	2.661
685	0.4206	0.9735	2.654
686	0.4190	0.9744	2.555
687	0.4230	0.9728	2.721
688	0.4202	0.9734	2.657
689	0.4234	0.9723	2.771
690	0.4243	0.9724	2.759
691	0.4213	0.9729	2.711
692	0.4187	0.9746	2.542
693	0.4229	0.9728	2.720
694	0.4080	0.9796	2.044
695	0.4220	0.9732	2.680
696	0.4173	0.9751	2.486
697	0.4209	0.9733	2.666
698	0.4139	0.9764	2.357
699	0.4184	0.9746	2.542
700	0.4222	0.9728	2.715
701	0.4217	0.9731	2.695
702	0.4188	0.9747	2.526
703	0.4223	0.9723	2.765
704	0.4093	0.9785	2.152
705	0.4216	0.9733	2.673
706	0.4185	0.9745	2.551
707	0.4162	0.9755	2.449
708	0.4237	0.9722	2.779
709	0.4248	0.9717	2.829
710	0.4140	0.9760	2.401
711	0.4231	0.9727	2.729
712	0.4199	0.9737	2.628
713	0.4246	0.9716	2.837
714	0.4228	0.9727	2.734
715	0.4169	0.9748	2.518
716	0.4211	0.9734	2.656
717	0.4105	0.9783	2.168
718	0.4185	0.9741	2.586
719	0.4211	0.9735	2.650
720	0.4236	0.9722	2.782
721	0.4231	0.9725	2.748
722	0.4239	0.9720	2.796
723	0.4214	0.9731	2.687
724	0.4119	0.9774	2.262
725	0.4219	0.9728	2.724
726	0.4177	0.9752	2.484
727	0.4213	0.9729	2.708
728	0.4220	0.9729	2.713
729	0.4079	0.9794	2.062
730	0.4218	0.9732	2.677
731	0.4240	0.9719	2.809
732	0.4224	0.9729	2.707
733	0.4225	0.9729	2.714
734	0.4227	0.9723	2.768
735	0.4237	0.9723	2.765
736	0.4156	0.9753	2.472
737	0.4235	0.9723	2.768
738	0.4206	0.9738	2.619
739	0.4230	0.9726	2.739
740	0.4102	0.9778	2.217
741	0.4252	0.9716	2.840
742	0.4208	0.9731	2.686
743	0.4216	0.9733	2.672
744	0.4234	0.9723	2.769
745	0.4185	0.9741	2.586
746	0.4212	0.9729	2.711
747	0.4252	0.9716	2.840
748	0.4233	0.9726	2.737
749	0.4256	0.9711	2.891
750	0.4230	0.9728	2.720
751	0.4243	0.9723	2.768
752	0.4169	0.9748	2.519
753	0.4238	0.9722	2.781
754	0.4246	0.9717	2.827
755	0.4177	0.9752	2.484
756	0.4199	0.9737	2.628
757	0.4235	0.9723	2.767
758	0.4230	0.9727	2.729
759	0.4187	0.9748	2.524
760	0.4238	0.9720	2.797
761	0.4190	0.9745	2.554
762	0.4218	0.9730	2.703
763	0.4079	0.9794	2.060
764	0.4161	0.9755	2.446
765	0.4206	0.9738	2.620
766	0.4105	0.9783	2.168
767	0.4156	0.9753	2.469
768	0.4210	0.9735	2.649
769	0.4210	0.9734	2.660
770	0.4208	0.9731	2.687
771	0.4118	0.9774	2.262
772	0.4174	0.9748	2.525
773	0.4217	0.9734	2.661
774	0.4248	0.9717	2.830
775	0.4228	0.9728	2.720
776	0.4213	0.9734	2.660
777	0.4224	0.9729	2.708
778	0.4229	0.9728	2.718
779	0.4194	0.9741	2.595
780	0.4140	0.9760	2.401
781	0.4138	0.9764	2.358
782	0.4242	0.9724	2.759
783	0.4201	0.9734	2.657
784	0.4231	0.9722	2.782
785	0.4227	0.9723	2.768
786	0.4214	0.9728	2.717
787	0.4196	0.9739	2.610
788	0.4156	0.9753	2.471
789	0.4245	0.9716	2.839
790	0.4230	0.9725	2.747
791	0.4210	0.9734	2.659
792	0.4229	0.9727	2.731
793	0.4213	0.9731	2.686
794	0.4236	0.9724	2.763
795	0.4180	0.9742	2.579
796	0.4222	0.9723	2.766
797	0.4233	0.9725	2.747
798	0.4167	0.9749	2.510
799	0.4236	0.9722	2.779
800	0.4218	0.9730	2.704
801	0.4239	0.9719	2.809
802	0.4237	0.9721	2.786
803	0.4202	0.9734	2.655
804	0.4235	0.9722	2.781
805	0.4079	0.9796	2.044
806	0.4230	0.9726	2.735
807	0.4245	0.9719	2.813
808	0.4205	0.9734	2.655
809	0.4171	0.9747	2.530
810	0.4221	0.9727	2.732
811	0.4195	0.9738	2.619
812	0.4221	0.9729	2.707
813	0.4227	0.9727	2.734
814	0.4219	0.9730	2.704
815	0.4224	0.9729	2.713
816	0.4208	0.9733	2.666
817	0.4183	0.9746	2.544
818	0.4184	0.9745	2.548
819	0.4175	0.9746	2.536
820	0.4061	0.9801	1.987
821	0.4216	0.9730	2.696
822	0.4080	0.9794	2.064
823	0.4187	0.9740	2.600
824	0.4079	0.9791	2.089
825	0.4186	0.9746	2.543
826	0.4229	0.9724	2.756
827	0.4238	0.9722	2.783
828	0.4216	0.9731	2.690
829	0.4212	0.9729	2.709
830	0.4219	0.9732	2.681
831	0.4243	0.9717	2.832
832	0.4225	0.9721	2.788
833	0.4194	0.9738	2.615
834	0.4101	0.9778	2.216
835	0.4218	0.9728	2.724
836	0.4168	0.9748	2.519
837	0.4221	0.9728	2.716
838	0.4209	0.9731	2.687
839	0.4229	0.9726	2.739
840	0.4172	0.9751	2.486
841	0.4217	0.9732	2.677
842	0.4092	0.9785	2.153
843	0.4219	0.9729	2.714
844	0.4174	0.9748	2.523
845	0.4236	0.9723	2.765
846	0.4101	0.9778	2.216
847	0.4155	0.9753	2.470
848	0.4174	0.9746	2.538
849	0.4233	0.9723	2.771
850	0.4210	0.9735	2.650
851	0.4078	0.9796	2.042
852	0.4193	0.9739	2.606
853	0.4223	0.9728	2.718
854	0.4137	0.9764	2.357
855	0.4079	0.9791	2.089
856	0.4213	0.9728	2.724
857	0.4212	0.9731	2.686
858	0.4211	0.9728	2.716
859	0.4215	0.9730	2.699
860	0.4187	0.9740	2.597
861	0.4232	0.9726	2.739
862	0.4077	0.9793	2.065
863	0.4227	0.9726	2.738
864	0.4208	0.9731	2.688
865	0.4221	0.9729	2.713
866	0.4201	0.9734	2.656
867	0.4183	0.9746	2.542
868	0.4184	0.9745	2.554
869	0.4245	0.9719	2.813
870	0.4179	0.9742	2.575
871	0.4117	0.9774	2.260
872	0.4225	0.9721	2.792
873	0.4236	0.9721	2.785
874	0.4197	0.9737	2.630
875	0.4104	0.9783	2.171
876	0.4216	0.9731	2.693
877	0.4218	0.9727	2.730
878	0.4238	0.9721	2.788
879	0.4217	0.9729	2.708
880	0.4229	0.9727	2.730
881	0.4209	0.9734	2.660
882	0.4251	0.9715	2.845
883	0.4080	0.9793	2.069
884	0.4139	0.9760	2.400
885	0.4232	0.9726	2.743
886	0.4242	0.9723	2.767
887	0.4236	0.9721	2.790
888	0.4229	0.9724	2.758
889	0.4184	0.9741	2.587
890	0.4219	0.9728	2.719
891	0.4237	0.9720	2.798
892	0.4228	0.9727	2.731
893	0.4255	0.9711	2.890
894	0.4171	0.9752	2.485
895	0.4208	0.9733	2.669
896	0.4209	0.9734	2.660
897	0.4237	0.9722	2.780
898	0.4211	0.9729	2.712
899	0.4229	0.9728	2.721
900	0.4234	0.9723	2.766
901	0.4245	0.9717	2.831
902	0.4223	0.9729	2.708
903	0.4205	0.9738	2.621
904	0.4221	0.9723	2.768
905	0.4204	0.9735	2.654
906	0.4216	0.9734	2.662
907	0.4227	0.9728	2.720
908	0.4060	0.9801	1.989
909	0.4195	0.9739	2.611
910	0.4166	0.9749	2.510
911	0.4185	0.9746	2.543
912	0.4229	0.9726	2.740
913	0.4246	0.9717	2.829
914	0.4228	0.9728	2.721
915	0.4234	0.9722	2.783
916	0.4229	0.9726	2.735
917	0.4167	0.9748	2.519
918	0.4155	0.9753	2.471
919	0.4168	0.9748	2.520
920	0.4220	0.9727	2.731
921	0.4220	0.9728	2.715
922	0.4242	0.9717	2.832
923	0.4241	0.9724	2.758
924	0.4188	0.9744	2.555
925	0.4200	0.9734	2.658
926	0.4229	0.9722	2.779
927	0.4238	0.9719	2.810
928	0.4175	0.9752	2.484
929	0.4170	0.9747	2.531
930	0.4218	0.9730	2.704
931	0.4229	0.9725	2.749
932	0.4193	0.9739	2.614
933	0.4217	0.9730	2.702
934	0.4194	0.9738	2.620
935	0.4225	0.9723	2.765
936	0.4186	0.9748	2.524
937	0.4206	0.9732	2.684
938	0.4244	0.9716	2.836
939	0.4212	0.9734	2.660
940	0.4214	0.9733	2.670
941	0.4091	0.9785	2.151
942	0.4159	0.9755	2.447
943	0.4218	0.9732	2.681
944	0.4216	0.9732	2.677
945	0.4228	0.9725	2.753
946	0.4201	0.9734	2.655
947	0.4078	0.9796	2.044
948	0.4211	0.9729	2.710
949	0.4208	0.9731	2.688
950	0.4232	0.9723	2.769
951	0.4079	0.9794	2.064
952	0.4242	0.9717	2.834
953	0.4215	0.9731	2.690
954	0.4216	0.9732	2.677
955	0.4209	0.9735	2.650
956	0.4231	0.9725	2.747
957	0.4211	0.9731	2.688
958	0.4233	0.9723	2.767
959	0.4167	0.9748	2.519
960	0.4222	0.9729	2.707
961	0.4227	0.9727	2.730
962	0.4240	0.9724	2.758
963	0.4228	0.9726	2.740
964	0.4218	0.9730	2.704
965	0.4204	0.9738	2.619
966	0.4188	0.9745	2.553
967	0.4167	0.9748	2.518
968	0.4206	0.9732	2.685
969	0.4219	0.9730	2.704
970	0.4060	0.9801	1.988
971	0.4136	0.9764	2.357
972	0.4173	0.9746	2.537
973	0.4182	0.9746	2.542
974	0.4236	0.9720	2.796
975	0.4245	0.9717	2.828
976	0.4214	0.9730	2.695
977	0.4229	0.9722	2.778
978	0.4238	0.9719	2.811
979	0.4178	0.9742	2.579
980	0.4185	0.9747	2.525
981	0.4231	0.9726	2.737
982	0.4078	0.9791	2.089
983	0.4196	0.9737	2.629
984	0.4246	0.9717	2.830
985	0.4165	0.9749	2.509
986	0.4237	0.9722	2.780
987	0.4154	0.9753	2.467
988	0.4216	0.9729	2.707
989	0.4227	0.9728	2.718
990	0.4208	0.9734	2.656
991	0.4240	0.9723	2.768
992	0.4214	0.9733	2.671
993	0.4236	0.9722	2.781
994	0.4219	0.9727	2.730
995	0.4170	0.9752	2.484
996	0.4116	0.9774	2.263
997	0.4169	0.9747	2.530
998	0.4211	0.9734	2.661
999	0.4228	0.9726	2.735
1000	0.4138	0.9760	2.400
1001	0.4183	0.9745	2.551
1002	0.4218	0.9732	2.681
1003	0.4192	0.9739	2.614
1004	0.4235	0.9721	2.785
1005	0.4220	0.9723	2.765
1006	0.4076	0.9794	2.061
1007	0.4222	0.9729	2.714
1008	0.4174	0.9752	2.483
1009	0.4212	0.9728	2.717
1010	0.4090	0.9785	2.152
1011	0.4217	0.9730	2.703
1012	0.4223	0.9721	2.787
1013	0.4159	0.9755	2.449
1014	0.4154	0.9753	2.471
1015	0.4199	0.9734	2.655
1016	0.4233	0.9722	2.783
1017	0.4210	0.9729	2.710
1018	0.4203	0.9735	2.653
1019	0.4219	0.9728	2.715
1020	0.4184	0.9746	2.543
1021	0.4228	0.9725	2.750
1022	0.4234	0.9722	2.781
1023	0.4218	0.9729	2.713
1024	0.4185	0.9740	2.600
1025	0.4172	0.9748	2.525
1026	0.4234	0.9724	2.765
1027	0.4228	0.9727	2.729
1028	0.4226	0.9728	2.719
1029	0.4216	0.9727	2.726
1030	0.4225	0.9723	2.768
1031	0.4215	0.9734	2.660
1032	0.4225	0.9727	2.733
1033	0.4099	0.9778	2.216
1034	0.4103	0.9783	2.168
1035	0.4182	0.9741	2.585
1036	0.4250	0.9716	2.839
1037	0.4243	0.9716	2.842
1038	0.4253	0.9711	2.890
1039	0.4228	0.9728	2.721
1040	0.4206	0.9733	2.665
1041	0.4193	0.9738	2.618
1042	0.4243	0.9719	2.812
1043	0.4194	0.9739	2.610
1044	0.4207	0.9734	2.659
1045	0.4191	0.9740	2.595
1046	0.4172	0.9747	2.525
1047	0.4136	0.9764	2.357
1048	0.4214	0.9730	2.697
1049	0.4221	0.9729	2.707
1050	0.4216	0.9730	2.703
1051	0.4194	0.9739	2.610
1052	0.4154	0.9753	2.471
1053	0.4225	0.9728	2.720
1054	0.4153	0.9753	2.466
1055	0.4219	0.9728	2.717
1056	0.4077	0.9796	2.043
1057	0.4211	0.9731	2.688
1058	0.4228	0.9725	2.748
1059	0.4227	0.9727	2.730
1060	0.4217	0.9729	2.712
1061	0.4206	0.9733	2.666
1062	0.4187	0.9744	2.556
1063	0.4217	0.9732	2.681
1064	0.4216	0.9727	2.726
1065	0.4215	0.9734	2.660
1066	0.4230	0.9726	2.737
1067	0.4227	0.9725	2.751
1068	0.4219	0.9727	2.730
1069	0.4196	0.9737	2.628
1070	0.4181	0.9745	2.545
1071	0.4191	0.9741	2.593
1072	0.4244	0.9717	2.827
1073	0.4231	0.9723	2.768
1074	0.4185	0.9740	2.601
1075	0.4213	0.9733	2.669
1076	0.4237	0.9719	2.811
1077	0.4222	0.9729	2.714
1078	0.4253	0.9711	2.892
1079	0.4059	0.9801	1.986
1080	0.4233	0.9722	2.779
1081	0.4226	0.9729	2.714
1082	0.4158	0.9755	2.449
1083	0.4249	0.9717	2.835
1084	0.4207	0.9735	2.653
1085	0.4209	0.9730	2.704
1086	0.4215	0.9732	2.677
1087	0.4168	0.9747	2.530
1088	0.4217	0.9730	2.704
1089	0.4245	0.9717	2.825
1090	0.4178	0.9742	2.582
1091	0.4165	0.9749	2.507
1092	0.4227	0.9728	2.719
1093	0.4182	0.9741	2.585
1094	0.4115	0.9774	2.262
1095	0.4203	0.9738	2.619
1096	0.4227	0.9727	2.734
1097	0.4227	0.9727	2.727
1098	0.4242	0.9717	2.834
1099	0.4236	0.9722	2.781
1100	0.4090	0.9785	2.151
1101	0.4166	0.9748	2.519
1102	0.4206	0.9731	2.688
1103	0.4184	0.9748	2.524
1104	0.4234	0.9721	2.785
1105	0.4207	0.9735	2.654
1106	0.4077	0.9791	2.089
1107	0.4224	0.9723	2.766
1108	0.4232	0.9723	2.765
1109	0.4172	0.9746	2.536
1110	0.4203	0.9734	2.656
1111	0.4241	0.9717	2.832
1112	0.4078	0.9794	2.064
1113	0.4211	0.9728	2.718
1114	0.4075	0.9794	2.062
1115	0.4205	0.9731	2.686
1116	0.4239	0.9723	2.768
1117	0.4184	0.9746	2.541
1118	0.4210	0.9734	2.661
1119	0.4239	0.9724	2.759
1120	0.4228	0.9722	2.781
1121	0.4227	0.9726	2.739
1122	0.4173	0.9752	2.484
1123	0.4199	0.9735	2.654
1124	0.4233	0.9724	2.763
1125	0.4192	0.9738	2.619
1126	0.4242	0.9719	2.812
1127	0.4166	0.9748	2.520
1128	0.4213	0.9731	2.690
1129	0.4215	0.9729	2.706
1130	0.4098	0.9778	2.217
1131	0.4191	0.9739	2.614
1132	0.4230	0.9725	2.746
1133	0.4219	0.9723	2.765
1134	0.4181	0.9745	2.551
1135	0.4102	0.9783	2.169
1136	0.4224	0.9727	2.733
1137	0.4198	0.9734	2.655
1138	0.4169	0.9751	2.486
1139	0.4207	0.9735	2.649
1140	0.4137	0.9760	2.397
1141	0.4235	0.9720	2.798
1142	0.4235	0.9722	2.781
1143	0.4218	0.9729	2.706
1144	0.4222	0.9721	2.788
1145	0.4232	0.9722	2.783
1146	0.4209	0.9729	2.709
1147	0.4234	0.9721	2.786
1148	0.4226	0.9728	2.719
1149	0.4233	0.9723	2.765
1150	0.4205	0.9734	2.665
1151	0.4239	0.9724	2.759
1152	0.4216	0.9732	2.681
1153	0.4215	0.9730	2.702
1154	0.4203	0.9738	2.620
1155	0.4242	0.9719	2.812
1156	0.4218	0.9730	2.704
1157	0.4076	0.9796	2.042
1158	0.4239	0.9723	2.768
1159	0.4193	0.9739	2.610
1160	0.4198	0.9734	2.659
1161	0.4236	0.9722	2.780
1162	0.4242	0.9716	2.836
1163	0.4219	0.9723	2.765
1164	0.4243	0.9717	2.827
1165	0.4210	0.9732	2.684
1166	0.4172	0.9746	2.536
1167	0.4136	0.9760	2.401
1168	0.4153	0.9753	2.471
1169	0.4184	0.9747	2.525
1170	0.4164	0.9749	2.509
1171	0.4229	0.9726	2.737
1172	0.4235	0.9721	2.794
1173	0.4186	0.9744	2.556
1174	0.4221	0.9729	2.713
1175	0.4115	0.9774	2.262
1176	0.4192	0.9738	2.618
1177	0.4101	0.9783	2.170
1178	0.4214	0.9734	2.661
1179	0.4213	0.9731	2.695
1180	0.4226	0.9726	2.737
1181	0.4232	0.9722	2.784
1182	0.4252	0.9711	2.889
1183	0.4215	0.9728	2.724
1184	0.4248	0.9716	2.839
1185	0.4206	0.9734	2.660
1186	0.4190	0.9739	2.614
1187	0.4216	0.9729	2.713
1188	0.4202	0.9734	2.655
1189	0.4134	0.9764	2.357
1190	0.4190	0.9740	2.597
1191	0.4075	0.9794	2.063
1192	0.4173	0.9752	2.483
1193	0.4227	0.9722	2.784
1194	0.4226	0.9726	2.738
1195	0.4224	0.9728	2.720
1196	0.4167	0.9747	2.530
1197	0.4208	0.9729	2.708
1198	0.4165	0.9748	2.519
1199	0.4216	0.9729	2.706
1200	0.4180	0.9746	2.542
1201	0.4171	0.9748	2.524
1202	0.4213	0.9731	2.690
1203	0.4214	0.9732	2.677
1204	0.4181	0.9741	2.586
1205	0.4218	0.9727	2.732
1206	0.4152	0.9753	2.470
1207	0.4223	0.9727	2.734
1208	0.4058	0.9801	1.990
1209	0.4231	0.9723	2.768
1210	0.4198	0.9735	2.654
1211	0.4183	0.9746	2.543
1212	0.4223	0.9723	2.769
1213	0.4168	0.9751	2.486
1214	0.4232	0.9722	2.781
1215	0.4098	0.9778	2.217
1216	0.4220	0.9729	2.707
1217	0.4076	0.9791	2.089
1218	0.4157	0.9755	2.449
1219	0.4229	0.9726	2.745
1220	0.4077	0.9794	2.065
1221	0.4226	0.9724	2.759
1222	0.4210	0.9728	2.720
1223	0.4204	0.9731	2.686
1224	0.4234	0.9722	2.780
1225	0.4176	0.9742	2.576
1226	0.4209	0.9734	2.664
1227	0.4221	0.9721	2.791
1228	0.4206	0.9734	2.660
1229	0.4205	0.9732	2.685
1230	0.4164	0.9748	2.518
1231	0.4226	0.9728	2.722
1232	0.4181	0.9744	2.556
1233	0.4235	0.9719	2.809
1234	0.4208	0.9729	2.715
1235	0.4240	0.9717	2.832
1236	0.4212	0.9733	2.672
1237	0.4183	0.9740	2.595
1238	0.4217	0.9728	2.716
1239	0.4214	0.9729	2.708
1240	0.4194	0.9737	2.629
1241	0.4225	0.9727	2.731
1242	0.4230	0.9723	2.772
1243	0.4226	0.9727	2.730
1244	0.4243	0.9717	2.831
1245	0.4206	0.9735	2.651
1246	0.4226	0.9725	2.747
1247	0.4088	0.9785	2.151
1248	0.4226	0.9726	2.735
1249	0.4182	0.9746	2.541
1250	0.4183	0.9747	2.525
1251	0.4229	0.9723	2.767
1252	0.4223	0.9727	2.734
1253	0.4088	0.9785	2.151
1254	0.4198	0.9734	2.655
1255	0.4114	0.9774	2.262
1256	0.4232	0.9722	2.780
1257	0.4241	0.9719	2.812
1258	0.4165	0.9748	2.520
1259	0.4179	0.9746	2.542
1260	0.4225	0.9727	2.731
1261	0.4232	0.9724	2.763
1262	0.4214	0.9727	2.726
1263	0.4220	0.9729	2.713
1264	0.4217	0.9730	2.704
1265	0.4213	0.9734	2.659
1266	0.4226	0.9727	2.728
1267	0.4212	0.9730	2.696
1268	0.4171	0.9747	2.535
1269	0.4232	0.9722	2.785
1270	0.4205	0.9731	2.687
1271	0.4164	0.9748	2.518
1272	0.4074	0.9794	2.060
1273	0.4212	0.9731	2.690
1274	0.4214	0.9729	2.706
1275	0.4205	0.9734	2.658
1276	0.4226	0.9725	2.747
1277	0.4243	0.9717	2.830
1278	0.4172	0.9752	2.483
1279	0.4075	0.9791	2.089
1280	0.4213	0.9732	2.676
1281	0.4228	0.9726	2.736
1282	0.4190	0.9739	2.615
1283	0.4209	0.9734	2.661
1284	0.4247	0.9716	2.840
1285	0.4076	0.9794	2.064
1286	0.4197	0.9734	2.656
1287	0.4201	0.9738	2.618
1288	0.4151	0.9753	2.471
1289	0.4208	0.9729	2.711
1290	0.4203	0.9731	2.685
1291	0.4208	0.9729	2.709
1292	0.4238	0.9723	2.766
1293	0.4218	0.9723	2.766
1294	0.4180	0.9745	2.551
1295	0.4233	0.9722	2.781
1296	0.4075	0.9796	2.044
1297	0.4201	0.9735	2.654
1298	0.4222	0.9723	2.769
1299	0.4228	0.9725	2.746
1300	0.4176	0.9742	2.577
1301	0.4180	0.9741	2.586
1302	0.4223	0.9728	2.719
1303	0.4166	0.9747	2.531
1304	0.4168	0.9752	2.485
1305	0.4185	0.9745	2.555
1306	0.4233	0.9720	2.797
1307	0.4163	0.9749	2.510
1308	0.4225	0.9726	2.739
1309	0.4224	0.9728	2.719
1310	0.4215	0.9732	2.680
1311	0.4194	0.9737	2.628
1312	0.4057	0.9801	1.990
1313	0.4208	0.9731	2.687
1314	0.4237	0.9724	2.760
1315	0.4242	0.9717	2.828
1316	0.4221	0.9721	2.788
1317	0.4156	0.9755	2.449
1318	0.4216	0.9728	2.716
1319	0.4235	0.9719	2.811
1320	0.4170	0.9748	2.524
1321	0.4133	0.9764	2.356
1322	0.4215	0.9729	2.707
1323	0.4151	0.9753	2.469
1324	0.4097	0.9778	2.216
1325	0.4230	0.9723	2.767
1326	0.4225	0.9724	2.757
1327	0.4205	0.9734	2.659
1328	0.4251	0.9711	2.891
1329	0.4100	0.9783	2.171
1330	0.4216	0.9727	2.732
1331	0.4209	0.9728	2.720
1332	0.4226	0.9722	2.783
1333	0.4230	0.9722	2.783
1334	0.4189	0.9740	2.600
1335	0.4190	0.9738	2.619
1336	0.4183	0.9740	2.596
1337	0.4204	0.9733	2.666
1338	0.4239	0.9717	2.833
1339	0.4234	0.9722	2.783
1340	0.4215	0.9729	2.713
1341	0.4191	0.9739	2.612
1342	0.4135	0.9760	2.397
1343	0.4219	0.9729	2.707
1344	0.4211	0.9733	2.673
1345	0.4240	0.9716	2.841
1346	0.4214	0.9730	2.701
1347	0.4205	0.9735	2.651
1348	0.4225	0.9728	2.721
1349	0.4229	0.9723	2.767
1350	0.4222	0.9727	2.734
1351	0.4232	0.9721	2.786
1352	0.4167	0.9751	2.486
1353	0.4222	0.9723	2.766
1354	0.4076	0.9794	2.064
1355	0.4231	0.9722	2.777
1356	0.4178	0.9746	2.543
1357	0.4113	0.9774	2.262
1358	0.4205	0.9734	2.656
1359	0.4208	0.9731	2.685
1360	0.4175	0.9742	2.578
1361	0.4225	0.9726	2.739
1362	0.4201	0.9738	2.620
1363	0.4213	0.9730	2.702
1364	0.4233	0.9720	2.795
1365	0.4212	0.9732	2.676
1366	0.4223	0.9728	2.720
1367	0.4234	0.9719	2.811
1368	0.4213	0.9727	2.726
1369	0.4100	0.9783	2.168
1370	0.4227	0.9726	2.735
1371	0.4096	0.9778	2.217
1372	0.4230	0.9723	2.766
1373	0.4216	0.9729	2.705
1374	0.4231	0.9724	2.764
1375	0.4156	0.9755	2.448
1376	0.4074	0.9796	2.044
1377	0.4224	0.9724	2.756
1378	0.4211	0.9730	2.696
1379	0.4179	0.9745	2.552
1380	0.4196	0.9734	2.655
1381	0.4202	0.9731	2.685
1382	0.4208	0.9734	2.661
1383	0.4162	0.9749	2.509
1384	0.4242	0.9717	2.830
1385	0.4200	0.9735	2.654
1386	0.4214	0.9729	2.706
1387	0.4240	0.9716	2.841
1388	0.4224	0.9728	2.721
1389	0.4225	0.9725	2.748
1390	0.4224	0.9727	2.730
1391	0.4181	0.9746	2.542
1392	0.4182	0.9748	2.525
1393	0.4217	0.9724	2.765
1394	0.4179	0.9741	2.585
1395	0.4225	0.9727	2.729
1396	0.4218	0.9729	2.705
1397	0.4207	0.9729	2.709
1398	0.4188	0.9741	2.594
1399	0.4238	0.9717	2.832
1400	0.4224	0.9727	2.734
1401	0.4197	0.9735	2.653
1402	0.4163	0.9748	2.518
1403	0.4225	0.9728	2.720
1404	0.4232	0.9722	2.780
1405	0.4170	0.9746	2.537
1406	0.4205	0.9735	2.651
1407	0.4216	0.9729	2.714
1408	0.4214	0.9732	2.682
1409	0.4212	0.9734	2.658
1410	0.4240	0.9719	2.812
1411	0.4220	0.9721	2.785
1412	0.4190	0.9738	2.619
1413	0.4150	0.9753	2.468
1414	0.4134	0.9760	2.401
1415	0.4204	0.9734	2.659
1416	0.4184	0.9745	2.555
1417	0.4237	0.9723	2.769
1418	0.4203	0.9734	2.663
1419	0.4073	0.9794	2.059
1420	0.4163	0.9748	2.519
1421	0.4191	0.9739	2.610
1422	0.4182	0.9740	2.599
1423	0.4233	0.9722	2.779
1424	0.4250	0.9711	2.892
1425	0.4188	0.9739	2.615
1426	0.4056	0.9801	1.987
1427	0.4218	0.9729	2.712
1428	0.4203	0.9731	2.686
1429	0.4208	0.9728	2.718
1430	0.4240	0.9717	2.828
1431	0.4171	0.9752	2.484
1432	0.4246	0.9716	2.839
1433	0.4165	0.9747	2.530
1434	0.4214	0.9729	2.711
1435	0.4150	0.9753	2.471
1436	0.4192	0.9737	2.629
1437	0.4087	0.9785	2.151
1438	0.4206	0.9729	2.708
1439	0.4215	0.9727	2.732
1440	0.4227	0.9725	2.746
1441	0.4212	0.9729	2.707
1442	0.4074	0.9791	2.089
1443	0.4168	0.9748	2.524
1444	0.4225	0.9722	2.784
1445	0.4236	0.9724	2.760
1446	0.4229	0.9722	2.783
1447	0.4132	0.9764	2.357
1448	0.4210	0.9731	2.691
1449	0.4210	0.9733	2.673
1450	0.4178	0.9746	2.542
1451	0.4200	0.9734	2.655
1452	0.4224	0.9727	2.729
1453	0.4188	0.9739	2.613
1454	0.4229	0.9722	2.781
1455	0.4210	0.9733	2.671
1456	0.4212	0.9732	2.678
1457	0.4229	0.9723	2.766
1458	0.4074	0.9791	2.088
1459	0.4168	0.9747	2.525
1460	0.4213	0.9730	2.705
1461	0.4155	0.9755	2.448
1462	0.4181	0.9740	2.599
1463	0.4196	0.9734	2.655
1464	0.4237	0.9717	2.833
1465	0.4250	0.9711	2.892
1466	0.4207	0.9734	2.662
1467	0.4223	0.9727	2.730
1468	0.4225	0.9722	2.778
1469	0.4215	0.9727	2.731
1470	0.4200	0.9738	2.619
1471	0.4149	0.9753	2.468
1472	0.4224	0.9725	2.749
1473	0.4192	0.9737	2.627
1474	0.4210	0.9731	2.691
1475	0.4239	0.9717	2.834
1476	0.4227	0.9726	2.744
1477	0.4099	0.9783	2.167
1478	0.4236	0.9724	2.758
1479	0.4150	0.9753	2.471
1480	0.4204	0.9734	2.658
1481	0.4221	0.9727	2.734
1482	0.4189	0.9738	2.618
1483	0.4233	0.9719	2.811
1484	0.4239	0.9719	2.812
1485	0.4072	0.9794	2.062
1486	0.4208	0.9728	2.717
1487	0.4223	0.9728	2.719
1488	0.4224	0.9726	2.738
1489	0.4231	0.9721	2.786
1490	0.4206	0.9729	2.708
1491	0.4204	0.9735	2.650
1492	0.4219	0.9721	2.787
1493	0.4223	0.9726	2.735
1494	0.4212	0.9727	2.726
1495	0.4112	0.9774	2.262
1496	0.4223	0.9725	2.754
1497	0.4216	0.9724	2.764
1498	0.4195	0.9734	2.656
1499	0.4165	0.9747	2.529
1500	0.4181	0.9748	2.525
1501	0.4178	0.9741	2.585
1502	0.4169	0.9746	2.536
1503	0.4231	0.9722	2.780
1504	0.4212	0.9730	2.701
1505	0.4240	0.9717	2.828
1506	0.4086	0.9785	2.151
1507	0.4206	0.9729	2.712
1508	0.4161	0.9749	2.509
1509	0.4226	0.9726	2.735
1510	0.4230	0.9722	2.782
1511	0.4162	0.9748	2.518
1512	0.4212	0.9729	2.708
1513	0.4180	0.9746	2.542
1514	0.4073	0.9796	2.043
1515	0.4202	0.9733	2.666
1516	0.4207	0.9731	2.686
1517	0.4170	0.9751	2.486
1518	0.4133	0.9760	2.397
1519	0.4187	0.9740	2.600
1520	0.4166	0.9752	2.484
1521	0.4131	0.9764	2.355
1522	0.4218	0.9728	2.717
1523	0.4245	0.9716	2.843
1524	0.4241	0.9717	2.831
1525	0.4227	0.9723	2.772
1526	0.4230	0.9724	2.764
1527	0.4224	0.9728	2.723
1528	0.4232	0.9722	2.783
1529	0.4209	0.9730	2.695
1530	0.4074	0.9794	2.065
1531	0.4201	0.9731	2.686
1532	0.4183	0.9744	2.556
1533	0.4202	0.9731	2.686
1534	0.4173	0.9742	2.576
1535	0.4217	0.9729	2.708
1536	0.4162	0.9748	2.521
1537	0.4213	0.9729	2.714
1538	0.4178	0.9745	2.554
1539	0.4214	0.9729	2.706
1540	0.4220	0.9723	2.770
1541	0.4231	0.9720	2.796
1542	0.4095	0.9778	2.216
1543	0.4213	0.9732	2.680
1544	0.4055	0.9801	1.990
1545	0.4203	0.9734	2.660
1546	0.4190	0.9739	2.612
1547	0.4221	0.9728	2.720
1548	0.4214	0.9728	2.716
1549	0.4211	0.9734	2.659
1550	0.4236	0.9723	2.767
1551	0.4194	0.9734	2.656
1552	0.4074	0.9794	2.063
1553	0.4201	0.9731	2.686
1554	0.4203	0.9734	2.660
1555	0.4235	0.9724	2.759
1556	0.4230	0.9721	2.787
1557	0.4228	0.9722	2.782
1558	0.4111	0.9774	2.262
1559	0.4164	0.9747	2.531
1560	0.4178	0.9741	2.586
1561	0.4214	0.9728	2.715
1562	0.4188	0.9738	2.619
1563	0.4177	0.9746	2.542
1564	0.4055	0.9801	1.990
1565	0.4222	0.9728	2.720
1566	0.4217	0.9729	2.714
1567	0.4214	0.9727	2.732
1568	0.4212	0.9730	2.701
1569	0.4231	0.9720	2.796
1570	0.4161	0.9748	2.518
1571	0.4212	0.9729	2.706
1572	0.4235	0.9723	2.768
1573	0.4191	0.9737	2.628
1574	0.4098	0.9783	2.171
1575	0.4210	0.9733	2.673
1576	0.4131	0.9764	2.356
1577	0.4180	0.9740	2.597
1578	0.4239	0.9717	2.829
1579	0.4232	0.9722	2.784
1580	0.4162	0.9748	2.520
1581	0.4213	0.9729	2.714
1582	0.4094	0.9778	2.217
1583	0.4203	0.9735	2.648
1584	0.4229	0.9722	2.783
1585	0.4211	0.9727	2.725
1586	0.4182	0.9744	2.556
1587	0.4148	0.9753	2.470
1588	0.4205	0.9729	2.710
1589	0.4216	0.9729	2.707
1590	0.4179	0.9746	2.542
1591	0.4223	0.9726	2.739
1592	0.4215	0.9723	2.766
1593	0.4220	0.9723	2.769
1594	0.4180	0.9748	2.525
1595	0.4169	0.9752	2.483
1596	0.4230	0.9722	2.781
1597	0.4238	0.9716	2.837
1598	0.4206	0.9731	2.685
1599	0.4187	0.9739	2.613
1600	0.4205	0.9729	2.709
1601	0.4223	0.9728	2.720
1602	0.4186	0.9741	2.594
1603	0.4220	0.9727	2.733
1604	0.4225	0.9726	2.737
1605	0.4218	0.9721	2.787
1606	0.4232	0.9719	2.810
1607	0.4202	0.9731	2.687
1608	0.4223	0.9722	2.777
1609	0.4225	0.9725	2.747
1610	0.4203	0.9734	2.655
1611	0.4160	0.9749	2.509
1612	0.4214	0.9730	2.704
1613	0.4222	0.9727	2.732
1614	0.4072	0.9796	2.043
1615	0.4208	0.9733	2.671
1616	0.4206	0.9728	2.717
1617	0.4168	0.9746	2.536
1618	0.4132	0.9760	2.399
1619	0.4209	0.9730	2.696
1620	0.4223	0.9725	2.747
1621	0.4238	0.9719	2.812
1622	0.4222	0.9725	2.753
1623	0.4240	0.9717	2.830
1624	0.4236	0.9717	2.833
1625	0.4165	0.9751	2.486
1626	0.4220	0.9728	2.720
1627	0.4173	0.9742	2.578
1628	0.4212	0.9732	2.681
1629	0.4244	0.9716	2.840
1630	0.4195	0.9735	2.655
1631	0.4148	0.9753	2.471
1632	0.4210	0.9734	2.659
1633	0.4085	0.9785	2.152
1634	0.4222	0.9727	2.735
1635	0.4229	0.9723	2.765
1636	0.4153	0.9755	2.449
1637	0.4205	0.9734	2.661
1638	0.4211	0.9729	2.708
1639	0.4248	0.9711	2.890
1640	0.4072	0.9791	2.088
1641	0.4201	0.9734	2.665
1642	0.4167	0.9748	2.524
1643	0.4226	0.9723	2.772
1644	0.4209	0.9731	2.690
1645	0.4189	0.9739	2.611
1646	0.4071	0.9794	2.064
1647	0.4222	0.9727	2.729
1648	0.4227	0.9723	2.767
1649	0.4198	0.9735	2.655
1650	0.4177	0.9745	2.551
1651	0.4198	0.9738	2.619
1652	0.4160	0.9749	2.510
1653	0.4110	0.9774	2.261
1654	0.4167	0.9746	2.536
1655	0.4209	0.9731	2.691
1656	0.4070	0.9794	2.064
1657	0.4202	0.9734	2.658
1658	0.4244	0.9716	2.843
1659	0.4186	0.9740	2.601
1660	0.4232	0.9719	2.809
1661	0.4153	0.9755	2.448
1662	0.4161	0.9748	2.520
1663	0.4177	0.9741	2.588
1664	0.4193	0.9734	2.655
1665	0.4177	0.9744	2.556
1666	0.4227	0.9723	2.768
1667	0.4222	0.9725	2.749
1668	0.4071	0.9796	2.042
1669	0.4198	0.9738	2.620
1670	0.4130	0.9764	2.356
1671	0.4219	0.9726	2.737
1672	0.4210	0.9733	2.673
1673	0.4187	0.9738	2.618
1674	0.4227	0.9722	2.781
1675	0.4190	0.9737	2.629
1676	0.4182	0.9744	2.555
1677	0.4228	0.9724	2.764
1678	0.4228	0.9722	2.783
1679	0.4208	0.9730	2.695
1680	0.4147	0.9753	2.470
1681	0.4221	0.9728	2.721
1682	0.4205	0.9734	2.662
1683	0.4237	0.9719	2.813
1684	0.4231	0.9722	2.783
1685	0.4179	0.9748	2.524
1686	0.4202	0.9735	2.649
1687	0.4216	0.9729	2.714
1688	0.4204	0.9729	2.712
1689	0.4222	0.9727	2.729
1690	0.4163	0.9747	2.530
1691	0.4225	0.9726	2.745
1692	0.4172	0.9742	2.577
1693	0.4213	0.9727	2.731
1694	0.4186	0.9739	2.613
1695	0.4222	0.9728	2.721
1696	0.4212	0.9732	2.680
1697	0.4175	0.9746	2.542
1698	0.4212	0.9729	2.712
1699	0.4222	0.9726	2.739
1700	0.4217	0.9721	2.787
1701	0.4210	0.9729	2.705
1702	0.4207	0.9733	2.670
1703	0.4239	0.9717	2.827
1704	0.4214	0.9724	2.765
1705	0.4166	0.9747	2.525
1706	0.4211	0.9730	2.704
1707	0.4219	0.9723	2.766
1708	0.4204	0.9729	2.708
1709	0.4238	0.9717	2.826
1710	0.4178	0.9746	2.541
1711	0.4210	0.9727	2.725
1712	0.4221	0.9725	2.750
1713	0.4229	0.9722	2.779
1714	0.4225	0.9723	2.767
1715	0.4160	0.9748	2.515
1716	0.4201	0.9731	2.687
1717	0.4229	0.9722	2.785
1718	0.4168	0.9752	2.481
1719	0.4194	0.9735	2.653
1720	0.4209	0.9734	2.655
1721	0.4073	0.9794	2.063
1722	0.4213	0.9730	2.704
1723	0.4132	0.9760	2.401
1724	0.4213	0.9729	2.713
1725	0.4221	0.9727	2.730
1726	0.4237	0.9717	2.833
1727	0.4224	0.9726	2.737
1728	0.4188	0.9739	2.608
1729	0.4235	0.9717	2.832
1730	0.4071	0.9791	2.087
1731	0.4148	0.9753	2.471
1732	0.4221	0.9727	2.734
1733	0.4215	0.9730	2.703
1734	0.4200	0.9734	2.662
1735	0.4164	0.9752	2.484
1736	0.4201	0.9734	2.657
1737	0.4219	0.9728	2.719
1738	0.4230	0.9720	2.796
1739	0.4210	0.9730	2.699
1740	0.4053	0.9801	1.986
1741	0.4205	0.9732	2.682
1742	0.4093	0.9778	2.216
1743	0.4247	0.9711	2.892
1744	0.4179	0.9740	2.599
1745	0.4233	0.9724	2.756
1746	0.4097	0.9783	2.167
1747	0.4234	0.9723	2.768
1748	0.4197	0.9734	2.656
1749	0.4084	0.9785	2.153
1750	0.4222	0.9722	2.779
1751	0.4199	0.9731	2.685
1752	0.4205	0.9728	2.718
1753	0.4222	0.9725	2.747
1754	0.4207	0.9730	2.696
1755	0.4220	0.9727	2.730
1756	0.4166	0.9746	2.536
1757	0.4221	0.9726	2.738
1758	0.4129	0.9764	2.357
1759	0.4193	0.9734	2.656
1760	0.4228	0.9721	2.786
1761	0.4188	0.9739	2.611
1762	0.4218	0.9727	2.734
1763	0.4204	0.9731	2.685
1764	0.4222	0.9722	2.779
1765	0.4219	0.9728	2.720
1766	0.4221	0.9728	2.719
1767	0.4175	0.9746	2.544
1768	0.4231	0.9719	2.810
1769	0.4070	0.9794	2.059
1770	0.4070	0.9796	2.043
1771	0.4208	0.9731	2.690
1772	0.4185	0.9739	2.614
1773	0.4199	0.9731	2.685
1774	0.4217	0.9721	2.787
1775	0.4236	0.9719	2.812
1776	0.4093	0.9778	2.215
1777	0.4200	0.9731	2.686
1778	0.4179	0.9740	2.598
1779	0.4224	0.9726	2.737
1780	0.4168	0.9752	2.484
1781	0.4162	0.9747	2.529
1782	0.4158	0.9749	2.510
1783	0.4165	0.9748	2.524
1784	0.4221	0.9725	2.755
1785	0.4147	0.9753	2.468
1786	0.4084	0.9785	2.151
1787	0.4218	0.9723	2.770
1788	0.4204	0.9734	2.662
1789	0.4224	0.9726	2.744
1790	0.4203	0.9729	2.708
1791	0.4178	0.9748	2.524
1792	0.4072	0.9794	2.064
1793	0.4109	0.9774	2.261
1794	0.4185	0.9740	2.602
1795	0.4211	0.9732	2.680
1796	0.4197	0.9738	2.620
1797	0.4196	0.9735	2.654
1798	0.4239	0.9717	2.829
1799	0.4208	0.9734	2.660
1800	0.4193	0.9734	2.655
1801	0.4175	0.9745	2.549
1802	0.4233	0.9724	2.758
1803	0.4211	0.9729	2.712
1804	0.4227	0.9724	2.765
1805	0.4131	0.9760	2.398
1806	0.4226	0.9722	2.782
1807	0.4236	0.9716	2.839
1808	0.4229	0.9721	2.794
1809	0.4229	0.9722	2.782
1810	0.4209	0.9727	2.726
1811	0.4212	0.9730	2.704
1812	0.4176	0.9741	2.585
1813	0.4208	0.9732	2.676
1814	0.4237	0.9717	2.827
1815	0.4224	0.9723	2.767
1816	0.4210	0.9730	2.704
1817	0.4209	0.9729	2.705
1818	0.4199	0.9734	2.663
1819	0.4180	0.9745	2.554
1820	0.4215	0.9729	2.712
1821	0.4201	0.9734	2.655
1822	0.4227	0.9722	2.777
1823	0.4233	0.9723	2.767
1824	0.4212	0.9729	2.713
1825	0.4220	0.9727	2.734
1826	0.4243	0.9716	2.836
1827	0.4226	0.9723	2.765
1828	0.4212	0.9727	2.730
1829	0.4163	0.9752	2.484
1830	0.4201	0.9735	2.651
1831	0.4230	0.9722	2.779
1832	0.4203	0.9730	2.704
1833	0.4159	0.9749	2.515
1834	0.4177	0.9746	2.541
1835	0.4234	0.9717	2.834
1836	0.4186	0.9738	2.618
1837	0.4096	0.9783	2.168
1838	0.4206	0.9733	2.670
1839	0.4209	0.9730	2.701
1840	0.4070	0.9791	2.086
1841	0.4204	0.9728	2.718
1842	0.4214	0.9730	2.705
1843	0.4213	0.9724	2.765
1844	0.4221	0.9727	2.728
1845	0.4219	0.9728	2.717
1846	0.4200	0.9734	2.657
1847	0.4160	0.9748	2.518
1848	0.4171	0.9742	2.580
1849	0.4151	0.9755	2.449
1850	0.4147	0.9753	2.471
1851	0.4189	0.9737	2.628
1852	0.4246	0.9711	2.892
1853	0.4052	0.9801	1.988
1854	0.4212	0.9728	2.715
1855	0.4187	0.9739	2.611
1856	0.4204	0.9734	2.662
1857	0.4229	0.9722	2.781
1858	0.4233	0.9723	2.768
1859	0.4159	0.9748	2.516
1860	0.4208	0.9732	2.676
1861	0.4216	0.9721	2.788
1862	0.4225	0.9722	2.782
1863	0.4165	0.9748	2.524
1864	0.4192	0.9735	2.655
1865	0.4052	0.9801	1.989
1866	0.4209	0.9728	2.724
1867	0.4210	0.9732	2.681
1868	0.4083	0.9785	2.151
1869	0.4200	0.9735	2.651
1870	0.4208	0.9729	2.707
1871	0.4199	0.9731	2.686
1872	0.4178	0.9748	2.524
1873	0.4184	0.9741	2.595
1874	0.4130	0.9760	2.399
1875	0.4146	0.9753	2.471
1876	0.4071	0.9794	2.064
1877	0.4217	0.9723	2.769
1878	0.4158	0.9749	2.509
1879	0.4175	0.9745	2.550
1880	0.4214	0.9729	2.707
1881	0.4228	0.9720	2.796
1882	0.4159	0.9748	2.519
1883	0.4226	0.9722	2.781
1884	0.4234	0.9717	2.831
1885	0.4220	0.9725	2.746
1886	0.4223	0.9725	2.746
1887	0.4235	0.9716	2.837
1888	0.4092	0.9778	2.216
1889	0.4220	0.9726	2.736
1890	0.4069	0.9796	2.043
1891	0.4202	0.9729	2.712
1892	0.4174	0.9746	2.542
1893	0.4161	0.9747	2.530
1894	0.4128	0.9764	2.356
1895	0.4180	0.9744	2.555
1896	0.4212	0.9723	2.766
1897	0.4211	0.9727	2.732
1898	0.4219	0.9727	2.730
1899	0.4232	0.9724	2.758
1900	0.4108	0.9774	2.261
1901	0.4070	0.9791	2.088
1902	0.4151	0.9755	2.449
1903	0.4211	0.9729	2.706
1904	0.4206	0.9731	2.690
1905	0.4220	0.9726	2.739
1906	0.4204	0.9728	2.719
1907	0.4219	0.9728	2.719
1908	0.4217	0.9727	2.734
1909	0.4068	0.9794	2.062
1910	0.4184	0.9739	2.614
1911	0.4170	0.9742	2.577
1912	0.4235	0.9719	2.812
1913	0.4242	0.9716	2.839
1914	0.4191	0.9735	2.655
1915	0.4228	0.9722	2.782
1916	0.4209	0.9730	2.705
1917	0.4209	0.9730	2.702
1918	0.4162	0.9751	2.486
1919	0.4188	0.9737	2.628
1920	0.4175	0.9741	2.587
1921	0.4207	0.9734	2.659
1922	0.4219	0.9724	2.756
1923	0.4225	0.9723	2.767
1924	0.4220	0.9727	2.728
1925	0.4095	0.9783	2.169
1926	0.4229	0.9719	2.809
1927	0.4196	0.9738	2.619
1928	0.4205	0.9733	2.673
1929	0.4218	0.9728	2.719
1930	0.4206	0.9730	2.696
1931	0.4222	0.9726	2.736
1932	0.4227	0.9721	2.785
1933	0.4185	0.9738	2.618
1934	0.4210	0.9729	2.712
1935	0.4177	0.9740	2.599
1936	0.4195	0.9734	2.656
1937	0.4226	0.9724	2.764
1938	0.4200	0.9734	2.659
1939	0.4214	0.9729	2.713
1940	0.4220	0.9722	2.782
1941	0.4202	0.9729	2.707
1942	0.4245	0.9711	2.890
1943	0.4220	0.9728	2.721
1944	0.4237	0.9717	2.830
1945	0.4200	0.9734	2.660
1946	0.4236	0.9717	2.827
1947	0.4223	0.9723	2.767
1948	0.4203	0.9732	2.685
1949	0.4176	0.9746	2.542
1950	0.4198	0.9734	2.664
1951	0.4166	0.9752	2.482
1952	0.4145	0.9753	2.467
1953	0.4165	0.9746	2.535
1954	0.4197	0.9731	2.685
1955	0.4235	0.9716	2.837
1956	0.4174	0.9745	2.548
1957	0.4185	0.9738	2.618
1958	0.4195	0.9738	2.620
1959	0.4241	0.9716	2.837
1960	0.4158	0.9748	2.517
1961	0.4192	0.9735	2.654
1962	0.4173	0.9746	2.543
1963	0.4226	0.9721	2.786
1964	0.4191	0.9734	2.657
1965	0.4195	0.9734	2.655
1966	0.4232	0.9724	2.758
1967	0.4232	0.9723	2.768
1968	0.4208	0.9730	2.700
1969	0.4228	0.9722	2.779
1970	0.4236	0.9717	2.826
1971	0.4218	0.9728	2.715
1972	0.4183	0.9741	2.593
1973	0.4226	0.9722	2.780
1974	0.4170	0.9742	2.581
1975	0.4199	0.9735	2.655
1976	0.4179	0.9745	2.553
1977	0.4209	0.9729	2.709
1978	0.4207	0.9734	2.655
1979	0.4145	0.9753	2.471
1980	0.4211	0.9727	2.731
1981	0.4209	0.9732	2.682
1982	0.4198	0.9734	2.662
1983	0.4206	0.9731	2.689
1984	0.4198	0.9731	2.687
1985	0.4203	0.9729	2.714
1986	0.4212	0.9723	2.766
1987	0.4199	0.9735	2.654
1988	0.4222	0.9726	2.737
1989	0.4202	0.9732	2.683
1990	0.4070	0.9794	2.063
1991	0.4069	0.9791	2.086
1992	0.4150	0.9755	2.450
1993	0.4218	0.9727	2.730
1994	0.4107	0.9774	2.261
1995	0.4164	0.9746	2.536
1996	0.4145	0.9753	2.468
1997	0.4068	0.9796	2.043
1998	0.4187	0.9737	2.629
1999	0.4094	0.9783	2.172
