0	0.4210	0.9744	2.558
1	0.4244	0.9729	2.710
2	0.4263	0.9722	2.780
3	0.4261	0.9722	2.784
4	0.4255	0.9728	2.721
5	0.4213	0.9747	2.528
6	0.4127	0.9778	2.217
7	0.4234	0.9733	2.669
8	0.4210	0.9741	2.588
9	0.4104	0.9794	2.063
10	0.4164	0.9764	2.358
11	0.4186	0.9755	2.449
12	0.4241	0.9733	2.675
13	0.4253	0.9727	2.735
14	0.4194	0.9748	2.519
15	0.4256	0.9721	2.787
16	0.4243	0.9734	2.664
17	0.4234	0.9733	2.667
18	0.4236	0.9735	2.654
19	0.4249	0.9729	2.707
20	0.4202	0.9751	2.487
21	0.4260	0.9722	2.783
22	0.4271	0.9718	2.816
23	0.4193	0.9749	2.510
24	0.4186	0.9755	2.449
25	0.4268	0.9723	2.769
26	0.4224	0.9737	2.630
27	0.4200	0.9747	2.527
28	0.4272	0.9717	2.830
29	0.4227	0.9735	2.654
30	0.4253	0.9728	2.721
31	0.4254	0.9727	2.732
32	0.4246	0.9728	2.716
33	0.4198	0.9751	2.485
34	0.4118	0.9785	2.154
35	0.4212	0.9746	2.544
36	0.4220	0.9738	2.624
37	0.4255	0.9726	2.736
38	0.4222	0.9739	2.611
39	0.4194	0.9748	2.519
40	0.4245	0.9729	2.708
41	0.4219	0.9738	2.616
42	0.4233	0.9731	2.686
43	0.4165	0.9760	2.400
44	0.4104	0.9796	2.044
45	0.4127	0.9778	2.216
46	0.4209	0.9745	2.545
47	0.4215	0.9744	2.557
48	0.4260	0.9723	2.771
49	0.4200	0.9746	2.539
50	0.4249	0.9728	2.717
51	0.4241	0.9730	2.696
52	0.4247	0.9723	2.767
53	0.4106	0.9793	2.069
54	0.4265	0.9719	2.810
55	0.4277	0.9716	2.842
56	0.4238	0.9734	2.664
57	0.4235	0.9733	2.665
58	0.4235	0.9734	2.662
59	0.4205	0.9742	2.579
60	0.4103	0.9794	2.064
61	0.4259	0.9723	2.773
62	0.4269	0.9716	2.836
63	0.4212	0.9747	2.526
64	0.4250	0.9721	2.791
65	0.4219	0.9740	2.601
66	0.4245	0.9731	2.686
67	0.4238	0.9731	2.687
68	0.4254	0.9728	2.722
69	0.4212	0.9740	2.599
70	0.4130	0.9783	2.169
71	0.4243	0.9732	2.679
72	0.4252	0.9723	2.769
73	0.4264	0.9721	2.785
74	0.4105	0.9791	2.090
75	0.4239	0.9728	2.720
76	0.4230	0.9735	2.653
77	0.4209	0.9744	2.556
78	0.4267	0.9724	2.763
79	0.4243	0.9729	2.710
80	0.4244	0.9730	2.704
81	0.4226	0.9734	2.657
82	0.4241	0.9732	2.675
83	0.4246	0.9729	2.708
84	0.4263	0.9720	2.801
85	0.4234	0.9731	2.688
86	0.4256	0.9721	2.787
87	0.4237	0.9729	2.713
88	0.4261	0.9722	2.783
89	0.4280	0.9711	2.892
90	0.4196	0.9747	2.532
91	0.4180	0.9753	2.469
92	0.4270	0.9716	2.844
93	0.4086	0.9801	1.991
94	0.4255	0.9725	2.753
95	0.4252	0.9727	2.734
96	0.4262	0.9721	2.788
97	0.4255	0.9726	2.741
98	0.4245	0.9729	2.714
99	0.4254	0.9724	2.756
100	0.4194	0.9748	2.521
101	0.4241	0.9731	2.693
102	0.4255	0.9727	2.730
103	0.4246	0.9727	2.734
104	0.4243	0.9727	2.726
105	0.4143	0.9773	2.266
106	0.4163	0.9764	2.358
107	0.4209	0.9741	2.588
108	0.4272	0.9717	2.833
109	0.4237	0.9729	2.711
110	0.4257	0.9725	2.748
111	0.4231	0.9738	2.625
112	0.4257	0.9726	2.737
113	0.4262	0.9722	2.780
114	0.4255	0.9728	2.720
115	0.4261	0.9724	2.764
116	0.4181	0.9753	2.475
117	0.4212	0.9740	2.599
118	0.4163	0.9764	2.357
119	0.4180	0.9753	2.469
120	0.4255	0.9721	2.787
121	0.4104	0.9796	2.045
122	0.4260	0.9722	2.783
123	0.4185	0.9755	2.449
124	0.4233	0.9733	2.667
125	0.4258	0.9723	2.773
126	0.4209	0.9744	2.557
127	0.4267	0.9723	2.767
128	0.4201	0.9751	2.485
129	0.4270	0.9716	2.842
130	0.4227	0.9734	2.656
131	0.4218	0.9740	2.599
132	0.4129	0.9783	2.169
133	0.4200	0.9746	2.540
134	0.4218	0.9738	2.616
135	0.4195	0.9747	2.532
136	0.4164	0.9760	2.400
137	0.4223	0.9737	2.634
138	0.4237	0.9731	2.689
139	0.4230	0.9735	2.653
140	0.4142	0.9774	2.264
141	0.4259	0.9723	2.770
142	0.4262	0.9720	2.802
143	0.4242	0.9732	2.678
144	0.4252	0.9728	2.722
145	0.4191	0.9749	2.513
146	0.4248	0.9729	2.708
147	0.4212	0.9748	2.525
148	0.4243	0.9727	2.729
149	0.4208	0.9746	2.545
150	0.4257	0.9726	2.738
151	0.4230	0.9738	2.622
152	0.4264	0.9719	2.810
153	0.4199	0.9748	2.525
154	0.4240	0.9733	2.673
155	0.4234	0.9735	2.654
156	0.4241	0.9731	2.691
157	0.4237	0.9734	2.664
158	0.4126	0.9778	2.216
159	0.4269	0.9718	2.816
160	0.4245	0.9727	2.734
161	0.4251	0.9727	2.735
162	0.4268	0.9716	2.835
163	0.4211	0.9746	2.545
164	0.4102	0.9794	2.062
165	0.4242	0.9734	2.662
166	0.4225	0.9734	2.657
167	0.4233	0.9731	2.689
168	0.4180	0.9753	2.475
169	0.4254	0.9726	2.738
170	0.4204	0.9742	2.579
171	0.4254	0.9727	2.729
172	0.4104	0.9791	2.090
173	0.4116	0.9785	2.151
174	0.4260	0.9723	2.768
175	0.4219	0.9738	2.620
176	0.4213	0.9744	2.556
177	0.4253	0.9728	2.724
178	0.4261	0.9721	2.789
179	0.4257	0.9725	2.747
180	0.4192	0.9748	2.519
181	0.4244	0.9731	2.686
182	0.4270	0.9717	2.831
183	0.4244	0.9728	2.715
184	0.4232	0.9731	2.688
185	0.4238	0.9728	2.719
186	0.4246	0.9723	2.767
187	0.4243	0.9730	2.704
188	0.4266	0.9724	2.764
189	0.4253	0.9724	2.756
190	0.4263	0.9722	2.784
191	0.4253	0.9727	2.733
192	0.4105	0.9793	2.068
193	0.4234	0.9733	2.666
194	0.4220	0.9739	2.612
195	0.4254	0.9726	2.742
196	0.4276	0.9716	2.843
197	0.4254	0.9725	2.752
198	0.4085	0.9801	1.990
199	0.4208	0.9741	2.588
200	0.4240	0.9730	2.697
201	0.4249	0.9721	2.791
202	0.4242	0.9729	2.709
203	0.4196	0.9751	2.487
204	0.4262	0.9722	2.782
205	0.4234	0.9734	2.662
206	0.4245	0.9729	2.707
207	0.4243	0.9729	2.707
208	0.4254	0.9728	2.721
209	0.4193	0.9748	2.521
210	0.4236	0.9729	2.712
211	0.4245	0.9728	2.718
212	0.4251	0.9723	2.769
213	0.4260	0.9722	2.782
214	0.4279	0.9711	2.893
215	0.4236	0.9729	2.711
216	0.4271	0.9717	2.831
217	0.4248	0.9729	2.714
218	0.4234	0.9734	2.661
219	0.4179	0.9753	2.470
220	0.4262	0.9720	2.801
221	0.4180	0.9753	2.474
222	0.4191	0.9749	2.512
223	0.4260	0.9722	2.783
224	0.4260	0.9721	2.789
225	0.4116	0.9785	2.152
226	0.4262	0.9722	2.784
227	0.4162	0.9764	2.357
228	0.4261	0.9722	2.780
229	0.4251	0.9727	2.734
230	0.4254	0.9725	2.752
231	0.4275	0.9716	2.843
232	0.4217	0.9740	2.598
233	0.4128	0.9783	2.169
234	0.4245	0.9727	2.733
235	0.4208	0.9741	2.588
236	0.4235	0.9729	2.713
237	0.4250	0.9723	2.769
238	0.4141	0.9774	2.265
239	0.4260	0.9723	2.765
240	0.4252	0.9728	2.722
241	0.4243	0.9729	2.715
242	0.4253	0.9724	2.756
243	0.4241	0.9734	2.664
244	0.4254	0.9728	2.722
245	0.4258	0.9722	2.783
246	0.4242	0.9727	2.726
247	0.4225	0.9734	2.656
248	0.4220	0.9739	2.611
249	0.4208	0.9745	2.553
250	0.4199	0.9746	2.540
251	0.4266	0.9723	2.768
252	0.4251	0.9728	2.721
253	0.4253	0.9727	2.729
254	0.4236	0.9731	2.687
255	0.4244	0.9730	2.704
256	0.4271	0.9717	2.828
257	0.4207	0.9745	2.546
258	0.4184	0.9755	2.450
259	0.4247	0.9729	2.707
260	0.4256	0.9726	2.736
261	0.4102	0.9794	2.062
262	0.4229	0.9737	2.626
263	0.4217	0.9739	2.614
264	0.4244	0.9729	2.714
265	0.4268	0.9716	2.837
266	0.4102	0.9796	2.042
267	0.4268	0.9719	2.815
268	0.4232	0.9731	2.687
269	0.4212	0.9744	2.555
270	0.4085	0.9801	1.989
271	0.4279	0.9711	2.894
272	0.4198	0.9747	2.526
273	0.4232	0.9733	2.668
274	0.4233	0.9735	2.655
275	0.4103	0.9791	2.092
276	0.4192	0.9748	2.519
277	0.4267	0.9717	2.835
278	0.4210	0.9746	2.544
279	0.4221	0.9737	2.630
280	0.4241	0.9729	2.707
281	0.4242	0.9729	2.708
282	0.4236	0.9734	2.663
283	0.4269	0.9717	2.831
284	0.4210	0.9747	2.527
285	0.4199	0.9751	2.486
286	0.4257	0.9723	2.772
287	0.4224	0.9734	2.659
288	0.4265	0.9724	2.761
289	0.4195	0.9752	2.485
290	0.4124	0.9778	2.217
291	0.4262	0.9719	2.809
292	0.4163	0.9760	2.399
293	0.4239	0.9730	2.695
294	0.4258	0.9723	2.771
295	0.4253	0.9726	2.741
296	0.4210	0.9740	2.601
297	0.4241	0.9732	2.680
298	0.4256	0.9725	2.749
299	0.4248	0.9721	2.788
300	0.4104	0.9793	2.067
301	0.4241	0.9729	2.705
302	0.4238	0.9733	2.672
303	0.4252	0.9727	2.733
304	0.4245	0.9723	2.766
305	0.4253	0.9726	2.737
306	0.4237	0.9728	2.717
307	0.4218	0.9738	2.623
308	0.4191	0.9748	2.519
309	0.4235	0.9729	2.711
310	0.4247	0.9728	2.716
311	0.4239	0.9731	2.692
312	0.4194	0.9747	2.531
313	0.4203	0.9742	2.579
314	0.4231	0.9731	2.687
315	0.4253	0.9721	2.787
316	0.4233	0.9734	2.663
317	0.4242	0.9732	2.685
318	0.4228	0.9735	2.654
319	0.4230	0.9731	2.686
320	0.4194	0.9747	2.532
321	0.4231	0.9733	2.667
322	0.4178	0.9753	2.469
323	0.4207	0.9744	2.557
324	0.4224	0.9734	2.656
325	0.4102	0.9796	2.045
326	0.4221	0.9737	2.633
327	0.4207	0.9741	2.588
328	0.4228	0.9735	2.653
329	0.4191	0.9748	2.519
330	0.4235	0.9728	2.715
331	0.4265	0.9724	2.763
332	0.4233	0.9735	2.651
333	0.4255	0.9725	2.745
334	0.4266	0.9716	2.835
335	0.4242	0.9729	2.707
336	0.4195	0.9751	2.487
337	0.4258	0.9722	2.784
338	0.4101	0.9794	2.063
339	0.4203	0.9742	2.579
340	0.4236	0.9728	2.720
341	0.4239	0.9730	2.697
342	0.4210	0.9740	2.598
343	0.4191	0.9748	2.523
344	0.4240	0.9734	2.663
345	0.4247	0.9728	2.718
346	0.4252	0.9726	2.743
347	0.4240	0.9732	2.679
348	0.4124	0.9778	2.215
349	0.4268	0.9716	2.841
350	0.4212	0.9744	2.556
351	0.4259	0.9721	2.785
352	0.4249	0.9723	2.769
353	0.4251	0.9728	2.722
354	0.4103	0.9793	2.069
355	0.4216	0.9740	2.603
356	0.4249	0.9727	2.734
357	0.4244	0.9723	2.766
358	0.4260	0.9722	2.780
359	0.4216	0.9738	2.615
360	0.4252	0.9724	2.756
361	0.4265	0.9723	2.766
362	0.4238	0.9733	2.672
363	0.4232	0.9734	2.662
364	0.4252	0.9727	2.730
365	0.4234	0.9729	2.711
366	0.4235	0.9734	2.662
367	0.4270	0.9717	2.834
368	0.4267	0.9719	2.814
369	0.4250	0.9728	2.721
370	0.4197	0.9746	2.540
371	0.4268	0.9717	2.831
372	0.4256	0.9723	2.772
373	0.4259	0.9721	2.788
374	0.4231	0.9731	2.690
375	0.4084	0.9801	1.989
376	0.4240	0.9729	2.707
377	0.4160	0.9764	2.359
378	0.4258	0.9724	2.765
379	0.4115	0.9785	2.151
380	0.4253	0.9721	2.787
381	0.4206	0.9746	2.545
382	0.4252	0.9725	2.752
383	0.4261	0.9719	2.809
384	0.4243	0.9727	2.734
385	0.4224	0.9734	2.655
386	0.4209	0.9746	2.544
387	0.4189	0.9749	2.512
388	0.4102	0.9791	2.091
389	0.4209	0.9747	2.526
390	0.4140	0.9774	2.264
391	0.4243	0.9728	2.718
392	0.4218	0.9739	2.613
393	0.4127	0.9783	2.169
394	0.4162	0.9760	2.400
395	0.4241	0.9729	2.705
396	0.4235	0.9731	2.690
397	0.4228	0.9738	2.623
398	0.4245	0.9729	2.710
399	0.4260	0.9720	2.802
400	0.4252	0.9726	2.743
401	0.4217	0.9738	2.621
402	0.4257	0.9723	2.770
403	0.4178	0.9753	2.475
404	0.4198	0.9751	2.486
405	0.4240	0.9727	2.728
406	0.4254	0.9726	2.737
407	0.4183	0.9755	2.449
408	0.4277	0.9711	2.892
409	0.4232	0.9734	2.663
410	0.4247	0.9721	2.791
411	0.4241	0.9732	2.684
412	0.4243	0.9729	2.706
413	0.4274	0.9716	2.844
414	0.4196	0.9747	2.525
415	0.4251	0.9727	2.732
416	0.4261	0.9722	2.783
417	0.4242	0.9728	2.717
418	0.4252	0.9728	2.719
419	0.4238	0.9731	2.690
420	0.4274	0.9716	2.843
421	0.4249	0.9728	2.721
422	0.4232	0.9735	2.652
423	0.4162	0.9760	2.401
424	0.4211	0.9744	2.558
425	0.4101	0.9791	2.091
426	0.4241	0.9729	2.708
427	0.4193	0.9747	2.531
428	0.4240	0.9729	2.707
429	0.4252	0.9726	2.742
430	0.4252	0.9722	2.784
431	0.4252	0.9725	2.753
432	0.4238	0.9730	2.696
433	0.4255	0.9723	2.771
434	0.4244	0.9724	2.765
435	0.4160	0.9764	2.358
436	0.4218	0.9739	2.611
437	0.4252	0.9728	2.721
438	0.4243	0.9728	2.716
439	0.4263	0.9724	2.761
440	0.4232	0.9734	2.659
441	0.4246	0.9729	2.713
442	0.4256	0.9723	2.768
443	0.4100	0.9794	2.062
444	0.4083	0.9801	1.989
445	0.4243	0.9730	2.704
446	0.4197	0.9746	2.539
447	0.4202	0.9742	2.581
448	0.4235	0.9731	2.688
449	0.4251	0.9726	2.737
450	0.4277	0.9711	2.893
451	0.4223	0.9734	2.658
452	0.4114	0.9785	2.152
453	0.4267	0.9718	2.816
454	0.4239	0.9734	2.663
455	0.4194	0.9751	2.486
456	0.4177	0.9753	2.474
457	0.4209	0.9740	2.599
458	0.4264	0.9723	2.767
459	0.4215	0.9738	2.616
460	0.4241	0.9729	2.714
461	0.4198	0.9752	2.485
462	0.4216	0.9738	2.622
463	0.4206	0.9744	2.556
464	0.4258	0.9721	2.788
465	0.4259	0.9722	2.779
466	0.4223	0.9734	2.655
467	0.4208	0.9746	2.544
468	0.4268	0.9717	2.830
469	0.4242	0.9727	2.732
470	0.4247	0.9721	2.788
471	0.4245	0.9729	2.707
472	0.4123	0.9778	2.217
473	0.4205	0.9745	2.546
474	0.4102	0.9793	2.067
475	0.4265	0.9716	2.835
476	0.4177	0.9753	2.470
477	0.4229	0.9731	2.686
478	0.4259	0.9720	2.801
479	0.4233	0.9729	2.712
480	0.4251	0.9727	2.730
481	0.4240	0.9730	2.704
482	0.4139	0.9773	2.266
483	0.4251	0.9724	2.756
484	0.4234	0.9734	2.662
485	0.4253	0.9726	2.738
486	0.4240	0.9727	2.726
487	0.4100	0.9796	2.043
488	0.4188	0.9749	2.511
489	0.4248	0.9723	2.768
490	0.4227	0.9735	2.653
491	0.4256	0.9722	2.783
492	0.4215	0.9740	2.599
493	0.4266	0.9716	2.842
494	0.4260	0.9722	2.783
495	0.4257	0.9724	2.764
496	0.4233	0.9729	2.711
497	0.4239	0.9732	2.679
498	0.4227	0.9738	2.624
499	0.4237	0.9731	2.692
500	0.4208	0.9747	2.527
501	0.4269	0.9717	2.831
502	0.4248	0.9727	2.734
503	0.4236	0.9733	2.670
504	0.4126	0.9783	2.169
505	0.4190	0.9748	2.520
506	0.4257	0.9722	2.782
507	0.4195	0.9747	2.525
508	0.4254	0.9725	2.748
509	0.4182	0.9755	2.449
510	0.4230	0.9733	2.668
511	0.4189	0.9748	2.519
512	0.4219	0.9737	2.631
513	0.4250	0.9728	2.722
514	0.4250	0.9727	2.732
515	0.4230	0.9731	2.689
516	0.4240	0.9732	2.684
517	0.4235	0.9728	2.717
518	0.4231	0.9734	2.662
519	0.4206	0.9741	2.589
520	0.4260	0.9719	2.809
521	0.4208	0.9740	2.598
522	0.4263	0.9723	2.766
523	0.4205	0.9741	2.588
524	0.4195	0.9748	2.524
525	0.4102	0.9793	2.067
526	0.4159	0.9764	2.356
527	0.4196	0.9746	2.538
528	0.4256	0.9722	2.783
529	0.4251	0.9727	2.729
530	0.4230	0.9731	2.687
531	0.4251	0.9726	2.740
532	0.4219	0.9737	2.631
533	0.4248	0.9728	2.720
534	0.4242	0.9727	2.734
535	0.4242	0.9729	2.706
536	0.4082	0.9801	1.989
537	0.4244	0.9729	2.708
538	0.4266	0.9719	2.814
539	0.4259	0.9720	2.800
540	0.4260	0.9722	2.784
541	0.4254	0.9723	2.772
542	0.4226	0.9734	2.656
543	0.4260	0.9719	2.810
544	0.4272	0.9716	2.844
545	0.4201	0.9742	2.581
546	0.4247	0.9723	2.767
547	0.4251	0.9725	2.751
548	0.4251	0.9722	2.782
549	0.4192	0.9747	2.530
550	0.4214	0.9740	2.596
551	0.4193	0.9752	2.484
552	0.4100	0.9791	2.091
553	0.4242	0.9728	2.716
554	0.4276	0.9711	2.892
555	0.4226	0.9738	2.623
556	0.4238	0.9734	2.662
557	0.4264	0.9716	2.835
558	0.4099	0.9794	2.062
559	0.4239	0.9727	2.727
560	0.4268	0.9717	2.830
561	0.4197	0.9752	2.484
562	0.4243	0.9723	2.766
563	0.4257	0.9721	2.786
564	0.4246	0.9721	2.786
565	0.4250	0.9726	2.736
566	0.4222	0.9734	2.659
567	0.4255	0.9723	2.768
568	0.4122	0.9778	2.216
569	0.4207	0.9747	2.528
570	0.4258	0.9722	2.781
571	0.4244	0.9729	2.712
572	0.4139	0.9773	2.266
573	0.4257	0.9723	2.765
574	0.4215	0.9738	2.625
575	0.4240	0.9732	2.683
576	0.4207	0.9746	2.544
577	0.4239	0.9730	2.704
578	0.4233	0.9734	2.661
579	0.4262	0.9724	2.761
580	0.4236	0.9730	2.695
581	0.4099	0.9796	2.042
582	0.4267	0.9717	2.831
583	0.4125	0.9783	2.169
584	0.4230	0.9735	2.652
585	0.4230	0.9734	2.664
586	0.4204	0.9745	2.545
587	0.4176	0.9752	2.475
588	0.4240	0.9729	2.707
589	0.4249	0.9727	2.733
590	0.4230	0.9734	2.663
591	0.4160	0.9760	2.398
592	0.4234	0.9728	2.719
593	0.4181	0.9755	2.450
594	0.4113	0.9785	2.151
595	0.4232	0.9729	2.712
596	0.4216	0.9739	2.613
597	0.4249	0.9728	2.723
598	0.4229	0.9733	2.667
599	0.4238	0.9729	2.709
600	0.4247	0.9727	2.734
601	0.4250	0.9728	2.721
602	0.4205	0.9744	2.557
603	0.4240	0.9729	2.714
604	0.4189	0.9748	2.520
605	0.4232	0.9729	2.713
606	0.4252	0.9726	2.735
607	0.4236	0.9731	2.692
608	0.4228	0.9731	2.686
609	0.4175	0.9753	2.469
610	0.4256	0.9722	2.783
611	0.4214	0.9738	2.616
612	0.4209	0.9744	2.556
613	0.4233	0.9731	2.688
614	0.4222	0.9734	2.655
615	0.4188	0.9748	2.519
616	0.4235	0.9733	2.672
617	0.4187	0.9749	2.512
618	0.4237	0.9732	2.679
619	0.4265	0.9716	2.844
620	0.4253	0.9725	2.746
621	0.4249	0.9724	2.756
622	0.4239	0.9732	2.684
623	0.4121	0.9778	2.216
624	0.4098	0.9794	2.063
625	0.4196	0.9751	2.485
626	0.4175	0.9753	2.470
627	0.4195	0.9746	2.538
628	0.4176	0.9753	2.473
629	0.4253	0.9723	2.773
630	0.4259	0.9721	2.785
631	0.4272	0.9716	2.843
632	0.4233	0.9731	2.688
633	0.4256	0.9723	2.767
634	0.4232	0.9729	2.711
635	0.4099	0.9791	2.089
636	0.4275	0.9711	2.892
637	0.4243	0.9729	2.709
638	0.4192	0.9751	2.487
639	0.4265	0.9716	2.843
640	0.4240	0.9728	2.716
641	0.4230	0.9735	2.650
642	0.4256	0.9722	2.784
643	0.4241	0.9728	2.718
644	0.4249	0.9724	2.756
645	0.4229	0.9731	2.688
646	0.4265	0.9718	2.816
647	0.4263	0.9716	2.836
648	0.4237	0.9734	2.662
649	0.4247	0.9727	2.734
650	0.4248	0.9728	2.721
651	0.4254	0.9723	2.769
652	0.4247	0.9728	2.720
653	0.4221	0.9734	2.658
654	0.4248	0.9727	2.732
655	0.4204	0.9741	2.586
656	0.4215	0.9738	2.624
657	0.4238	0.9727	2.727
658	0.4227	0.9732	2.685
659	0.4249	0.9726	2.737
660	0.4257	0.9722	2.781
661	0.4241	0.9727	2.733
662	0.4232	0.9729	2.708
663	0.4158	0.9764	2.358
664	0.4239	0.9729	2.707
665	0.4138	0.9773	2.266
666	0.4213	0.9740	2.595
667	0.4191	0.9747	2.530
668	0.4249	0.9726	2.740
669	0.4203	0.9745	2.546
670	0.4207	0.9747	2.526
671	0.4244	0.9729	2.714
672	0.4099	0.9796	2.043
673	0.4100	0.9793	2.067
674	0.4225	0.9734	2.656
675	0.4252	0.9725	2.750
676	0.4261	0.9724	2.760
677	0.4187	0.9749	2.510
678	0.4204	0.9745	2.553
679	0.4112	0.9785	2.154
680	0.4257	0.9720	2.800
681	0.4237	0.9729	2.707
682	0.4252	0.9726	2.736
683	0.4249	0.9727	2.730
684	0.4213	0.9738	2.615
685	0.4229	0.9734	2.661
686	0.4235	0.9733	2.670
687	0.4236	0.9731	2.689
688	0.4229	0.9734	2.659
689	0.4225	0.9737	2.625
690	0.4235	0.9730	2.696
691	0.4240	0.9730	2.704
692	0.4249	0.9728	2.720
693	0.4188	0.9748	2.521
694	0.4241	0.9723	2.765
695	0.4215	0.9739	2.610
696	0.4124	0.9783	2.169
697	0.4081	0.9801	1.989
698	0.4193	0.9748	2.524
699	0.4267	0.9717	2.832
700	0.4159	0.9760	2.398
701	0.4254	0.9722	2.783
702	0.4199	0.9742	2.580
703	0.4258	0.9719	2.809
704	0.4244	0.9721	2.790
705	0.4180	0.9755	2.449
706	0.4217	0.9737	2.631
707	0.4250	0.9721	2.786
708	0.4232	0.9734	2.663
709	0.4233	0.9728	2.718
710	0.4221	0.9734	2.657
711	0.4206	0.9746	2.544
712	0.4261	0.9723	2.767
713	0.4187	0.9748	2.518
714	0.4238	0.9730	2.704
715	0.4249	0.9725	2.752
716	0.4206	0.9740	2.598
717	0.4237	0.9732	2.677
718	0.4265	0.9717	2.830
719	0.4228	0.9733	2.667
720	0.4256	0.9721	2.788
721	0.4208	0.9744	2.556
722	0.4246	0.9723	2.768
723	0.4238	0.9730	2.704
724	0.4213	0.9740	2.599
725	0.4204	0.9741	2.588
726	0.4227	0.9731	2.685
727	0.4100	0.9793	2.067
728	0.4195	0.9751	2.485
729	0.4206	0.9740	2.598
730	0.4240	0.9727	2.734
731	0.4137	0.9774	2.265
732	0.4232	0.9734	2.663
733	0.4229	0.9734	2.663
734	0.4254	0.9722	2.785
735	0.4221	0.9734	2.655
736	0.4256	0.9722	2.779
737	0.4227	0.9733	2.667
738	0.4231	0.9729	2.711
739	0.4236	0.9734	2.662
740	0.4175	0.9753	2.473
741	0.4248	0.9727	2.732
742	0.4111	0.9785	2.153
743	0.4194	0.9746	2.539
744	0.4262	0.9716	2.837
745	0.4228	0.9731	2.688
746	0.4213	0.9738	2.616
747	0.4241	0.9723	2.765
748	0.4208	0.9744	2.557
749	0.4248	0.9724	2.756
750	0.4242	0.9729	2.707
751	0.4188	0.9748	2.520
752	0.4220	0.9734	2.657
753	0.4217	0.9737	2.631
754	0.4249	0.9727	2.729
755	0.4255	0.9721	2.788
756	0.4098	0.9796	2.044
757	0.4206	0.9747	2.526
758	0.4179	0.9755	2.449
759	0.4238	0.9729	2.707
760	0.4264	0.9716	2.844
761	0.4251	0.9726	2.736
762	0.4249	0.9728	2.722
763	0.4191	0.9751	2.487
764	0.4257	0.9720	2.800
765	0.4249	0.9725	2.753
766	0.4120	0.9778	2.216
767	0.4251	0.9725	2.745
768	0.4156	0.9764	2.356
769	0.4240	0.9729	2.708
770	0.4266	0.9717	2.832
771	0.4235	0.9730	2.695
772	0.4257	0.9722	2.783
773	0.4238	0.9729	2.714
774	0.4270	0.9716	2.840
775	0.4215	0.9739	2.612
776	0.4261	0.9723	2.766
777	0.4244	0.9721	2.790
778	0.4189	0.9747	2.531
779	0.4247	0.9728	2.722
780	0.4274	0.9711	2.892
781	0.4186	0.9749	2.511
782	0.4080	0.9801	1.990
783	0.4236	0.9732	2.678
784	0.4242	0.9728	2.716
785	0.4213	0.9738	2.620
786	0.4187	0.9748	2.519
787	0.4245	0.9727	2.735
788	0.4231	0.9731	2.687
789	0.4236	0.9729	2.710
790	0.4096	0.9794	2.064
791	0.4205	0.9746	2.544
792	0.4232	0.9728	2.720
793	0.4260	0.9724	2.764
794	0.4249	0.9721	2.787
795	0.4234	0.9732	2.676
796	0.4098	0.9791	2.089
797	0.4174	0.9753	2.469
798	0.4248	0.9726	2.741
799	0.4198	0.9742	2.578
800	0.4263	0.9718	2.815
801	0.4203	0.9744	2.556
802	0.4248	0.9726	2.740
803	0.4228	0.9735	2.650
804	0.4238	0.9731	2.685
805	0.4158	0.9760	2.398
806	0.4257	0.9719	2.809
807	0.4228	0.9734	2.664
808	0.4252	0.9723	2.774
809	0.4246	0.9728	2.721
810	0.4234	0.9731	2.693
811	0.4192	0.9748	2.524
812	0.4254	0.9722	2.783
813	0.4230	0.9729	2.711
814	0.4224	0.9738	2.623
815	0.4253	0.9723	2.771
816	0.4254	0.9724	2.764
817	0.4237	0.9727	2.726
818	0.4223	0.9734	2.655
819	0.4264	0.9717	2.831
820	0.4245	0.9723	2.768
821	0.4123	0.9783	2.168
822	0.4239	0.9728	2.718
823	0.4201	0.9745	2.546
824	0.4228	0.9734	2.662
825	0.4096	0.9794	2.062
826	0.4185	0.9749	2.511
827	0.4203	0.9741	2.588
828	0.4205	0.9747	2.526
829	0.4228	0.9735	2.653
830	0.4260	0.9723	2.766
831	0.4247	0.9727	2.732
832	0.4241	0.9729	2.707
833	0.4257	0.9722	2.784
834	0.4235	0.9734	2.662
835	0.4098	0.9791	2.091
836	0.4246	0.9728	2.721
837	0.4256	0.9720	2.798
838	0.4223	0.9734	2.656
839	0.4186	0.9748	2.519
840	0.4136	0.9773	2.265
841	0.4219	0.9734	2.658
842	0.4242	0.9728	2.716
843	0.4079	0.9801	1.989
844	0.4273	0.9711	2.892
845	0.4237	0.9729	2.707
846	0.4263	0.9718	2.816
847	0.4187	0.9748	2.520
848	0.4157	0.9760	2.399
849	0.4253	0.9722	2.784
850	0.4264	0.9717	2.831
851	0.4260	0.9724	2.762
852	0.4236	0.9730	2.704
853	0.4247	0.9724	2.756
854	0.4239	0.9727	2.732
855	0.4230	0.9729	2.710
856	0.4235	0.9732	2.680
857	0.4198	0.9742	2.580
858	0.4227	0.9731	2.689
859	0.4220	0.9734	2.655
860	0.4261	0.9716	2.837
861	0.4257	0.9719	2.809
862	0.4248	0.9721	2.786
863	0.4250	0.9726	2.737
864	0.4230	0.9729	2.712
865	0.4214	0.9739	2.611
866	0.4192	0.9748	2.525
867	0.4247	0.9727	2.730
868	0.4098	0.9793	2.066
869	0.4237	0.9729	2.714
870	0.4236	0.9729	2.709
871	0.4239	0.9728	2.717
872	0.4226	0.9733	2.668
873	0.4255	0.9722	2.778
874	0.4173	0.9753	2.473
875	0.4194	0.9751	2.486
876	0.4178	0.9755	2.448
877	0.4244	0.9723	2.768
878	0.4252	0.9723	2.769
879	0.4110	0.9785	2.153
880	0.4230	0.9734	2.661
881	0.4243	0.9721	2.790
882	0.4247	0.9727	2.735
883	0.4233	0.9731	2.695
884	0.4246	0.9728	2.721
885	0.4265	0.9717	2.831
886	0.4269	0.9716	2.843
887	0.4155	0.9764	2.359
888	0.4247	0.9728	2.721
889	0.4254	0.9724	2.764
890	0.4190	0.9751	2.486
891	0.4096	0.9796	2.044
892	0.4234	0.9731	2.692
893	0.4247	0.9726	2.741
894	0.4231	0.9728	2.718
895	0.4202	0.9745	2.554
896	0.4173	0.9753	2.468
897	0.4119	0.9778	2.216
898	0.4201	0.9745	2.545
899	0.4225	0.9731	2.687
900	0.4188	0.9747	2.532
901	0.4253	0.9722	2.783
902	0.4251	0.9723	2.772
903	0.4239	0.9723	2.765
904	0.4223	0.9738	2.623
905	0.4207	0.9744	2.558
906	0.4233	0.9733	2.672
907	0.4230	0.9731	2.687
908	0.4254	0.9721	2.788
909	0.4212	0.9738	2.625
910	0.4122	0.9783	2.168
911	0.4211	0.9738	2.616
912	0.4244	0.9727	2.735
913	0.4227	0.9734	2.661
914	0.4236	0.9727	2.726
915	0.4205	0.9740	2.598
916	0.4192	0.9746	2.539
917	0.4204	0.9746	2.545
918	0.4211	0.9740	2.599
919	0.4262	0.9716	2.841
920	0.4250	0.9725	2.748
921	0.4238	0.9729	2.706
922	0.4247	0.9725	2.752
923	0.4237	0.9732	2.684
924	0.4215	0.9737	2.629
925	0.4230	0.9734	2.660
926	0.4229	0.9729	2.710
927	0.4265	0.9717	2.831
928	0.4255	0.9720	2.799
929	0.4269	0.9716	2.844
930	0.4215	0.9737	2.629
931	0.4079	0.9801	1.990
932	0.4234	0.9734	2.662
933	0.4191	0.9747	2.525
934	0.4253	0.9722	2.781
935	0.4109	0.9785	2.152
936	0.4250	0.9725	2.748
937	0.4236	0.9729	2.706
938	0.4173	0.9753	2.473
939	0.4178	0.9755	2.449
940	0.4201	0.9745	2.554
941	0.4272	0.9711	2.892
942	0.4233	0.9731	2.695
943	0.4202	0.9741	2.588
944	0.4172	0.9753	2.468
945	0.4225	0.9731	2.687
946	0.4227	0.9734	2.664
947	0.4197	0.9742	2.579
948	0.4193	0.9751	2.487
949	0.4238	0.9729	2.707
950	0.4186	0.9748	2.520
951	0.4247	0.9726	2.739
952	0.4245	0.9728	2.721
953	0.4242	0.9721	2.789
954	0.4097	0.9793	2.067
955	0.4204	0.9740	2.598
956	0.4262	0.9718	2.816
957	0.4219	0.9734	2.656
958	0.4226	0.9731	2.688
959	0.4211	0.9738	2.615
960	0.4212	0.9738	2.620
961	0.4226	0.9734	2.662
962	0.4240	0.9729	2.708
963	0.4189	0.9751	2.487
964	0.4192	0.9746	2.538
965	0.4185	0.9748	2.518
966	0.4121	0.9783	2.171
967	0.4135	0.9774	2.264
968	0.4203	0.9746	2.545
969	0.4227	0.9735	2.650
970	0.4223	0.9738	2.625
971	0.4232	0.9732	2.677
972	0.4246	0.9728	2.723
973	0.4096	0.9791	2.089
974	0.4255	0.9721	2.787
975	0.4260	0.9717	2.834
976	0.4238	0.9728	2.717
977	0.4244	0.9727	2.735
978	0.4239	0.9723	2.767
979	0.4222	0.9735	2.654
980	0.4253	0.9721	2.788
981	0.4250	0.9723	2.774
982	0.4234	0.9732	2.677
983	0.4154	0.9764	2.356
984	0.4218	0.9734	2.655
985	0.4235	0.9727	2.729
986	0.4236	0.9728	2.716
987	0.4253	0.9723	2.766
988	0.4229	0.9731	2.688
989	0.4246	0.9724	2.758
990	0.4251	0.9722	2.783
991	0.4200	0.9746	2.545
992	0.4204	0.9747	2.526
993	0.4246	0.9727	2.729
994	0.4210	0.9740	2.599
995	0.4256	0.9719	2.809
996	0.4263	0.9717	2.831
997	0.4187	0.9747	2.531
998	0.4259	0.9723	2.768
999	0.4246	0.9725	2.752
1000	0.4213	0.9739	2.611
1001	0.4243	0.9723	2.767
1002	0.4095	0.9796	2.042
1003	0.4247	0.9722	2.785
1004	0.4245	0.9727	2.731
1005	0.4156	0.9760	2.399
1006	0.4118	0.9778	2.218
1007	0.4261	0.9716	2.841
1008	0.4225	0.9733	2.668
1009	0.4206	0.9744	2.558
1010	0.4233	0.9731	2.690
1011	0.4236	0.9732	2.684
1012	0.4228	0.9729	2.709
1013	0.4240	0.9729	2.713
1014	0.4234	0.9729	2.707
1015	0.4183	0.9749	2.510
1016	0.4248	0.9726	2.736
1017	0.4251	0.9723	2.769
1018	0.4246	0.9726	2.740
1019	0.4235	0.9730	2.703
1020	0.4094	0.9794	2.061
1021	0.4246	0.9728	2.722
1022	0.4230	0.9728	2.717
1023	0.4237	0.9727	2.733
1024	0.4254	0.9722	2.778
1025	0.4258	0.9724	2.761
1026	0.4238	0.9723	2.765
1027	0.4226	0.9734	2.662
1028	0.4109	0.9785	2.153
1029	0.4246	0.9724	2.755
1030	0.4258	0.9724	2.761
1031	0.4246	0.9728	2.721
1032	0.4237	0.9729	2.715
1033	0.4217	0.9734	2.658
1034	0.4236	0.9732	2.683
1035	0.4248	0.9727	2.734
1036	0.4272	0.9711	2.892
1037	0.4231	0.9733	2.670
1038	0.4196	0.9742	2.580
1039	0.4078	0.9801	1.989
1040	0.4229	0.9734	2.660
1041	0.4244	0.9728	2.720
1042	0.4255	0.9722	2.784
1043	0.4245	0.9727	2.731
1044	0.4254	0.9720	2.798
1045	0.4205	0.9744	2.555
1046	0.4210	0.9741	2.594
1047	0.4094	0.9794	2.060
1048	0.4226	0.9734	2.658
1049	0.4199	0.9745	2.545
1050	0.4232	0.9730	2.696
1051	0.4258	0.9723	2.766
1052	0.4214	0.9737	2.628
1053	0.4188	0.9752	2.483
1054	0.4183	0.9749	2.510
1055	0.4154	0.9764	2.359
1056	0.4224	0.9733	2.668
1057	0.4246	0.9722	2.784
1058	0.4234	0.9730	2.703
1059	0.4241	0.9721	2.788
1060	0.4230	0.9728	2.717
1061	0.4233	0.9734	2.661
1062	0.4262	0.9717	2.830
1063	0.4246	0.9727	2.730
1064	0.4246	0.9725	2.750
1065	0.4228	0.9729	2.709
1066	0.4203	0.9747	2.527
1067	0.4228	0.9729	2.710
1068	0.4171	0.9753	2.470
1069	0.4184	0.9748	2.519
1070	0.4263	0.9717	2.831
1071	0.4210	0.9738	2.615
1072	0.4234	0.9727	2.726
1073	0.4211	0.9738	2.625
1074	0.4237	0.9727	2.734
1075	0.4252	0.9722	2.778
1076	0.4234	0.9730	2.705
1077	0.4240	0.9729	2.714
1078	0.4233	0.9732	2.680
1079	0.4239	0.9729	2.708
1080	0.4096	0.9794	2.065
1081	0.4202	0.9746	2.543
1082	0.4245	0.9726	2.740
1083	0.4229	0.9731	2.687
1084	0.4172	0.9753	2.472
1085	0.4226	0.9735	2.653
1086	0.4252	0.9721	2.787
1087	0.4200	0.9741	2.587
1088	0.4120	0.9783	2.168
1089	0.4221	0.9738	2.622
1090	0.4212	0.9739	2.612
1091	0.4267	0.9716	2.843
1092	0.4243	0.9727	2.734
1093	0.4184	0.9748	2.520
1094	0.4203	0.9740	2.598
1095	0.4191	0.9746	2.539
1096	0.4242	0.9723	2.768
1097	0.4200	0.9745	2.553
1098	0.4235	0.9729	2.713
1099	0.4235	0.9729	2.707
1100	0.4236	0.9729	2.706
1101	0.4134	0.9773	2.265
1102	0.4192	0.9751	2.486
1103	0.4190	0.9748	2.525
1104	0.4255	0.9719	2.809
1105	0.4261	0.9719	2.814
1106	0.4217	0.9735	2.655
1107	0.4250	0.9723	2.769
1108	0.4117	0.9778	2.216
1109	0.4244	0.9728	2.721
1110	0.4250	0.9722	2.782
1111	0.4259	0.9716	2.835
1112	0.4253	0.9722	2.780
1113	0.4095	0.9791	2.091
1114	0.4252	0.9724	2.764
1115	0.4249	0.9723	2.770
1116	0.4260	0.9716	2.840
1117	0.4248	0.9725	2.749
1118	0.4245	0.9726	2.737
1119	0.4232	0.9731	2.689
1120	0.4186	0.9747	2.530
1121	0.4176	0.9755	2.448
1122	0.4224	0.9731	2.688
1123	0.4094	0.9796	2.043
1124	0.4155	0.9760	2.399
1125	0.4223	0.9731	2.686
1126	0.4221	0.9735	2.654
1127	0.4184	0.9748	2.520
1128	0.4236	0.9727	2.731
1129	0.4204	0.9744	2.557
1130	0.4271	0.9711	2.891
1131	0.4234	0.9730	2.704
1132	0.4094	0.9796	2.044
1133	0.4225	0.9734	2.662
1134	0.4260	0.9718	2.815
1135	0.4186	0.9747	2.531
1136	0.4189	0.9748	2.524
1137	0.4236	0.9729	2.707
1138	0.4231	0.9731	2.695
1139	0.4195	0.9742	2.579
1140	0.4245	0.9725	2.753
1141	0.4191	0.9752	2.485
1142	0.4202	0.9746	2.544
1143	0.4251	0.9722	2.780
1144	0.4216	0.9734	2.658
1145	0.4242	0.9727	2.735
1146	0.4120	0.9783	2.168
1147	0.4155	0.9760	2.399
1148	0.4095	0.9791	2.089
1149	0.4210	0.9738	2.620
1150	0.4232	0.9732	2.677
1151	0.4242	0.9723	2.769
1152	0.4245	0.9728	2.721
1153	0.4228	0.9733	2.665
1154	0.4239	0.9728	2.717
1155	0.4244	0.9724	2.759
1156	0.4244	0.9728	2.724
1157	0.4170	0.9753	2.469
1158	0.4257	0.9724	2.765
1159	0.4116	0.9778	2.215
1160	0.4258	0.9717	2.833
1161	0.4232	0.9734	2.664
1162	0.4260	0.9716	2.844
1163	0.4224	0.9731	2.687
1164	0.4267	0.9716	2.842
1165	0.4261	0.9717	2.830
1166	0.4133	0.9774	2.264
1167	0.4234	0.9729	2.707
1168	0.4220	0.9735	2.654
1169	0.4250	0.9722	2.783
1170	0.4202	0.9740	2.598
1171	0.4233	0.9729	2.709
1172	0.4208	0.9740	2.600
1173	0.4222	0.9732	2.685
1174	0.4242	0.9728	2.721
1175	0.4221	0.9738	2.621
1176	0.4254	0.9719	2.809
1177	0.4250	0.9723	2.769
1178	0.4187	0.9751	2.485
1179	0.4247	0.9725	2.748
1180	0.4095	0.9793	2.067
1181	0.4227	0.9729	2.711
1182	0.4240	0.9721	2.789
1183	0.4153	0.9764	2.357
1184	0.4238	0.9729	2.707
1185	0.4251	0.9721	2.788
1186	0.4251	0.9724	2.765
1187	0.4093	0.9794	2.063
1188	0.4245	0.9726	2.741
1189	0.4202	0.9747	2.526
1190	0.4236	0.9728	2.717
1191	0.4225	0.9734	2.662
1192	0.4231	0.9731	2.692
1193	0.4262	0.9717	2.831
1194	0.4223	0.9733	2.666
1195	0.4247	0.9726	2.737
1196	0.4213	0.9737	2.630
1197	0.4243	0.9727	2.731
1198	0.4190	0.9746	2.539
1199	0.4253	0.9720	2.800
1200	0.4225	0.9735	2.652
1201	0.4208	0.9738	2.616
1202	0.4230	0.9733	2.672
1203	0.4211	0.9739	2.611
1204	0.4216	0.9735	2.655
1205	0.4252	0.9722	2.779
1206	0.4198	0.9746	2.545
1207	0.4245	0.9722	2.781
1208	0.4226	0.9729	2.709
1209	0.4257	0.9723	2.767
1210	0.4237	0.9723	2.766
1211	0.4244	0.9727	2.729
1212	0.4183	0.9748	2.518
1213	0.4253	0.9722	2.783
1214	0.4234	0.9732	2.683
1215	0.4233	0.9727	2.726
1216	0.4107	0.9785	2.154
1217	0.4248	0.9723	2.769
1218	0.4170	0.9753	2.473
1219	0.4234	0.9729	2.713
1220	0.4228	0.9728	2.716
1221	0.4244	0.9726	2.738
1222	0.4182	0.9749	2.510
1223	0.4175	0.9755	2.449
1224	0.4227	0.9731	2.687
1225	0.4199	0.9741	2.587
1226	0.4199	0.9745	2.552
1227	0.4076	0.9801	1.989
1228	0.4270	0.9711	2.892
1229	0.4224	0.9735	2.653
1230	0.4238	0.9729	2.714
1231	0.4232	0.9732	2.679
1232	0.4094	0.9791	2.089
1233	0.4190	0.9752	2.484
1234	0.4208	0.9739	2.615
1235	0.4228	0.9728	2.719
1236	0.4223	0.9733	2.669
1237	0.4231	0.9734	2.661
1238	0.4258	0.9716	2.836
1239	0.4202	0.9740	2.598
1240	0.4183	0.9748	2.520
1241	0.4246	0.9726	2.737
1242	0.4235	0.9727	2.731
1243	0.4216	0.9735	2.655
1244	0.4154	0.9760	2.399
1245	0.4226	0.9729	2.711
1246	0.4242	0.9728	2.721
1247	0.4115	0.9778	2.217
1248	0.4189	0.9746	2.537
1249	0.4182	0.9748	2.518
1250	0.4244	0.9726	2.741
1251	0.4197	0.9746	2.544
1252	0.4212	0.9737	2.631
1253	0.4220	0.9738	2.621
1254	0.4170	0.9753	2.473
1255	0.4169	0.9753	2.468
1256	0.4261	0.9717	2.830
1257	0.4201	0.9747	2.526
1258	0.4227	0.9734	2.662
1259	0.4237	0.9729	2.706
1260	0.4256	0.9723	2.766
1261	0.4253	0.9722	2.782
1262	0.4152	0.9764	2.359
1263	0.4210	0.9739	2.611
1264	0.4243	0.9728	2.721
1265	0.4092	0.9794	2.061
1266	0.4185	0.9747	2.531
1267	0.4227	0.9731	2.688
1268	0.4232	0.9729	2.709
1269	0.4132	0.9774	2.264
1270	0.4243	0.9727	2.732
1271	0.4106	0.9785	2.152
1272	0.4232	0.9727	2.728
1273	0.4244	0.9728	2.722
1274	0.4266	0.9716	2.841
1275	0.4234	0.9729	2.713
1276	0.4260	0.9717	2.830
1277	0.4247	0.9723	2.771
1278	0.4229	0.9733	2.671
1279	0.4219	0.9734	2.655
1280	0.4207	0.9740	2.597
1281	0.4252	0.9720	2.799
1282	0.4186	0.9751	2.485
1283	0.4233	0.9732	2.683
1284	0.4230	0.9731	2.689
1285	0.4244	0.9725	2.750
1286	0.4188	0.9747	2.525
1287	0.4236	0.9723	2.766
1288	0.4075	0.9801	1.990
1289	0.4198	0.9741	2.588
1290	0.4224	0.9734	2.662
1291	0.4249	0.9722	2.783
1292	0.4200	0.9746	2.544
1293	0.4093	0.9796	2.044
1294	0.4223	0.9734	2.662
1295	0.4250	0.9721	2.787
1296	0.4194	0.9742	2.578
1297	0.4235	0.9728	2.717
1298	0.4250	0.9723	2.765
1299	0.4198	0.9745	2.554
1300	0.4221	0.9731	2.687
1301	0.4248	0.9723	2.770
1302	0.4226	0.9729	2.712
1303	0.4250	0.9722	2.781
1304	0.4240	0.9723	2.768
1305	0.4244	0.9722	2.784
1306	0.4241	0.9727	2.734
1307	0.4232	0.9730	2.704
1308	0.4243	0.9726	2.736
1309	0.4222	0.9731	2.686
1310	0.4251	0.9722	2.780
1311	0.4233	0.9729	2.706
1312	0.4259	0.9719	2.813
1313	0.4118	0.9783	2.168
1314	0.4234	0.9729	2.705
1315	0.4181	0.9749	2.510
1316	0.4253	0.9719	2.810
1317	0.4243	0.9727	2.730
1318	0.4246	0.9725	2.749
1319	0.4208	0.9738	2.622
1320	0.4258	0.9716	2.840
1321	0.4229	0.9730	2.695
1322	0.4203	0.9745	2.554
1323	0.4174	0.9755	2.447
1324	0.4239	0.9721	2.788
1325	0.4243	0.9725	2.755
1326	0.4255	0.9724	2.759
1327	0.4094	0.9794	2.064
1328	0.4214	0.9734	2.657
1329	0.4230	0.9731	2.690
1330	0.4092	0.9796	2.043
1331	0.4118	0.9783	2.169
1332	0.4222	0.9733	2.668
1333	0.4169	0.9753	2.469
1334	0.4265	0.9716	2.842
1335	0.4249	0.9723	2.766
1336	0.4075	0.9801	1.990
1337	0.4233	0.9728	2.717
1338	0.4200	0.9746	2.544
1339	0.4246	0.9726	2.742
1340	0.4261	0.9717	2.831
1341	0.4248	0.9722	2.783
1342	0.4225	0.9729	2.712
1343	0.4243	0.9724	2.757
1344	0.4114	0.9778	2.216
1345	0.4269	0.9711	2.892
1346	0.4230	0.9734	2.664
1347	0.4105	0.9785	2.152
1348	0.4131	0.9774	2.262
1349	0.4234	0.9728	2.717
1350	0.4242	0.9728	2.723
1351	0.4235	0.9723	2.767
1352	0.4223	0.9734	2.662
1353	0.4215	0.9734	2.656
1354	0.4255	0.9723	2.766
1355	0.4247	0.9723	2.773
1356	0.4258	0.9716	2.843
1357	0.4259	0.9717	2.830
1358	0.4207	0.9738	2.616
1359	0.4202	0.9744	2.557
1360	0.4188	0.9746	2.539
1361	0.4208	0.9738	2.620
1362	0.4225	0.9729	2.714
1363	0.4091	0.9794	2.063
1364	0.4233	0.9732	2.684
1365	0.4174	0.9755	2.450
1366	0.4184	0.9747	2.531
1367	0.4252	0.9719	2.808
1368	0.4251	0.9722	2.781
1369	0.4169	0.9753	2.473
1370	0.4214	0.9735	2.655
1371	0.4152	0.9760	2.401
1372	0.4207	0.9740	2.604
1373	0.4243	0.9725	2.751
1374	0.4249	0.9722	2.784
1375	0.4258	0.9718	2.815
1376	0.4237	0.9728	2.716
1377	0.4093	0.9793	2.067
1378	0.4243	0.9721	2.787
1379	0.4234	0.9729	2.709
1380	0.4230	0.9732	2.677
1381	0.4243	0.9727	2.729
1382	0.4234	0.9727	2.733
1383	0.4218	0.9735	2.655
1384	0.4092	0.9791	2.089
1385	0.4226	0.9728	2.721
1386	0.4180	0.9749	2.512
1387	0.4251	0.9720	2.802
1388	0.4243	0.9726	2.742
1389	0.4211	0.9737	2.632
1390	0.4185	0.9751	2.487
1391	0.4197	0.9744	2.556
1392	0.4229	0.9730	2.697
1393	0.4228	0.9733	2.675
1394	0.4219	0.9738	2.622
1395	0.4187	0.9748	2.524
1396	0.4245	0.9726	2.736
1397	0.4239	0.9723	2.769
1398	0.4226	0.9734	2.663
1399	0.4240	0.9727	2.734
1400	0.4240	0.9728	2.721
1401	0.4226	0.9731	2.688
1402	0.4249	0.9721	2.788
1403	0.4181	0.9748	2.520
1404	0.4181	0.9748	2.517
1405	0.4200	0.9747	2.527
1406	0.4220	0.9731	2.686
1407	0.4238	0.9721	2.790
1408	0.4196	0.9746	2.545
1409	0.4254	0.9724	2.760
1410	0.4232	0.9729	2.706
1411	0.4193	0.9742	2.581
1412	0.4256	0.9716	2.836
1413	0.4150	0.9764	2.358
1414	0.4197	0.9741	2.587
1415	0.4200	0.9740	2.598
1416	0.4241	0.9727	2.731
1417	0.4242	0.9726	2.736
1418	0.4231	0.9727	2.726
1419	0.4247	0.9723	2.769
1420	0.4243	0.9728	2.722
1421	0.4236	0.9729	2.708
1422	0.4230	0.9729	2.705
1423	0.4251	0.9722	2.784
1424	0.4222	0.9735	2.652
1425	0.4189	0.9752	2.484
1426	0.4222	0.9734	2.657
1427	0.4209	0.9739	2.610
1428	0.4221	0.9731	2.687
1429	0.4231	0.9730	2.704
1430	0.4152	0.9760	2.401
1431	0.4105	0.9785	2.153
1432	0.4233	0.9730	2.705
1433	0.4168	0.9753	2.473
1434	0.4214	0.9735	2.654
1435	0.4242	0.9725	2.750
1436	0.4251	0.9722	2.784
1437	0.4229	0.9731	2.690
1438	0.4248	0.9722	2.778
1439	0.4117	0.9783	2.168
1440	0.4228	0.9730	2.695
1441	0.4183	0.9747	2.531
1442	0.4234	0.9723	2.765
1443	0.4256	0.9716	2.836
1444	0.4218	0.9735	2.655
1445	0.4254	0.9724	2.759
1446	0.4231	0.9730	2.703
1447	0.4092	0.9791	2.090
1448	0.4242	0.9726	2.736
1449	0.4231	0.9729	2.706
1450	0.4187	0.9746	2.539
1451	0.4199	0.9746	2.544
1452	0.4226	0.9728	2.717
1453	0.4224	0.9729	2.712
1454	0.4239	0.9723	2.768
1455	0.4181	0.9748	2.521
1456	0.4233	0.9727	2.732
1457	0.4245	0.9725	2.748
1458	0.4091	0.9796	2.045
1459	0.4260	0.9717	2.831
1460	0.4150	0.9764	2.358
1461	0.4199	0.9747	2.527
1462	0.4184	0.9751	2.487
1463	0.4240	0.9728	2.721
1464	0.4230	0.9727	2.725
1465	0.4197	0.9741	2.588
1466	0.4225	0.9731	2.687
1467	0.4224	0.9729	2.710
1468	0.4229	0.9734	2.662
1469	0.4130	0.9774	2.263
1470	0.4229	0.9732	2.677
1471	0.4264	0.9716	2.841
1472	0.4179	0.9749	2.510
1473	0.4221	0.9731	2.687
1474	0.4237	0.9721	2.789
1475	0.4249	0.9721	2.788
1476	0.4188	0.9752	2.485
1477	0.4231	0.9732	2.682
1478	0.4227	0.9733	2.672
1479	0.4113	0.9778	2.216
1480	0.4254	0.9723	2.766
1481	0.4244	0.9726	2.736
1482	0.4208	0.9739	2.611
1483	0.4222	0.9734	2.658
1484	0.4250	0.9720	2.799
1485	0.4233	0.9728	2.716
1486	0.4242	0.9728	2.721
1487	0.4205	0.9740	2.596
1488	0.4220	0.9733	2.668
1489	0.4167	0.9753	2.470
1490	0.4210	0.9737	2.630
1491	0.4247	0.9722	2.782
1492	0.4257	0.9719	2.813
1493	0.4222	0.9735	2.652
1494	0.4267	0.9711	2.893
1495	0.4093	0.9794	2.065
1496	0.4240	0.9728	2.718
1497	0.4258	0.9717	2.828
1498	0.4246	0.9723	2.766
1499	0.4241	0.9725	2.752
1500	0.4090	0.9794	2.060
1501	0.4251	0.9719	2.809
1502	0.4213	0.9734	2.658
1503	0.4196	0.9745	2.552
1504	0.4186	0.9747	2.527
1505	0.4241	0.9727	2.732
1506	0.4236	0.9729	2.714
1507	0.4172	0.9755	2.448
1508	0.4249	0.9722	2.780
1509	0.4192	0.9742	2.581
1510	0.4245	0.9723	2.770
1511	0.4217	0.9738	2.623
1512	0.4195	0.9745	2.545
1513	0.4205	0.9739	2.614
1514	0.4221	0.9734	2.660
1515	0.4242	0.9722	2.779
1516	0.4235	0.9729	2.706
1517	0.4257	0.9717	2.835
1518	0.4230	0.9730	2.704
1519	0.4199	0.9740	2.602
1520	0.4224	0.9734	2.662
1521	0.4219	0.9732	2.684
1522	0.4207	0.9738	2.622
1523	0.4231	0.9729	2.712
1524	0.4248	0.9724	2.763
1525	0.4073	0.9801	1.990
1526	0.4180	0.9748	2.519
1527	0.4238	0.9727	2.734
1528	0.4241	0.9727	2.730
1529	0.4201	0.9745	2.554
1530	0.4241	0.9726	2.739
1531	0.4258	0.9717	2.828
1532	0.4151	0.9760	2.401
1533	0.4090	0.9794	2.060
1534	0.4188	0.9751	2.486
1535	0.4198	0.9746	2.543
1536	0.4179	0.9749	2.510
1537	0.4206	0.9738	2.623
1538	0.4256	0.9719	2.814
1539	0.4220	0.9733	2.668
1540	0.4221	0.9734	2.657
1541	0.4217	0.9734	2.656
1542	0.4221	0.9734	2.662
1543	0.4186	0.9747	2.527
1544	0.4180	0.9748	2.520
1545	0.4247	0.9722	2.780
1546	0.4235	0.9729	2.708
1547	0.4092	0.9794	2.064
1548	0.4201	0.9744	2.558
1549	0.4196	0.9745	2.552
1550	0.4241	0.9726	2.740
1551	0.4183	0.9752	2.484
1552	0.4247	0.9724	2.764
1553	0.4205	0.9740	2.597
1554	0.4267	0.9711	2.891
1555	0.4263	0.9716	2.842
1556	0.4129	0.9774	2.263
1557	0.4195	0.9746	2.543
1558	0.4220	0.9731	2.688
1559	0.4196	0.9741	2.586
1560	0.4253	0.9724	2.760
1561	0.4224	0.9731	2.687
1562	0.4256	0.9716	2.840
1563	0.4243	0.9726	2.736
1564	0.4224	0.9734	2.661
1565	0.4167	0.9753	2.473
1566	0.4198	0.9747	2.527
1567	0.4240	0.9725	2.755
1568	0.4213	0.9734	2.655
1569	0.4248	0.9721	2.787
1570	0.4241	0.9726	2.736
1571	0.4242	0.9722	2.782
1572	0.4246	0.9723	2.768
1573	0.4238	0.9723	2.766
1574	0.4221	0.9735	2.652
1575	0.4241	0.9728	2.719
1576	0.4258	0.9717	2.828
1577	0.4227	0.9730	2.695
1578	0.4229	0.9727	2.726
1579	0.4212	0.9734	2.656
1580	0.4249	0.9722	2.781
1581	0.4073	0.9801	1.988
1582	0.4244	0.9723	2.768
1583	0.4205	0.9738	2.616
1584	0.4244	0.9725	2.747
1585	0.4186	0.9746	2.537
1586	0.4112	0.9778	2.216
1587	0.4223	0.9729	2.710
1588	0.4230	0.9729	2.706
1589	0.4238	0.9728	2.721
1590	0.4232	0.9730	2.704
1591	0.4227	0.9731	2.690
1592	0.4116	0.9783	2.168
1593	0.4254	0.9716	2.836
1594	0.4191	0.9742	2.580
1595	0.4233	0.9723	2.767
1596	0.4232	0.9727	2.734
1597	0.4246	0.9722	2.782
1598	0.4236	0.9721	2.788
1599	0.4226	0.9733	2.670
1600	0.4229	0.9730	2.704
1601	0.4241	0.9727	2.728
1602	0.4090	0.9791	2.091
1603	0.4250	0.9719	2.809
1604	0.4103	0.9785	2.153
1605	0.4209	0.9737	2.629
1606	0.4238	0.9727	2.734
1607	0.4090	0.9796	2.043
1608	0.4166	0.9753	2.469
1609	0.4249	0.9720	2.800
1610	0.4239	0.9728	2.721
1611	0.4253	0.9723	2.768
1612	0.4228	0.9732	2.680
1613	0.4218	0.9731	2.685
1614	0.4207	0.9739	2.611
1615	0.4228	0.9734	2.661
1616	0.4240	0.9727	2.731
1617	0.4182	0.9747	2.531
1618	0.4198	0.9740	2.601
1619	0.4249	0.9722	2.783
1620	0.4241	0.9725	2.749
1621	0.4229	0.9729	2.706
1622	0.4216	0.9738	2.623
1623	0.4224	0.9728	2.717
1624	0.4235	0.9729	2.714
1625	0.4230	0.9729	2.714
1626	0.4149	0.9764	2.359
1627	0.4232	0.9728	2.717
1628	0.4171	0.9755	2.448
1629	0.4179	0.9748	2.519
1630	0.4230	0.9732	2.682
1631	0.4222	0.9729	2.712
1632	0.4248	0.9722	2.779
1633	0.4223	0.9734	2.661
1634	0.4228	0.9732	2.678
1635	0.4247	0.9724	2.764
1636	0.4240	0.9727	2.730
1637	0.4220	0.9735	2.653
1638	0.4226	0.9733	2.671
1639	0.4183	0.9752	2.484
1640	0.4216	0.9734	2.655
1641	0.4232	0.9723	2.767
1642	0.4090	0.9791	2.089
1643	0.4200	0.9744	2.558
1644	0.4231	0.9729	2.706
1645	0.4197	0.9746	2.543
1646	0.4231	0.9727	2.734
1647	0.4219	0.9731	2.688
1648	0.4197	0.9747	2.527
1649	0.4236	0.9721	2.788
1650	0.4240	0.9725	2.750
1651	0.4178	0.9749	2.510
1652	0.4247	0.9721	2.787
1653	0.4228	0.9729	2.707
1654	0.4222	0.9729	2.709
1655	0.4262	0.9716	2.842
1656	0.4224	0.9728	2.716
1657	0.4245	0.9723	2.769
1658	0.4088	0.9794	2.060
1659	0.4211	0.9734	2.658
1660	0.4223	0.9731	2.687
1661	0.4240	0.9728	2.721
1662	0.4195	0.9745	2.552
1663	0.4229	0.9730	2.703
1664	0.4190	0.9742	2.580
1665	0.4240	0.9726	2.736
1666	0.4218	0.9731	2.685
1667	0.4166	0.9753	2.469
1668	0.4208	0.9737	2.629
1669	0.4258	0.9717	2.830
1670	0.4212	0.9735	2.655
1671	0.4240	0.9725	2.754
1672	0.4150	0.9760	2.400
1673	0.4239	0.9727	2.730
1674	0.4206	0.9739	2.612
1675	0.4255	0.9719	2.813
1676	0.4237	0.9727	2.734
1677	0.4205	0.9738	2.624
1678	0.4219	0.9733	2.668
1679	0.4226	0.9731	2.690
1680	0.4237	0.9723	2.768
1681	0.4245	0.9722	2.782
1682	0.4229	0.9732	2.683
1683	0.4128	0.9774	2.264
1684	0.4249	0.9719	2.809
1685	0.4226	0.9730	2.696
1686	0.4193	0.9745	2.545
1687	0.4148	0.9764	2.359
1688	0.4230	0.9729	2.713
1689	0.4220	0.9734	2.656
1690	0.4197	0.9740	2.601
1691	0.4181	0.9747	2.531
1692	0.4253	0.9716	2.835
1693	0.4248	0.9720	2.798
1694	0.4228	0.9727	2.725
1695	0.4233	0.9729	2.706
1696	0.4227	0.9734	2.660
1697	0.4243	0.9723	2.767
1698	0.4204	0.9739	2.614
1699	0.4234	0.9729	2.715
1700	0.4265	0.9711	2.894
1701	0.4203	0.9741	2.593
1702	0.4179	0.9748	2.519
1703	0.4185	0.9746	2.537
1704	0.4071	0.9801	1.988
1705	0.4220	0.9734	2.660
1706	0.4171	0.9755	2.448
1707	0.4240	0.9722	2.782
1708	0.4229	0.9729	2.705
1709	0.4222	0.9729	2.708
1710	0.4186	0.9751	2.486
1711	0.4089	0.9796	2.042
1712	0.4237	0.9728	2.721
1713	0.4166	0.9753	2.472
1714	0.4090	0.9793	2.065
1715	0.4252	0.9723	2.766
1716	0.4252	0.9724	2.759
1717	0.4178	0.9748	2.519
1718	0.4111	0.9778	2.216
1719	0.4255	0.9716	2.842
1720	0.4242	0.9725	2.748
1721	0.4238	0.9728	2.721
1722	0.4194	0.9741	2.587
1723	0.4114	0.9783	2.168
1724	0.4256	0.9717	2.829
1725	0.4239	0.9726	2.741
1726	0.4246	0.9722	2.781
1727	0.4102	0.9785	2.153
1728	0.4215	0.9738	2.621
1729	0.4248	0.9722	2.782
1730	0.4231	0.9728	2.717
1731	0.4242	0.9726	2.737
1732	0.4184	0.9748	2.525
1733	0.4248	0.9720	2.799
1734	0.4238	0.9727	2.731
1735	0.4233	0.9729	2.707
1736	0.4246	0.9724	2.764
1737	0.4246	0.9721	2.787
1738	0.4218	0.9731	2.688
1739	0.4238	0.9728	2.721
1740	0.4222	0.9734	2.660
1741	0.4219	0.9734	2.658
1742	0.4233	0.9728	2.715
1743	0.4229	0.9729	2.707
1744	0.4239	0.9726	2.740
1745	0.4255	0.9719	2.813
1746	0.4203	0.9741	2.595
1747	0.4261	0.9716	2.841
1748	0.4111	0.9778	2.216
1749	0.4178	0.9748	2.521
1750	0.4251	0.9724	2.760
1751	0.4239	0.9726	2.737
1752	0.4114	0.9783	2.168
1753	0.4257	0.9717	2.830
1754	0.4253	0.9716	2.835
1755	0.4235	0.9721	2.790
1756	0.4186	0.9752	2.485
1757	0.4196	0.9747	2.527
1758	0.4227	0.9732	2.679
1759	0.4239	0.9725	2.755
1760	0.4254	0.9716	2.840
1761	0.4227	0.9734	2.662
1762	0.4218	0.9733	2.667
1763	0.4219	0.9734	2.661
1764	0.4219	0.9735	2.652
1765	0.4244	0.9722	2.782
1766	0.4181	0.9752	2.484
1767	0.4229	0.9729	2.712
1768	0.4239	0.9727	2.729
1769	0.4127	0.9774	2.264
1770	0.4221	0.9729	2.710
1771	0.4230	0.9727	2.733
1772	0.4248	0.9719	2.810
1773	0.4193	0.9745	2.545
1774	0.4239	0.9728	2.719
1775	0.4196	0.9740	2.601
1776	0.4225	0.9730	2.696
1777	0.4245	0.9722	2.778
1778	0.4205	0.9739	2.611
1779	0.4243	0.9723	2.768
1780	0.4255	0.9717	2.827
1781	0.4217	0.9731	2.686
1782	0.4090	0.9794	2.064
1783	0.4170	0.9755	2.447
1784	0.4223	0.9728	2.715
1785	0.4231	0.9723	2.766
1786	0.4196	0.9746	2.542
1787	0.4228	0.9730	2.704
1788	0.4189	0.9742	2.581
1789	0.4227	0.9729	2.706
1790	0.4204	0.9738	2.623
1791	0.4177	0.9748	2.520
1792	0.4194	0.9741	2.587
1793	0.4222	0.9731	2.687
1794	0.4180	0.9747	2.532
1795	0.4225	0.9731	2.690
1796	0.4221	0.9729	2.712
1797	0.4236	0.9727	2.734
1798	0.4193	0.9745	2.550
1799	0.4210	0.9734	2.658
1800	0.4184	0.9746	2.538
1801	0.4176	0.9749	2.510
1802	0.4230	0.9729	2.706
1803	0.4227	0.9727	2.725
1804	0.4228	0.9732	2.682
1805	0.4070	0.9801	1.989
1806	0.4183	0.9748	2.524
1807	0.4251	0.9723	2.766
1808	0.4224	0.9733	2.671
1809	0.4239	0.9725	2.749
1810	0.4198	0.9745	2.554
1811	0.4264	0.9711	2.893
1812	0.4246	0.9722	2.780
1813	0.4239	0.9722	2.778
1814	0.4236	0.9728	2.720
1815	0.4101	0.9785	2.152
1816	0.4241	0.9725	2.748
1817	0.4088	0.9796	2.041
1818	0.4230	0.9729	2.714
1819	0.4244	0.9723	2.768
1820	0.4148	0.9760	2.401
1821	0.4147	0.9764	2.359
1822	0.4165	0.9753	2.473
1823	0.4203	0.9739	2.615
1824	0.4241	0.9726	2.738
1825	0.4088	0.9791	2.089
1826	0.4164	0.9753	2.468
1827	0.4211	0.9734	2.655
1828	0.4207	0.9737	2.629
1829	0.4214	0.9738	2.622
1830	0.4087	0.9794	2.064
1831	0.4235	0.9723	2.768
1832	0.4214	0.9735	2.654
1833	0.4247	0.9722	2.783
1834	0.4236	0.9728	2.721
1835	0.4251	0.9723	2.766
1836	0.4193	0.9741	2.588
1837	0.4177	0.9748	2.519
1838	0.4220	0.9729	2.711
1839	0.4225	0.9731	2.693
1840	0.4110	0.9778	2.217
1841	0.4214	0.9738	2.622
1842	0.4264	0.9711	2.891
1843	0.4087	0.9796	2.043
1844	0.4245	0.9723	2.766
1845	0.4237	0.9728	2.723
1846	0.4242	0.9723	2.773
1847	0.4238	0.9726	2.738
1848	0.4210	0.9734	2.655
1849	0.4254	0.9718	2.816
1850	0.4126	0.9774	2.264
1851	0.4176	0.9749	2.512
1852	0.4239	0.9725	2.751
1853	0.4237	0.9727	2.732
1854	0.4217	0.9733	2.669
1855	0.4183	0.9746	2.537
1856	0.4188	0.9742	2.577
1857	0.4230	0.9727	2.732
1858	0.4198	0.9744	2.555
1859	0.4227	0.9730	2.704
1860	0.4180	0.9751	2.487
1861	0.4238	0.9728	2.722
1862	0.4202	0.9738	2.615
1863	0.4164	0.9753	2.472
1864	0.4209	0.9734	2.656
1865	0.4070	0.9801	1.990
1866	0.4235	0.9726	2.736
1867	0.4239	0.9721	2.785
1868	0.4169	0.9755	2.450
1869	0.4252	0.9717	2.832
1870	0.4177	0.9748	2.521
1871	0.4163	0.9753	2.470
1872	0.4238	0.9727	2.730
1873	0.4238	0.9724	2.758
1874	0.4230	0.9723	2.767
1875	0.4185	0.9752	2.485
1876	0.4260	0.9716	2.842
1877	0.4241	0.9726	2.744
1878	0.4228	0.9729	2.713
1879	0.4146	0.9764	2.356
1880	0.4216	0.9731	2.687
1881	0.4243	0.9722	2.783
1882	0.4206	0.9737	2.630
1883	0.4243	0.9723	2.769
1884	0.4195	0.9745	2.545
1885	0.4245	0.9721	2.787
1886	0.4221	0.9731	2.688
1887	0.4100	0.9785	2.153
1888	0.4222	0.9728	2.720
1889	0.4229	0.9728	2.716
1890	0.4225	0.9734	2.663
1891	0.4213	0.9735	2.654
1892	0.4254	0.9717	2.829
1893	0.4246	0.9722	2.779
1894	0.4195	0.9740	2.598
1895	0.4232	0.9728	2.716
1896	0.4220	0.9729	2.712
1897	0.4226	0.9727	2.725
1898	0.4244	0.9722	2.779
1899	0.4227	0.9732	2.682
1900	0.4195	0.9747	2.527
1901	0.4250	0.9724	2.760
1902	0.4229	0.9730	2.705
1903	0.4235	0.9723	2.768
1904	0.4089	0.9794	2.064
1905	0.4226	0.9729	2.705
1906	0.4217	0.9731	2.687
1907	0.4253	0.9716	2.837
1908	0.4240	0.9726	2.736
1909	0.4247	0.9722	2.783
1910	0.4191	0.9746	2.545
1911	0.4231	0.9729	2.706
1912	0.4238	0.9726	2.739
1913	0.4201	0.9741	2.593
1914	0.4203	0.9738	2.620
1915	0.4225	0.9732	2.678
1916	0.4218	0.9735	2.652
1917	0.4218	0.9734	2.659
1918	0.4246	0.9720	2.798
1919	0.4087	0.9791	2.090
1920	0.4148	0.9760	2.401
1921	0.4113	0.9783	2.167
1922	0.4233	0.9721	2.789
1923	0.4086	0.9794	2.061
1924	0.4182	0.9748	2.524
1925	0.4204	0.9739	2.611
1926	0.4179	0.9747	2.531
1927	0.4223	0.9733	2.671
1928	0.4224	0.9731	2.695
1929	0.4255	0.9717	2.831
1930	0.4218	0.9734	2.658
1931	0.4247	0.9719	2.810
1932	0.4221	0.9734	2.660
1933	0.4192	0.9745	2.552
1934	0.4227	0.9729	2.706
1935	0.4218	0.9734	2.658
1936	0.4206	0.9737	2.630
1937	0.4246	0.9722	2.783
1938	0.4226	0.9729	2.709
1939	0.4255	0.9717	2.831
1940	0.4180	0.9751	2.487
1941	0.4245	0.9722	2.780
1942	0.4069	0.9801	1.989
1943	0.4229	0.9727	2.733
1944	0.4209	0.9734	2.658
1945	0.4254	0.9717	2.830
1946	0.4244	0.9722	2.780
1947	0.4224	0.9731	2.690
1948	0.4238	0.9722	2.782
1949	0.4244	0.9724	2.763
1950	0.4227	0.9729	2.713
1951	0.4109	0.9778	2.217
1952	0.4182	0.9746	2.538
1953	0.4217	0.9735	2.651
1954	0.4241	0.9723	2.771
1955	0.4202	0.9738	2.621
1956	0.4175	0.9749	2.510
1957	0.4253	0.9719	2.813
1958	0.4237	0.9726	2.736
1959	0.4112	0.9783	2.168
1960	0.4250	0.9723	2.767
1961	0.4242	0.9723	2.769
1962	0.4231	0.9728	2.717
1963	0.4168	0.9755	2.449
1964	0.4237	0.9728	2.721
1965	0.4145	0.9764	2.357
1966	0.4197	0.9745	2.555
1967	0.4221	0.9728	2.720
1968	0.4263	0.9711	2.891
1969	0.4187	0.9742	2.577
1970	0.4226	0.9727	2.726
1971	0.4217	0.9734	2.662
1972	0.4204	0.9739	2.612
1973	0.4216	0.9731	2.687
1974	0.4226	0.9730	2.704
1975	0.4249	0.9724	2.761
1976	0.4086	0.9796	2.043
1977	0.4220	0.9734	2.664
1978	0.4194	0.9747	2.526
1979	0.4215	0.9731	2.686
1980	0.4231	0.9729	2.708
1981	0.4236	0.9728	2.721
1982	0.4220	0.9731	2.687
1983	0.4227	0.9732	2.681
1984	0.4228	0.9728	2.717
1985	0.4245	0.9720	2.798
1986	0.4209	0.9734	2.655
1987	0.4246	0.9719	2.810
1988	0.4237	0.9725	2.748
1989	0.4192	0.9745	2.551
1990	0.4085	0.9794	2.060
1991	0.4240	0.9725	2.747
1992	0.4100	0.9785	2.152
1993	0.4194	0.9740	2.599
1994	0.4201	0.9738	2.616
1995	0.4192	0.9741	2.588
1996	0.4219	0.9729	2.712
1997	0.4194	0.9746	2.544
1998	0.4175	0.9748	2.518
1999	0.4087	0.9791	2.089
