0	0.4098	0.9753	2.470
1	0.4171	0.9725	2.749
2	0.4023	0.9794	2.061
3	0.4097	0.9754	2.465
4	0.4177	0.9724	2.763
5	0.4151	0.9735	2.648
6	0.4180	0.9721	2.789
7	0.4175	0.9724	2.764
8	0.4172	0.9726	2.743
9	0.4178	0.9722	2.783
10	0.4174	0.9726	2.742
11	0.4161	0.9730	2.701
12	0.4179	0.9722	2.780
13	0.4154	0.9730	2.705
14	0.4043	0.9778	2.216
15	0.4180	0.9722	2.778
16	0.4081	0.9760	2.399
17	0.4020	0.9794	2.058
18	0.4188	0.9717	2.826
19	0.4172	0.9726	2.737
20	0.4171	0.9727	2.732
21	0.4159	0.9733	2.669
22	0.4147	0.9738	2.616
23	0.4160	0.9730	2.701
24	0.4184	0.9724	2.758
25	0.4128	0.9746	2.539
26	0.4157	0.9730	2.696
27	0.4152	0.9735	2.648
28	0.4176	0.9724	2.763
29	0.4157	0.9733	2.665
30	0.4181	0.9720	2.805
31	0.4117	0.9747	2.532
32	0.4158	0.9731	2.686
33	0.4185	0.9717	2.827
34	0.4155	0.9734	2.660
35	0.4176	0.9722	2.777
36	0.4193	0.9717	2.833
37	0.4060	0.9774	2.259
38	0.4186	0.9717	2.832
39	0.4143	0.9735	2.653
40	0.4131	0.9745	2.548
41	0.4178	0.9722	2.782
42	0.4043	0.9778	2.216
43	0.4160	0.9728	2.723
44	0.4150	0.9732	2.683
45	0.4003	0.9801	1.988
46	0.4149	0.9732	2.682
47	0.4170	0.9727	2.730
48	0.4178	0.9724	2.761
49	0.4135	0.9739	2.611
50	0.4136	0.9739	2.614
51	0.4109	0.9749	2.507
52	0.4172	0.9723	2.773
53	0.4113	0.9752	2.481
54	0.4186	0.9719	2.811
55	0.4171	0.9728	2.725
56	0.4161	0.9730	2.701
57	0.4169	0.9728	2.718
58	0.4197	0.9711	2.888
59	0.4174	0.9726	2.742
60	0.4140	0.9738	2.625
61	0.4125	0.9746	2.538
62	0.4021	0.9796	2.042
63	0.4112	0.9747	2.527
64	0.4079	0.9765	2.354
65	0.4175	0.9724	2.764
66	0.4171	0.9725	2.750
67	0.4153	0.9730	2.704
68	0.4173	0.9726	2.736
69	0.4138	0.9739	2.607
70	0.4165	0.9729	2.709
71	0.4179	0.9722	2.783
72	0.4167	0.9722	2.783
73	0.4159	0.9734	2.657
74	0.4150	0.9734	2.660
75	0.4021	0.9792	2.084
76	0.4151	0.9735	2.654
77	0.4162	0.9729	2.710
78	0.4117	0.9752	2.479
79	0.4126	0.9742	2.582
80	0.4170	0.9729	2.713
81	0.4168	0.9723	2.766
82	0.4110	0.9749	2.511
83	0.4128	0.9748	2.516
84	0.4022	0.9794	2.061
85	0.4162	0.9730	2.699
86	0.4129	0.9740	2.597
87	0.4046	0.9783	2.168
88	0.4121	0.9743	2.575
89	0.4102	0.9755	2.447
90	0.4126	0.9746	2.543
91	0.4179	0.9721	2.789
92	0.4161	0.9729	2.711
93	0.4163	0.9724	2.765
94	0.4110	0.9748	2.516
95	0.4034	0.9785	2.149
96	0.4097	0.9753	2.467
97	0.4155	0.9728	2.716
98	0.4171	0.9728	2.716
99	0.4162	0.9727	2.728
100	0.4171	0.9726	2.744
101	0.4142	0.9734	2.655
102	0.4154	0.9732	2.681
103	0.4115	0.9749	2.515
104	0.4168	0.9727	2.729
105	0.4161	0.9732	2.675
106	0.4135	0.9741	2.594
107	0.4151	0.9735	2.649
108	0.4160	0.9730	2.700
109	0.4096	0.9754	2.464
110	0.4188	0.9717	2.828
111	0.4164	0.9730	2.699
112	0.4183	0.9723	2.765
113	0.4153	0.9730	2.705
114	0.4146	0.9735	2.654
115	0.4177	0.9722	2.777
116	0.4169	0.9728	2.717
117	0.4019	0.9794	2.058
118	0.4135	0.9741	2.591
119	0.4180	0.9720	2.805
120	0.4128	0.9748	2.516
121	0.4163	0.9724	2.764
122	0.4160	0.9732	2.676
123	0.4127	0.9746	2.539
124	0.4042	0.9778	2.216
125	0.4154	0.9734	2.661
126	0.4149	0.9732	2.683
127	0.4149	0.9734	2.660
128	0.4173	0.9726	2.743
129	0.4108	0.9749	2.507
130	0.4158	0.9734	2.656
131	0.4170	0.9727	2.732
132	0.4125	0.9742	2.583
133	0.4102	0.9755	2.447
134	0.4173	0.9726	2.735
135	0.4003	0.9801	1.988
136	0.4143	0.9735	2.653
137	0.4137	0.9739	2.606
138	0.4154	0.9732	2.679
139	0.4136	0.9739	2.612
140	0.4174	0.9724	2.765
141	0.4157	0.9730	2.696
142	0.4142	0.9735	2.655
143	0.4021	0.9792	2.085
144	0.4170	0.9725	2.751
145	0.4184	0.9717	2.827
146	0.4020	0.9796	2.041
147	0.4124	0.9746	2.537
148	0.4171	0.9726	2.744
149	0.4176	0.9724	2.764
150	0.4121	0.9743	2.574
151	0.4153	0.9729	2.706
152	0.4183	0.9723	2.765
153	0.4135	0.9739	2.611
154	0.4150	0.9732	2.685
155	0.4161	0.9729	2.710
156	0.4179	0.9722	2.778
157	0.4096	0.9754	2.464
158	0.4162	0.9730	2.702
159	0.4165	0.9729	2.709
160	0.4146	0.9735	2.654
161	0.4156	0.9733	2.669
162	0.4177	0.9722	2.777
163	0.4080	0.9760	2.400
164	0.4150	0.9735	2.654
165	0.4128	0.9740	2.597
166	0.4117	0.9752	2.479
167	0.4179	0.9721	2.789
168	0.4113	0.9752	2.480
169	0.4171	0.9729	2.713
170	0.4139	0.9738	2.625
171	0.4162	0.9727	2.727
172	0.4162	0.9729	2.711
173	0.4125	0.9746	2.541
174	0.4059	0.9774	2.258
175	0.4182	0.9724	2.758
176	0.4187	0.9718	2.823
177	0.4170	0.9726	2.737
178	0.4170	0.9727	2.731
179	0.4154	0.9729	2.713
180	0.4188	0.9718	2.822
181	0.4177	0.9724	2.762
182	0.4196	0.9711	2.888
183	0.4160	0.9730	2.701
184	0.4130	0.9745	2.548
185	0.4152	0.9729	2.705
186	0.4079	0.9765	2.354
187	0.4178	0.9722	2.781
188	0.4158	0.9733	2.669
189	0.4192	0.9717	2.834
190	0.4166	0.9722	2.782
191	0.4150	0.9735	2.648
192	0.4109	0.9748	2.516
193	0.4158	0.9730	2.701
194	0.4164	0.9730	2.699
195	0.4170	0.9728	2.725
196	0.4021	0.9794	2.061
197	0.4146	0.9738	2.616
198	0.4157	0.9731	2.687
199	0.4111	0.9747	2.527
200	0.4185	0.9719	2.812
201	0.4115	0.9747	2.532
202	0.4185	0.9717	2.834
203	0.4115	0.9748	2.518
204	0.4159	0.9730	2.699
205	0.4096	0.9753	2.468
206	0.4159	0.9727	2.726
207	0.4109	0.9749	2.511
208	0.4167	0.9727	2.730
209	0.4150	0.9735	2.648
210	0.4175	0.9722	2.775
211	0.4045	0.9783	2.168
212	0.4177	0.9722	2.784
213	0.4167	0.9723	2.766
214	0.4171	0.9723	2.771
215	0.4169	0.9729	2.714
216	0.4033	0.9785	2.147
217	0.4128	0.9740	2.597
218	0.4101	0.9755	2.446
219	0.4109	0.9748	2.516
220	0.4167	0.9723	2.767
221	0.4167	0.9727	2.730
222	0.4111	0.9747	2.526
223	0.4096	0.9754	2.464
224	0.4153	0.9734	2.660
225	0.4156	0.9731	2.689
226	0.4170	0.9728	2.724
227	0.4127	0.9748	2.518
228	0.4146	0.9738	2.615
229	0.4002	0.9801	1.988
230	0.4170	0.9726	2.737
231	0.4169	0.9727	2.730
232	0.4158	0.9730	2.701
233	0.4169	0.9729	2.714
234	0.4152	0.9730	2.703
235	0.4125	0.9742	2.584
236	0.4178	0.9721	2.789
237	0.4161	0.9730	2.700
238	0.4112	0.9752	2.480
239	0.4152	0.9730	2.704
240	0.4114	0.9748	2.517
241	0.4142	0.9735	2.653
242	0.4058	0.9774	2.256
243	0.4168	0.9728	2.718
244	0.4138	0.9738	2.624
245	0.4149	0.9732	2.684
246	0.4170	0.9727	2.732
247	0.4127	0.9746	2.539
248	0.4176	0.9722	2.777
249	0.4123	0.9746	2.538
250	0.4124	0.9746	2.542
251	0.4141	0.9735	2.655
252	0.4129	0.9745	2.548
253	0.4134	0.9739	2.612
254	0.4018	0.9794	2.058
255	0.4021	0.9794	2.062
256	0.4107	0.9749	2.507
257	0.4020	0.9791	2.087
258	0.4183	0.9717	2.825
259	0.4136	0.9739	2.607
260	0.4176	0.9724	2.761
261	0.4154	0.9728	2.716
262	0.4179	0.9719	2.806
263	0.4150	0.9735	2.648
264	0.4195	0.9711	2.890
265	0.4158	0.9728	2.724
266	0.4159	0.9732	2.676
267	0.4045	0.9783	2.169
268	0.4162	0.9724	2.765
269	0.4080	0.9760	2.398
270	0.4147	0.9732	2.683
271	0.4145	0.9734	2.655
272	0.4163	0.9730	2.701
273	0.4116	0.9752	2.479
274	0.4019	0.9796	2.042
275	0.4186	0.9718	2.823
276	0.4158	0.9730	2.699
277	0.4179	0.9722	2.776
278	0.4161	0.9729	2.710
279	0.4185	0.9716	2.835
280	0.4159	0.9730	2.703
281	0.4185	0.9719	2.812
282	0.4155	0.9733	2.669
283	0.4160	0.9729	2.710
284	0.4135	0.9739	2.611
285	0.4191	0.9716	2.836
286	0.4170	0.9723	2.773
287	0.4078	0.9765	2.353
288	0.4133	0.9741	2.593
289	0.4161	0.9727	2.728
290	0.4120	0.9743	2.574
291	0.4041	0.9778	2.216
292	0.4153	0.9732	2.680
293	0.4172	0.9726	2.739
294	0.4157	0.9733	2.671
295	0.4170	0.9729	2.714
296	0.4170	0.9725	2.745
297	0.4108	0.9749	2.511
298	0.4176	0.9722	2.785
299	0.4187	0.9717	2.827
300	0.4148	0.9734	2.661
301	0.4182	0.9724	2.757
302	0.4172	0.9726	2.743
303	0.4157	0.9734	2.657
304	0.4115	0.9747	2.531
305	0.4155	0.9730	2.696
306	0.4032	0.9785	2.148
307	0.4149	0.9735	2.653
308	0.4149	0.9735	2.650
309	0.4177	0.9722	2.781
310	0.4174	0.9724	2.764
311	0.4182	0.9723	2.766
312	0.4163	0.9729	2.709
313	0.4165	0.9722	2.785
314	0.4173	0.9724	2.764
315	0.4095	0.9753	2.468
316	0.4174	0.9722	2.776
317	0.4169	0.9725	2.749
318	0.4178	0.9722	2.777
319	0.4166	0.9723	2.765
320	0.4173	0.9724	2.763
321	0.4019	0.9792	2.085
322	0.4158	0.9730	2.699
323	0.4185	0.9719	2.811
324	0.4169	0.9726	2.737
325	0.4108	0.9748	2.517
326	0.4152	0.9734	2.660
327	0.4116	0.9752	2.480
328	0.4133	0.9741	2.592
329	0.4018	0.9794	2.058
330	0.4148	0.9732	2.685
331	0.4159	0.9730	2.701
332	0.4155	0.9730	2.696
333	0.4176	0.9724	2.761
334	0.4176	0.9722	2.783
335	0.4032	0.9785	2.148
336	0.4172	0.9726	2.736
337	0.4129	0.9745	2.549
338	0.4159	0.9733	2.675
339	0.4111	0.9752	2.480
340	0.4148	0.9734	2.661
341	0.4140	0.9735	2.654
342	0.4126	0.9748	2.517
343	0.4133	0.9739	2.611
344	0.4114	0.9747	2.531
345	0.4152	0.9732	2.680
346	0.4177	0.9721	2.789
347	0.4019	0.9796	2.041
348	0.4123	0.9746	2.537
349	0.4168	0.9727	2.730
350	0.4191	0.9716	2.835
351	0.4175	0.9722	2.777
352	0.4187	0.9718	2.823
353	0.4124	0.9742	2.583
354	0.4041	0.9778	2.215
355	0.4185	0.9718	2.825
356	0.4136	0.9739	2.607
357	0.4161	0.9724	2.765
358	0.4095	0.9754	2.464
359	0.4157	0.9733	2.669
360	0.4174	0.9722	2.776
361	0.4158	0.9727	2.726
362	0.4079	0.9760	2.400
363	0.4157	0.9730	2.701
364	0.4113	0.9748	2.517
365	0.4177	0.9722	2.782
366	0.4044	0.9783	2.169
367	0.4124	0.9746	2.542
368	0.4106	0.9749	2.507
369	0.4134	0.9739	2.612
370	0.4147	0.9732	2.684
371	0.4184	0.9717	2.835
372	0.4160	0.9727	2.728
373	0.4145	0.9738	2.617
374	0.4163	0.9729	2.709
375	0.4149	0.9735	2.649
376	0.4127	0.9740	2.598
377	0.4160	0.9730	2.700
378	0.4160	0.9729	2.710
379	0.4170	0.9723	2.772
380	0.4144	0.9735	2.653
381	0.4169	0.9728	2.724
382	0.4166	0.9727	2.727
383	0.4172	0.9726	2.743
384	0.4168	0.9725	2.747
385	0.4153	0.9729	2.713
386	0.4181	0.9723	2.766
387	0.4194	0.9711	2.887
388	0.4162	0.9730	2.697
389	0.4108	0.9749	2.510
390	0.4182	0.9717	2.827
391	0.4110	0.9747	2.527
392	0.4169	0.9726	2.744
393	0.4095	0.9753	2.469
394	0.4178	0.9719	2.805
395	0.4141	0.9735	2.653
396	0.4151	0.9730	2.703
397	0.4077	0.9765	2.355
398	0.4164	0.9722	2.783
399	0.4168	0.9727	2.731
400	0.4149	0.9735	2.650
401	0.4125	0.9746	2.539
402	0.4119	0.9743	2.574
403	0.4168	0.9729	2.713
404	0.4151	0.9730	2.704
405	0.4137	0.9737	2.625
406	0.4155	0.9731	2.687
407	0.4169	0.9729	2.714
408	0.4149	0.9735	2.653
409	0.4001	0.9801	1.988
410	0.4167	0.9728	2.719
411	0.4020	0.9794	2.062
412	0.4154	0.9733	2.668
413	0.4057	0.9774	2.256
414	0.4100	0.9755	2.445
415	0.4174	0.9724	2.763
416	0.4181	0.9724	2.757
417	0.4156	0.9734	2.656
418	0.4159	0.9729	2.708
419	0.4095	0.9753	2.468
420	0.4157	0.9730	2.699
421	0.4168	0.9729	2.714
422	0.4175	0.9722	2.777
423	0.4079	0.9760	2.399
424	0.4174	0.9724	2.763
425	0.4169	0.9726	2.737
426	0.4133	0.9739	2.613
427	0.4094	0.9754	2.465
428	0.4019	0.9792	2.085
429	0.4149	0.9735	2.653
430	0.4148	0.9735	2.647
431	0.4020	0.9794	2.062
432	0.4168	0.9725	2.750
433	0.4111	0.9752	2.480
434	0.4166	0.9728	2.719
435	0.4123	0.9746	2.542
436	0.4156	0.9734	2.655
437	0.4161	0.9724	2.765
438	0.4040	0.9778	2.216
439	0.4165	0.9723	2.767
440	0.4177	0.9721	2.789
441	0.4155	0.9731	2.689
442	0.4134	0.9739	2.612
443	0.4154	0.9731	2.694
444	0.4107	0.9748	2.516
445	0.4169	0.9726	2.745
446	0.4017	0.9794	2.058
447	0.4126	0.9748	2.519
448	0.4147	0.9732	2.684
449	0.4175	0.9722	2.785
450	0.4109	0.9747	2.527
451	0.4149	0.9735	2.649
452	0.4158	0.9729	2.710
453	0.4158	0.9732	2.675
454	0.4185	0.9717	2.825
455	0.4181	0.9723	2.765
456	0.4171	0.9726	2.743
457	0.4190	0.9717	2.835
458	0.4140	0.9735	2.655
459	0.4180	0.9724	2.758
460	0.4146	0.9732	2.682
461	0.4106	0.9749	2.508
462	0.4183	0.9717	2.834
463	0.4169	0.9723	2.772
464	0.4057	0.9774	2.256
465	0.4168	0.9728	2.724
466	0.4162	0.9730	2.699
467	0.4128	0.9745	2.547
468	0.4184	0.9719	2.810
469	0.4132	0.9741	2.590
470	0.4107	0.9749	2.511
471	0.4156	0.9733	2.669
472	0.4172	0.9724	2.763
473	0.4171	0.9726	2.735
474	0.4156	0.9730	2.702
475	0.4144	0.9735	2.653
476	0.4018	0.9796	2.042
477	0.4158	0.9730	2.702
478	0.4126	0.9740	2.597
479	0.4159	0.9730	2.700
480	0.4194	0.9711	2.888
481	0.4160	0.9729	2.711
482	0.4043	0.9783	2.168
483	0.4154	0.9733	2.668
484	0.4140	0.9735	2.653
485	0.4150	0.9730	2.704
486	0.4160	0.9727	2.726
487	0.4182	0.9717	2.827
488	0.4135	0.9739	2.607
489	0.4168	0.9727	2.731
490	0.4162	0.9729	2.712
491	0.4152	0.9728	2.715
492	0.4076	0.9765	2.354
493	0.4125	0.9746	2.538
494	0.4167	0.9727	2.730
495	0.4150	0.9730	2.703
496	0.4157	0.9727	2.725
497	0.4177	0.9722	2.777
498	0.4112	0.9748	2.519
499	0.4177	0.9720	2.805
500	0.4173	0.9723	2.775
501	0.4165	0.9727	2.729
502	0.4113	0.9747	2.533
503	0.4174	0.9724	2.761
504	0.4118	0.9743	2.574
505	0.4147	0.9734	2.660
506	0.4151	0.9732	2.678
507	0.4136	0.9738	2.624
508	0.4114	0.9752	2.479
509	0.4099	0.9755	2.446
510	0.4123	0.9742	2.584
511	0.4168	0.9729	2.712
512	0.4151	0.9734	2.660
513	0.4122	0.9746	2.538
514	0.4176	0.9722	2.782
515	0.4031	0.9785	2.148
516	0.4186	0.9717	2.827
517	0.4163	0.9722	2.785
518	0.4000	0.9801	1.987
519	0.4144	0.9738	2.616
520	0.4159	0.9730	2.702
521	0.4159	0.9729	2.710
522	0.4016	0.9794	2.058
523	0.4121	0.9746	2.537
524	0.4110	0.9752	2.480
525	0.4154	0.9733	2.668
526	0.4000	0.9801	1.988
527	0.4123	0.9742	2.585
528	0.4167	0.9727	2.730
529	0.4163	0.9722	2.784
530	0.4185	0.9717	2.827
531	0.4162	0.9729	2.709
532	0.4150	0.9730	2.704
533	0.4094	0.9753	2.468
534	0.4180	0.9724	2.757
535	0.4168	0.9728	2.724
536	0.4019	0.9794	2.062
537	0.4076	0.9765	2.353
538	0.4150	0.9729	2.708
539	0.4140	0.9735	2.652
540	0.4171	0.9723	2.765
541	0.4183	0.9717	2.834
542	0.4157	0.9730	2.701
543	0.4143	0.9735	2.654
544	0.4168	0.9726	2.744
545	0.4161	0.9730	2.699
546	0.4136	0.9738	2.625
547	0.4151	0.9734	2.661
548	0.4168	0.9723	2.772
549	0.4167	0.9729	2.714
550	0.4146	0.9734	2.660
551	0.4174	0.9724	2.761
552	0.4124	0.9746	2.538
553	0.4148	0.9735	2.652
554	0.4133	0.9739	2.612
555	0.4167	0.9727	2.732
556	0.4156	0.9730	2.699
557	0.4017	0.9796	2.041
558	0.4174	0.9721	2.785
559	0.4147	0.9732	2.684
560	0.4134	0.9739	2.607
561	0.4105	0.9749	2.507
562	0.4030	0.9785	2.151
563	0.4145	0.9732	2.683
564	0.4077	0.9760	2.398
565	0.4159	0.9727	2.728
566	0.4156	0.9730	2.703
567	0.4165	0.9727	2.730
568	0.4189	0.9716	2.836
569	0.4118	0.9743	2.574
570	0.4125	0.9740	2.597
571	0.4098	0.9755	2.446
572	0.4193	0.9711	2.889
573	0.4122	0.9746	2.542
574	0.4170	0.9726	2.739
575	0.4157	0.9732	2.676
576	0.4177	0.9719	2.805
577	0.4109	0.9747	2.527
578	0.4112	0.9749	2.515
579	0.4127	0.9745	2.552
580	0.4056	0.9774	2.256
581	0.4131	0.9741	2.594
582	0.4132	0.9739	2.611
583	0.4160	0.9723	2.765
584	0.4106	0.9749	2.513
585	0.4155	0.9733	2.671
586	0.4106	0.9748	2.515
587	0.4173	0.9722	2.782
588	0.4168	0.9728	2.717
589	0.4156	0.9728	2.724
590	0.4155	0.9735	2.654
591	0.4165	0.9728	2.721
592	0.4114	0.9752	2.480
593	0.4180	0.9723	2.765
594	0.4125	0.9748	2.517
595	0.4167	0.9725	2.750
596	0.4184	0.9718	2.825
597	0.4154	0.9731	2.688
598	0.4164	0.9723	2.765
599	0.4147	0.9735	2.648
600	0.4039	0.9778	2.216
601	0.4175	0.9721	2.788
602	0.4143	0.9739	2.614
603	0.4183	0.9719	2.811
604	0.4042	0.9783	2.168
605	0.4112	0.9747	2.531
606	0.4181	0.9717	2.826
607	0.4172	0.9724	2.764
608	0.4174	0.9722	2.777
609	0.4170	0.9726	2.743
610	0.4139	0.9735	2.655
611	0.4151	0.9728	2.717
612	0.4167	0.9726	2.738
613	0.4153	0.9730	2.695
614	0.4176	0.9722	2.777
615	0.4093	0.9754	2.465
616	0.4147	0.9735	2.648
617	0.4150	0.9732	2.678
618	0.4157	0.9729	2.706
619	0.4017	0.9792	2.085
620	0.4175	0.9722	2.782
621	0.4016	0.9794	2.058
622	0.4132	0.9739	2.612
623	0.4093	0.9754	2.463
624	0.4131	0.9741	2.593
625	0.4173	0.9724	2.760
626	0.4018	0.9794	2.062
627	0.4156	0.9730	2.699
628	0.4167	0.9726	2.738
629	0.4161	0.9729	2.708
630	0.4166	0.9727	2.731
631	0.4157	0.9729	2.710
632	0.4106	0.9748	2.516
633	0.4155	0.9735	2.655
634	0.4042	0.9783	2.168
635	0.4055	0.9774	2.256
636	0.4098	0.9755	2.446
637	0.4172	0.9722	2.782
638	0.4149	0.9729	2.710
639	0.4176	0.9719	2.806
640	0.4167	0.9728	2.723
641	0.4111	0.9749	2.515
642	0.4145	0.9732	2.682
643	0.4121	0.9746	2.537
644	0.4179	0.9723	2.765
645	0.4182	0.9719	2.812
646	0.4170	0.9726	2.744
647	0.4167	0.9727	2.732
648	0.4179	0.9724	2.757
649	0.4167	0.9726	2.743
650	0.4112	0.9747	2.530
651	0.4142	0.9735	2.654
652	0.4182	0.9717	2.833
653	0.4016	0.9796	2.041
654	0.4159	0.9723	2.765
655	0.4124	0.9746	2.539
656	0.4171	0.9723	2.765
657	0.4147	0.9735	2.648
658	0.4175	0.9721	2.789
659	0.4174	0.9722	2.784
660	0.4176	0.9722	2.777
661	0.4139	0.9735	2.652
662	0.4189	0.9716	2.835
663	0.4160	0.9730	2.699
664	0.3999	0.9801	1.988
665	0.4075	0.9765	2.353
666	0.4150	0.9732	2.680
667	0.4121	0.9746	2.542
668	0.4122	0.9742	2.585
669	0.4155	0.9728	2.724
670	0.4166	0.9725	2.749
671	0.4138	0.9735	2.654
672	0.4093	0.9753	2.468
673	0.4175	0.9722	2.781
674	0.4184	0.9717	2.827
675	0.4124	0.9748	2.518
676	0.4158	0.9730	2.699
677	0.4133	0.9739	2.607
678	0.4147	0.9735	2.648
679	0.4147	0.9735	2.653
680	0.4153	0.9731	2.688
681	0.4108	0.9747	2.526
682	0.4030	0.9785	2.147
683	0.4153	0.9733	2.668
684	0.4109	0.9752	2.480
685	0.4113	0.9752	2.478
686	0.4143	0.9738	2.615
687	0.4151	0.9728	2.716
688	0.4166	0.9729	2.714
689	0.4167	0.9729	2.713
690	0.4038	0.9778	2.216
691	0.4126	0.9745	2.547
692	0.4150	0.9734	2.662
693	0.4077	0.9760	2.399
694	0.4131	0.9739	2.611
695	0.4192	0.9711	2.888
696	0.4124	0.9740	2.597
697	0.4146	0.9732	2.684
698	0.4172	0.9724	2.763
699	0.4154	0.9733	2.667
700	0.4135	0.9738	2.625
701	0.4149	0.9730	2.704
702	0.4173	0.9722	2.776
703	0.4183	0.9718	2.825
704	0.4164	0.9727	2.729
705	0.4105	0.9749	2.511
706	0.4169	0.9726	2.735
707	0.4156	0.9730	2.701
708	0.4104	0.9749	2.508
709	0.4117	0.9743	2.573
710	0.4162	0.9721	2.786
711	0.4155	0.9730	2.700
712	0.4164	0.9728	2.719
713	0.4145	0.9734	2.660
714	0.4153	0.9730	2.696
715	0.4158	0.9727	2.728
716	0.4158	0.9729	2.710
717	0.4017	0.9792	2.085
718	0.4167	0.9723	2.774
719	0.4156	0.9732	2.675
720	0.4180	0.9717	2.826
721	0.4163	0.9723	2.765
722	0.4154	0.9733	2.668
723	0.4109	0.9752	2.480
724	0.4150	0.9734	2.661
725	0.4164	0.9727	2.730
726	0.4124	0.9748	2.516
727	0.4176	0.9720	2.805
728	0.4016	0.9792	2.085
729	0.4166	0.9727	2.732
730	0.4175	0.9721	2.789
731	0.4126	0.9745	2.548
732	0.4167	0.9726	2.737
733	0.4155	0.9730	2.702
734	0.4171	0.9724	2.762
735	0.4180	0.9717	2.827
736	0.4092	0.9754	2.464
737	0.4160	0.9729	2.711
738	0.4158	0.9727	2.726
739	0.4146	0.9735	2.649
740	0.4183	0.9718	2.823
741	0.4029	0.9785	2.148
742	0.4170	0.9724	2.763
743	0.4152	0.9734	2.664
744	0.4104	0.9749	2.507
745	0.4092	0.9753	2.469
746	0.4121	0.9746	2.542
747	0.4179	0.9723	2.768
748	0.4163	0.9724	2.765
749	0.4166	0.9726	2.743
750	0.4167	0.9723	2.770
751	0.4076	0.9760	2.400
752	0.4138	0.9734	2.655
753	0.4016	0.9796	2.041
754	0.4121	0.9742	2.584
755	0.4148	0.9730	2.704
756	0.4113	0.9752	2.479
757	0.4164	0.9728	2.719
758	0.4149	0.9732	2.677
759	0.4131	0.9739	2.612
760	0.4153	0.9731	2.688
761	0.4166	0.9729	2.713
762	0.4015	0.9794	2.058
763	0.4107	0.9747	2.526
764	0.4038	0.9778	2.216
765	0.4165	0.9727	2.730
766	0.4138	0.9735	2.652
767	0.4166	0.9725	2.749
768	0.4041	0.9783	2.170
769	0.4150	0.9729	2.715
770	0.4174	0.9722	2.780
771	0.4017	0.9794	2.063
772	0.4155	0.9728	2.724
773	0.4155	0.9730	2.699
774	0.4105	0.9749	2.512
775	0.4178	0.9724	2.757
776	0.4168	0.9726	2.738
777	0.4142	0.9735	2.655
778	0.4166	0.9728	2.723
779	0.4142	0.9738	2.616
780	0.4171	0.9722	2.776
781	0.4158	0.9723	2.765
782	0.3998	0.9801	1.987
783	0.4181	0.9717	2.834
784	0.4181	0.9719	2.811
785	0.4105	0.9748	2.515
786	0.4144	0.9732	2.684
787	0.4148	0.9729	2.707
788	0.4173	0.9721	2.785
789	0.4172	0.9722	2.777
790	0.4146	0.9735	2.652
791	0.4160	0.9730	2.699
792	0.4132	0.9739	2.607
793	0.4153	0.9734	2.656
794	0.4152	0.9730	2.696
795	0.4184	0.9718	2.822
796	0.4144	0.9734	2.660
797	0.4156	0.9732	2.676
798	0.4097	0.9755	2.446
799	0.4123	0.9746	2.538
800	0.4155	0.9730	2.701
801	0.4111	0.9747	2.532
802	0.4161	0.9722	2.783
803	0.4145	0.9732	2.685
804	0.4110	0.9748	2.517
805	0.4157	0.9730	2.699
806	0.4130	0.9739	2.613
807	0.4130	0.9741	2.589
808	0.4188	0.9717	2.833
809	0.4156	0.9729	2.706
810	0.4123	0.9740	2.596
811	0.4054	0.9774	2.257
812	0.4074	0.9765	2.354
813	0.4175	0.9722	2.776
814	0.4157	0.9729	2.711
815	0.4191	0.9711	2.888
816	0.4116	0.9743	2.574
817	0.4119	0.9746	2.538
818	0.4172	0.9724	2.761
819	0.4165	0.9729	2.714
820	0.4168	0.9726	2.743
821	0.4146	0.9735	2.648
822	0.4134	0.9737	2.625
823	0.4103	0.9749	2.506
824	0.4134	0.9738	2.624
825	0.4138	0.9735	2.652
826	0.4125	0.9745	2.547
827	0.4161	0.9722	2.783
828	0.4165	0.9727	2.729
829	0.4168	0.9726	2.735
830	0.4156	0.9729	2.706
831	0.4141	0.9735	2.653
832	0.4181	0.9717	2.832
833	0.4171	0.9723	2.775
834	0.4157	0.9730	2.697
835	0.4183	0.9718	2.822
836	0.4175	0.9720	2.805
837	0.4158	0.9723	2.765
838	0.4166	0.9729	2.714
839	0.4168	0.9726	2.743
840	0.4157	0.9729	2.709
841	0.4179	0.9717	2.827
842	0.4076	0.9760	2.400
843	0.4149	0.9729	2.714
844	0.4131	0.9739	2.613
845	0.4041	0.9783	2.168
846	0.4152	0.9730	2.696
847	0.4130	0.9739	2.611
848	0.4122	0.9746	2.538
849	0.4182	0.9718	2.825
850	0.4145	0.9735	2.648
851	0.4148	0.9730	2.704
852	0.4129	0.9741	2.591
853	0.4169	0.9724	2.764
854	0.4104	0.9748	2.516
855	0.4163	0.9727	2.729
856	0.4178	0.9723	2.769
857	0.4166	0.9723	2.772
858	0.4159	0.9730	2.697
859	0.3998	0.9801	1.988
860	0.4178	0.9724	2.756
861	0.4144	0.9734	2.659
862	0.4107	0.9747	2.527
863	0.4163	0.9728	2.717
864	0.4074	0.9765	2.354
865	0.4152	0.9731	2.686
866	0.4054	0.9774	2.257
867	0.4172	0.9722	2.783
868	0.4148	0.9730	2.704
869	0.4141	0.9738	2.615
870	0.4028	0.9785	2.148
871	0.4170	0.9724	2.763
872	0.4166	0.9726	2.737
873	0.4037	0.9778	2.216
874	0.4015	0.9792	2.085
875	0.4173	0.9722	2.781
876	0.4116	0.9743	2.573
877	0.4120	0.9746	2.542
878	0.4172	0.9724	2.761
879	0.4110	0.9747	2.532
880	0.4016	0.9794	2.063
881	0.4015	0.9796	2.041
882	0.4153	0.9734	2.655
883	0.4187	0.9716	2.839
884	0.4174	0.9722	2.778
885	0.4154	0.9728	2.724
886	0.4132	0.9739	2.608
887	0.4153	0.9730	2.702
888	0.4123	0.9748	2.519
889	0.4091	0.9754	2.464
890	0.4165	0.9727	2.732
891	0.4112	0.9752	2.480
892	0.4144	0.9732	2.684
893	0.4162	0.9723	2.766
894	0.4148	0.9732	2.679
895	0.4119	0.9746	2.537
896	0.4180	0.9719	2.812
897	0.4145	0.9735	2.647
898	0.4148	0.9734	2.661
899	0.4151	0.9733	2.666
900	0.4191	0.9711	2.888
901	0.4110	0.9748	2.519
902	0.4107	0.9752	2.480
903	0.4153	0.9733	2.668
904	0.4120	0.9742	2.584
905	0.4091	0.9753	2.468
906	0.4143	0.9732	2.683
907	0.4159	0.9729	2.708
908	0.4104	0.9749	2.511
909	0.4157	0.9727	2.728
910	0.4155	0.9732	2.675
911	0.4165	0.9725	2.749
912	0.4123	0.9740	2.598
913	0.4171	0.9722	2.776
914	0.4165	0.9728	2.723
915	0.4154	0.9730	2.701
916	0.4136	0.9735	2.655
917	0.4096	0.9755	2.446
918	0.4164	0.9729	2.714
919	0.4173	0.9721	2.788
920	0.4145	0.9735	2.653
921	0.4165	0.9726	2.744
922	0.4154	0.9730	2.699
923	0.4014	0.9794	2.058
924	0.4156	0.9729	2.710
925	0.4148	0.9732	2.677
926	0.4159	0.9730	2.698
927	0.4153	0.9733	2.669
928	0.4015	0.9792	2.085
929	0.4165	0.9726	2.736
930	0.4136	0.9734	2.655
931	0.4162	0.9727	2.729
932	0.4180	0.9719	2.811
933	0.4037	0.9778	2.216
934	0.4155	0.9732	2.675
935	0.4154	0.9730	2.701
936	0.4157	0.9723	2.765
937	0.4181	0.9717	2.825
938	0.4183	0.9718	2.822
939	0.4130	0.9739	2.612
940	0.4145	0.9735	2.653
941	0.4149	0.9728	2.716
942	0.4110	0.9747	2.531
943	0.4122	0.9748	2.516
944	0.4170	0.9724	2.762
945	0.4164	0.9725	2.748
946	0.4053	0.9774	2.257
947	0.4013	0.9794	2.058
948	0.4091	0.9753	2.468
949	0.4124	0.9745	2.549
950	0.4153	0.9730	2.701
951	0.4166	0.9723	2.773
952	0.4151	0.9731	2.687
953	0.4106	0.9747	2.526
954	0.4164	0.9727	2.730
955	0.4177	0.9723	2.767
956	0.4152	0.9734	2.656
957	0.4177	0.9724	2.757
958	0.4178	0.9717	2.826
959	0.4133	0.9737	2.626
960	0.4103	0.9749	2.510
961	0.4122	0.9740	2.596
962	0.4164	0.9729	2.714
963	0.4040	0.9783	2.169
964	0.4162	0.9723	2.767
965	0.4016	0.9794	2.062
966	0.4180	0.9717	2.834
967	0.4131	0.9739	2.607
968	0.4129	0.9739	2.611
969	0.4164	0.9727	2.732
970	0.4027	0.9785	2.148
971	0.4174	0.9722	2.777
972	0.4145	0.9735	2.649
973	0.3997	0.9801	1.987
974	0.4167	0.9726	2.738
975	0.4090	0.9754	2.464
976	0.4075	0.9760	2.398
977	0.4096	0.9755	2.445
978	0.4151	0.9733	2.668
979	0.4171	0.9722	2.785
980	0.4151	0.9731	2.695
981	0.4137	0.9735	2.652
982	0.4167	0.9725	2.747
983	0.4170	0.9722	2.778
984	0.4155	0.9729	2.710
985	0.4145	0.9735	2.648
986	0.4073	0.9765	2.353
987	0.4147	0.9729	2.708
988	0.4102	0.9749	2.508
989	0.4142	0.9732	2.682
990	0.4111	0.9752	2.479
991	0.4156	0.9730	2.703
992	0.4119	0.9742	2.585
993	0.4143	0.9734	2.660
994	0.4140	0.9735	2.655
995	0.4153	0.9730	2.699
996	0.4173	0.9721	2.790
997	0.4159	0.9729	2.709
998	0.4128	0.9741	2.592
999	0.4171	0.9722	2.776
1000	0.4121	0.9746	2.539
1001	0.4103	0.9749	2.515
1002	0.4172	0.9722	2.781
1003	0.4190	0.9711	2.888
1004	0.4118	0.9746	2.538
1005	0.4140	0.9738	2.615
1006	0.4174	0.9720	2.805
1007	0.4164	0.9728	2.724
1008	0.4148	0.9734	2.660
1009	0.4168	0.9724	2.763
1010	0.4171	0.9724	2.763
1011	0.4144	0.9732	2.684
1012	0.4119	0.9746	2.540
1013	0.4014	0.9796	2.041
1014	0.4162	0.9728	2.718
1015	0.4186	0.9717	2.833
1016	0.4115	0.9743	2.575
1017	0.4156	0.9727	2.726
1018	0.4165	0.9729	2.713
1019	0.4146	0.9730	2.705
1020	0.4153	0.9728	2.724
1021	0.4160	0.9722	2.782
1022	0.4165	0.9726	2.743
1023	0.4107	0.9752	2.481
1024	0.4109	0.9748	2.519
1025	0.4152	0.9734	2.658
1026	0.4181	0.9718	2.823
1027	0.4121	0.9746	2.538
1028	0.4144	0.9735	2.648
1029	0.4161	0.9724	2.763
1030	0.4169	0.9724	2.763
1031	0.4136	0.9735	2.652
1032	0.4131	0.9740	2.605
1033	0.4172	0.9722	2.778
1034	0.4167	0.9727	2.734
1035	0.4164	0.9728	2.721
1036	0.4179	0.9719	2.807
1037	0.4143	0.9734	2.657
1038	0.4153	0.9728	2.721
1039	0.4168	0.9724	2.762
1040	0.4146	0.9730	2.704
1041	0.4150	0.9731	2.695
1042	0.4154	0.9732	2.677
1043	0.4142	0.9732	2.676
1044	0.4171	0.9724	2.761
1045	0.4179	0.9717	2.832
1046	0.4014	0.9796	2.040
1047	0.4161	0.9727	2.727
1048	0.4111	0.9752	2.480
1049	0.4122	0.9740	2.599
1050	0.4140	0.9738	2.616
1051	0.4103	0.9749	2.510
1052	0.4169	0.9722	2.776
1053	0.4119	0.9746	2.539
1054	0.4156	0.9723	2.769
1055	0.4165	0.9723	2.768
1056	0.4164	0.9727	2.735
1057	0.4176	0.9725	2.754
1058	0.4164	0.9727	2.725
1059	0.4164	0.9725	2.745
1060	0.4164	0.9726	2.743
1061	0.4013	0.9795	2.053
1062	0.4173	0.9722	2.776
1063	0.4155	0.9727	2.728
1064	0.4129	0.9739	2.613
1065	0.4109	0.9748	2.523
1066	0.4152	0.9733	2.669
1067	0.4117	0.9746	2.537
1068	0.4182	0.9718	2.819
1069	0.4040	0.9783	2.165
1070	0.4114	0.9742	2.576
1071	0.4106	0.9752	2.481
1072	0.4158	0.9729	2.711
1073	0.4015	0.9794	2.060
1074	0.4139	0.9735	2.651
1075	0.4159	0.9722	2.783
1076	0.4090	0.9754	2.464
1077	0.4147	0.9734	2.660
1078	0.4128	0.9739	2.612
1079	0.4123	0.9745	2.548
1080	0.4109	0.9747	2.533
1081	0.4147	0.9732	2.677
1082	0.4152	0.9730	2.702
1083	0.4150	0.9734	2.665
1084	0.4170	0.9722	2.777
1085	0.4155	0.9729	2.709
1086	0.4186	0.9717	2.832
1087	0.4148	0.9729	2.713
1088	0.4171	0.9722	2.781
1089	0.4155	0.9730	2.697
1090	0.3996	0.9801	1.988
1091	0.4121	0.9749	2.515
1092	0.4172	0.9721	2.791
1093	0.4036	0.9778	2.216
1094	0.4027	0.9785	2.148
1095	0.4154	0.9729	2.707
1096	0.4144	0.9735	2.647
1097	0.4153	0.9730	2.701
1098	0.4163	0.9727	2.731
1099	0.4143	0.9732	2.684
1100	0.4177	0.9717	2.827
1101	0.4052	0.9774	2.257
1102	0.4146	0.9730	2.704
1103	0.4105	0.9747	2.527
1104	0.4152	0.9730	2.699
1105	0.4014	0.9792	2.085
1106	0.4101	0.9749	2.507
1107	0.4118	0.9741	2.585
1108	0.4103	0.9748	2.516
1109	0.4163	0.9729	2.712
1110	0.4150	0.9731	2.688
1111	0.4095	0.9755	2.446
1112	0.4128	0.9741	2.593
1113	0.4072	0.9765	2.353
1114	0.4074	0.9760	2.398
1115	0.4173	0.9719	2.806
1116	0.4090	0.9753	2.469
1117	0.4135	0.9735	2.655
1118	0.4157	0.9730	2.700
1119	0.4189	0.9711	2.888
1120	0.4176	0.9723	2.765
1121	0.4162	0.9728	2.720
1122	0.4164	0.9729	2.713
1123	0.4166	0.9726	2.744
1124	0.4132	0.9738	2.625
1125	0.4144	0.9735	2.653
1126	0.4163	0.9725	2.748
1127	0.4181	0.9717	2.828
1128	0.4170	0.9722	2.776
1129	0.4156	0.9724	2.765
1130	0.4110	0.9752	2.478
1131	0.4026	0.9785	2.148
1132	0.4164	0.9726	2.743
1133	0.4129	0.9739	2.614
1134	0.4114	0.9743	2.574
1135	0.4035	0.9778	2.216
1136	0.4013	0.9796	2.041
1137	0.4152	0.9730	2.699
1138	0.4147	0.9728	2.715
1139	0.4013	0.9791	2.086
1140	0.4161	0.9727	2.731
1141	0.4161	0.9723	2.765
1142	0.4151	0.9735	2.655
1143	0.4118	0.9741	2.586
1144	0.4108	0.9749	2.515
1145	0.4185	0.9716	2.838
1146	0.4163	0.9729	2.712
1147	0.4135	0.9735	2.654
1148	0.4152	0.9728	2.724
1149	0.4176	0.9724	2.756
1150	0.4128	0.9739	2.611
1151	0.4164	0.9729	2.712
1152	0.4163	0.9727	2.730
1153	0.4127	0.9741	2.591
1154	0.4171	0.9722	2.782
1155	0.4121	0.9748	2.517
1156	0.4038	0.9783	2.169
1157	0.4135	0.9735	2.653
1158	0.4166	0.9726	2.737
1159	0.4145	0.9730	2.704
1160	0.4142	0.9732	2.684
1161	0.4151	0.9733	2.669
1162	0.4132	0.9737	2.625
1163	0.4166	0.9726	2.745
1164	0.4117	0.9746	2.537
1165	0.4153	0.9730	2.701
1166	0.4179	0.9719	2.811
1167	0.4089	0.9753	2.469
1168	0.4143	0.9735	2.653
1169	0.4150	0.9731	2.688
1170	0.4101	0.9749	2.507
1171	0.4118	0.9746	2.542
1172	0.4121	0.9740	2.597
1173	0.4052	0.9774	2.256
1174	0.4120	0.9746	2.540
1175	0.4105	0.9752	2.480
1176	0.4173	0.9719	2.806
1177	0.4146	0.9734	2.660
1178	0.4168	0.9724	2.762
1179	0.4164	0.9723	2.773
1180	0.4171	0.9721	2.791
1181	0.4163	0.9728	2.722
1182	0.4071	0.9765	2.353
1183	0.4151	0.9730	2.701
1184	0.4141	0.9732	2.683
1185	0.4014	0.9794	2.062
1186	0.4102	0.9748	2.516
1187	0.4179	0.9718	2.824
1188	0.4012	0.9794	2.061
1189	0.4149	0.9731	2.694
1190	0.4177	0.9717	2.826
1191	0.4102	0.9749	2.513
1192	0.4149	0.9733	2.669
1193	0.4145	0.9729	2.710
1194	0.4167	0.9723	2.767
1195	0.4143	0.9735	2.650
1196	0.4153	0.9732	2.675
1197	0.4163	0.9727	2.732
1198	0.4172	0.9722	2.777
1199	0.3995	0.9801	1.986
1200	0.4154	0.9730	2.701
1201	0.4139	0.9738	2.615
1202	0.4153	0.9729	2.710
1203	0.4169	0.9724	2.761
1204	0.4094	0.9755	2.445
1205	0.4154	0.9729	2.710
1206	0.4161	0.9728	2.720
1207	0.4158	0.9721	2.786
1208	0.4142	0.9734	2.661
1209	0.4154	0.9727	2.728
1210	0.4104	0.9747	2.525
1211	0.4163	0.9726	2.738
1212	0.4175	0.9723	2.766
1213	0.4189	0.9711	2.888
1214	0.4073	0.9760	2.399
1215	0.4138	0.9735	2.655
1216	0.4178	0.9717	2.833
1217	0.4088	0.9754	2.463
1218	0.4143	0.9735	2.648
1219	0.4157	0.9729	2.709
1220	0.4108	0.9747	2.532
1221	0.4129	0.9739	2.607
1222	0.4156	0.9730	2.699
1223	0.4170	0.9722	2.783
1224	0.4122	0.9745	2.548
1225	0.4146	0.9732	2.678
1226	0.4168	0.9723	2.775
1227	0.4105	0.9752	2.479
1228	0.4147	0.9728	2.716
1229	0.4150	0.9734	2.655
1230	0.4141	0.9732	2.681
1231	0.4089	0.9753	2.468
1232	0.4170	0.9722	2.784
1233	0.4073	0.9760	2.399
1234	0.4131	0.9737	2.625
1235	0.4094	0.9755	2.445
1236	0.4175	0.9723	2.765
1237	0.4143	0.9735	2.653
1238	0.4179	0.9718	2.825
1239	0.4152	0.9732	2.675
1240	0.4164	0.9723	2.772
1241	0.4169	0.9724	2.761
1242	0.4151	0.9728	2.724
1243	0.4120	0.9748	2.518
1244	0.4175	0.9724	2.756
1245	0.4162	0.9725	2.748
1246	0.4165	0.9726	2.743
1247	0.4150	0.9733	2.668
1248	0.4162	0.9727	2.730
1249	0.4141	0.9734	2.660
1250	0.4178	0.9717	2.833
1251	0.4145	0.9730	2.703
1252	0.4100	0.9749	2.506
1253	0.4127	0.9739	2.611
1254	0.4170	0.9722	2.781
1255	0.4161	0.9728	2.719
1256	0.4128	0.9739	2.612
1257	0.4171	0.9721	2.790
1258	0.4162	0.9729	2.714
1259	0.4158	0.9722	2.782
1260	0.4168	0.9723	2.775
1261	0.4138	0.9735	2.651
1262	0.4154	0.9727	2.726
1263	0.4120	0.9740	2.597
1264	0.4180	0.9718	2.821
1265	0.4134	0.9735	2.655
1266	0.4172	0.9720	2.805
1267	0.4154	0.9729	2.710
1268	0.4168	0.9724	2.762
1269	0.4154	0.9730	2.697
1270	0.4153	0.9729	2.705
1271	0.4176	0.9717	2.827
1272	0.4163	0.9726	2.745
1273	0.4163	0.9726	2.736
1274	0.4034	0.9778	2.216
1275	0.4146	0.9732	2.677
1276	0.4184	0.9717	2.830
1277	0.4138	0.9738	2.616
1278	0.4143	0.9736	2.645
1279	0.4162	0.9728	2.722
1280	0.4152	0.9730	2.700
1281	0.4159	0.9724	2.762
1282	0.4178	0.9720	2.805
1283	0.4151	0.9730	2.697
1284	0.4145	0.9730	2.703
1285	0.4126	0.9741	2.588
1286	0.4188	0.9711	2.886
1287	0.4108	0.9747	2.525
1288	0.4014	0.9794	2.060
1289	0.4160	0.9727	2.727
1290	0.4151	0.9730	2.698
1291	0.4025	0.9785	2.146
1292	0.4149	0.9732	2.684
1293	0.4162	0.9727	2.726
1294	0.4107	0.9748	2.522
1295	0.4146	0.9734	2.658
1296	0.4101	0.9748	2.517
1297	0.4038	0.9783	2.169
1298	0.4155	0.9723	2.766
1299	0.4119	0.9746	2.538
1300	0.4148	0.9731	2.695
1301	0.4101	0.9749	2.511
1302	0.4169	0.9722	2.776
1303	0.4012	0.9796	2.041
1304	0.4088	0.9754	2.463
1305	0.4122	0.9745	2.547
1306	0.4171	0.9722	2.777
1307	0.4116	0.9746	2.538
1308	0.4156	0.9730	2.698
1309	0.4141	0.9732	2.683
1310	0.4103	0.9747	2.526
1311	0.4011	0.9794	2.058
1312	0.4166	0.9724	2.764
1313	0.4156	0.9729	2.710
1314	0.4112	0.9743	2.573
1315	0.4117	0.9742	2.583
1316	0.4142	0.9735	2.649
1317	0.4071	0.9765	2.353
1318	0.4129	0.9739	2.607
1319	0.4148	0.9733	2.667
1320	0.4012	0.9792	2.085
1321	0.4134	0.9735	2.653
1322	0.4117	0.9746	2.542
1323	0.3994	0.9801	1.987
1324	0.4109	0.9752	2.480
1325	0.4165	0.9726	2.737
1326	0.4050	0.9774	2.256
1327	0.4162	0.9729	2.713
1328	0.4101	0.9749	2.515
1329	0.4152	0.9729	2.710
1330	0.4145	0.9734	2.659
1331	0.4153	0.9730	2.702
1332	0.4174	0.9724	2.756
1333	0.4156	0.9729	2.709
1334	0.4050	0.9774	2.256
1335	0.4117	0.9746	2.541
1336	0.4116	0.9746	2.537
1337	0.4162	0.9726	2.737
1338	0.4150	0.9733	2.667
1339	0.4170	0.9721	2.789
1340	0.4151	0.9730	2.701
1341	0.4162	0.9725	2.748
1342	0.4162	0.9726	2.743
1343	0.4034	0.9778	2.216
1344	0.4153	0.9727	2.728
1345	0.4144	0.9730	2.704
1346	0.4037	0.9783	2.168
1347	0.4088	0.9753	2.469
1348	0.4112	0.9743	2.572
1349	0.4130	0.9738	2.624
1350	0.4140	0.9732	2.682
1351	0.4168	0.9722	2.777
1352	0.4126	0.9739	2.612
1353	0.4148	0.9731	2.689
1354	0.4168	0.9724	2.761
1355	0.4142	0.9735	2.651
1356	0.4087	0.9754	2.465
1357	0.4167	0.9724	2.762
1358	0.4171	0.9719	2.805
1359	0.4164	0.9726	2.737
1360	0.4154	0.9723	2.765
1361	0.4072	0.9760	2.398
1362	0.4161	0.9729	2.712
1363	0.4151	0.9730	2.699
1364	0.4171	0.9722	2.778
1365	0.4165	0.9726	2.744
1366	0.4104	0.9752	2.480
1367	0.4134	0.9735	2.651
1368	0.4128	0.9739	2.607
1369	0.4188	0.9711	2.887
1370	0.4117	0.9741	2.585
1371	0.4170	0.9722	2.780
1372	0.4160	0.9728	2.721
1373	0.4103	0.9747	2.526
1374	0.4166	0.9724	2.765
1375	0.4119	0.9740	2.598
1376	0.4025	0.9785	2.150
1377	0.4161	0.9727	2.731
1378	0.4153	0.9729	2.709
1379	0.4013	0.9794	2.061
1380	0.3994	0.9801	1.987
1381	0.4127	0.9739	2.612
1382	0.4106	0.9749	2.515
1383	0.4169	0.9721	2.785
1384	0.4121	0.9745	2.551
1385	0.4140	0.9734	2.662
1386	0.4145	0.9732	2.680
1387	0.4118	0.9746	2.539
1388	0.4159	0.9723	2.766
1389	0.4175	0.9718	2.824
1390	0.4178	0.9717	2.826
1391	0.4177	0.9719	2.811
1392	0.4093	0.9756	2.444
1393	0.4151	0.9733	2.675
1394	0.4070	0.9765	2.353
1395	0.4142	0.9735	2.648
1396	0.4144	0.9730	2.704
1397	0.4011	0.9796	2.040
1398	0.4137	0.9735	2.655
1399	0.4119	0.9748	2.518
1400	0.4012	0.9791	2.085
1401	0.4145	0.9728	2.716
1402	0.4148	0.9731	2.695
1403	0.4133	0.9735	2.654
1404	0.4150	0.9728	2.724
1405	0.4159	0.9727	2.729
1406	0.4167	0.9722	2.778
1407	0.4138	0.9739	2.615
1408	0.4183	0.9717	2.835
1409	0.4141	0.9735	2.649
1410	0.4149	0.9735	2.655
1411	0.4162	0.9728	2.723
1412	0.4157	0.9722	2.784
1413	0.4010	0.9794	2.058
1414	0.4155	0.9730	2.699
1415	0.4161	0.9727	2.733
1416	0.4162	0.9729	2.712
1417	0.4107	0.9747	2.529
1418	0.4099	0.9749	2.507
1419	0.4174	0.9723	2.768
1420	0.4108	0.9752	2.479
1421	0.4100	0.9749	2.511
1422	0.4162	0.9723	2.774
1423	0.4125	0.9741	2.589
1424	0.4141	0.9732	2.684
1425	0.4177	0.9717	2.832
1426	0.4179	0.9718	2.822
1427	0.4150	0.9730	2.700
1428	0.4147	0.9733	2.665
1429	0.4112	0.9743	2.574
1430	0.4071	0.9760	2.399
1431	0.4145	0.9728	2.716
1432	0.4183	0.9717	2.834
1433	0.4170	0.9722	2.776
1434	0.4153	0.9727	2.727
1435	0.4175	0.9718	2.825
1436	0.4119	0.9740	2.596
1437	0.4010	0.9794	2.057
1438	0.4013	0.9794	2.062
1439	0.4161	0.9727	2.732
1440	0.4168	0.9722	2.783
1441	0.4161	0.9725	2.748
1442	0.4169	0.9722	2.781
1443	0.4106	0.9747	2.529
1444	0.4158	0.9724	2.765
1445	0.4011	0.9792	2.084
1446	0.4024	0.9785	2.149
1447	0.4162	0.9726	2.744
1448	0.4106	0.9749	2.515
1449	0.4011	0.9796	2.040
1450	0.4133	0.9735	2.651
1451	0.4116	0.9746	2.541
1452	0.4050	0.9774	2.256
1453	0.4168	0.9724	2.761
1454	0.4100	0.9749	2.512
1455	0.4148	0.9731	2.687
1456	0.4108	0.9752	2.479
1457	0.4143	0.9730	2.704
1458	0.4187	0.9711	2.889
1459	0.4147	0.9733	2.669
1460	0.4087	0.9754	2.464
1461	0.4128	0.9739	2.609
1462	0.4150	0.9730	2.699
1463	0.4161	0.9728	2.722
1464	0.4125	0.9739	2.611
1465	0.3993	0.9801	1.987
1466	0.4102	0.9747	2.525
1467	0.4143	0.9729	2.709
1468	0.4069	0.9765	2.353
1469	0.4147	0.9731	2.694
1470	0.4153	0.9723	2.766
1471	0.4151	0.9730	2.702
1472	0.4092	0.9755	2.446
1473	0.4167	0.9722	2.777
1474	0.4152	0.9730	2.701
1475	0.4179	0.9717	2.828
1476	0.4151	0.9732	2.675
1477	0.4139	0.9732	2.683
1478	0.4141	0.9735	2.653
1479	0.4161	0.9726	2.738
1480	0.4151	0.9729	2.708
1481	0.4173	0.9724	2.756
1482	0.4126	0.9739	2.612
1483	0.4166	0.9722	2.775
1484	0.4150	0.9728	2.725
1485	0.4176	0.9719	2.811
1486	0.4132	0.9735	2.654
1487	0.4170	0.9719	2.805
1488	0.4036	0.9783	2.169
1489	0.4121	0.9745	2.548
1490	0.4155	0.9730	2.699
1491	0.4140	0.9732	2.683
1492	0.4116	0.9742	2.583
1493	0.4118	0.9746	2.538
1494	0.4160	0.9729	2.713
1495	0.4169	0.9721	2.790
1496	0.4125	0.9741	2.590
1497	0.4161	0.9729	2.712
1498	0.4164	0.9726	2.744
1499	0.4156	0.9722	2.782
1500	0.4144	0.9732	2.677
1501	0.4165	0.9724	2.764
1502	0.4177	0.9718	2.822
1503	0.4136	0.9735	2.651
1504	0.4141	0.9735	2.647
1505	0.4160	0.9727	2.731
1506	0.4139	0.9734	2.659
1507	0.4098	0.9749	2.508
1508	0.4114	0.9746	2.536
1509	0.4152	0.9729	2.709
1510	0.4173	0.9724	2.764
1511	0.4148	0.9734	2.656
1512	0.4141	0.9735	2.646
1513	0.4163	0.9727	2.735
1514	0.4087	0.9753	2.470
1515	0.4137	0.9738	2.616
1516	0.4144	0.9734	2.658
1517	0.4100	0.9748	2.517
1518	0.4176	0.9717	2.832
1519	0.4159	0.9728	2.716
1520	0.4033	0.9778	2.216
1521	0.4166	0.9724	2.763
1522	0.4103	0.9752	2.482
1523	0.4155	0.9729	2.711
1524	0.4148	0.9733	2.667
1525	0.4129	0.9738	2.625
1526	0.4158	0.9727	2.726
1527	0.4118	0.9749	2.515
1528	0.4149	0.9730	2.701
1529	0.4161	0.9723	2.769
1530	0.4160	0.9727	2.726
1531	0.4177	0.9718	2.822
1532	0.4111	0.9743	2.574
1533	0.4139	0.9734	2.658
1534	0.4106	0.9747	2.531
1535	0.4129	0.9738	2.625
1536	0.4183	0.9717	2.831
1537	0.4149	0.9730	2.698
1538	0.4176	0.9717	2.832
1539	0.4146	0.9734	2.663
1540	0.4105	0.9748	2.521
1541	0.4149	0.9728	2.722
1542	0.4160	0.9726	2.745
1543	0.4012	0.9794	2.060
1544	0.4176	0.9719	2.808
1545	0.4166	0.9724	2.763
1546	0.4138	0.9732	2.677
1547	0.4143	0.9730	2.704
1548	0.4086	0.9754	2.464
1549	0.4136	0.9735	2.651
1550	0.4069	0.9765	2.354
1551	0.4125	0.9739	2.612
1552	0.4186	0.9711	2.887
1553	0.4168	0.9722	2.779
1554	0.4152	0.9730	2.697
1555	0.4143	0.9730	2.703
1556	0.4136	0.9738	2.616
1557	0.4161	0.9726	2.736
1558	0.4148	0.9733	2.667
1559	0.4115	0.9742	2.581
1560	0.4156	0.9722	2.781
1561	0.4023	0.9785	2.148
1562	0.4099	0.9748	2.516
1563	0.4160	0.9727	2.731
1564	0.4140	0.9735	2.648
1565	0.4169	0.9721	2.790
1566	0.4170	0.9720	2.804
1567	0.4157	0.9724	2.764
1568	0.4148	0.9734	2.656
1569	0.4173	0.9724	2.755
1570	0.4141	0.9735	2.645
1571	0.4049	0.9774	2.259
1572	0.4161	0.9726	2.744
1573	0.4140	0.9732	2.682
1574	0.4133	0.9735	2.651
1575	0.4163	0.9726	2.742
1576	0.4070	0.9760	2.401
1577	0.4165	0.9722	2.776
1578	0.4149	0.9730	2.699
1579	0.4153	0.9723	2.768
1580	0.4102	0.9747	2.525
1581	0.4118	0.9740	2.597
1582	0.4158	0.9728	2.715
1583	0.4124	0.9741	2.588
1584	0.4152	0.9729	2.709
1585	0.4107	0.9752	2.479
1586	0.4144	0.9729	2.712
1587	0.4160	0.9728	2.721
1588	0.4125	0.9739	2.614
1589	0.4086	0.9753	2.472
1590	0.4154	0.9730	2.698
1591	0.4169	0.9722	2.777
1592	0.4146	0.9730	2.695
1593	0.4152	0.9727	2.728
1594	0.4174	0.9717	2.829
1595	0.4140	0.9735	2.649
1596	0.4160	0.9729	2.714
1597	0.4114	0.9746	2.537
1598	0.4117	0.9746	2.537
1599	0.4132	0.9735	2.653
1600	0.4150	0.9732	2.678
1601	0.4117	0.9749	2.514
1602	0.4143	0.9734	2.658
1603	0.4091	0.9756	2.444
1604	0.4010	0.9796	2.040
1605	0.4099	0.9749	2.510
1606	0.4167	0.9722	2.780
1607	0.4154	0.9729	2.711
1608	0.4098	0.9749	2.509
1609	0.3992	0.9801	1.988
1610	0.4173	0.9723	2.765
1611	0.4120	0.9745	2.548
1612	0.4102	0.9752	2.482
1613	0.4143	0.9732	2.677
1614	0.4149	0.9730	2.700
1615	0.4127	0.9740	2.605
1616	0.4032	0.9778	2.217
1617	0.4178	0.9718	2.820
1618	0.4159	0.9729	2.712
1619	0.4146	0.9731	2.685
1620	0.4115	0.9746	2.540
1621	0.4009	0.9794	2.056
1622	0.4035	0.9783	2.168
1623	0.4157	0.9727	2.729
1624	0.4162	0.9727	2.734
1625	0.4164	0.9724	2.763
1626	0.4166	0.9724	2.762
1627	0.4166	0.9722	2.776
1628	0.4150	0.9730	2.705
1629	0.4010	0.9792	2.084
1630	0.4161	0.9723	2.771
1631	0.4175	0.9719	2.809
1632	0.4125	0.9739	2.614
1633	0.4011	0.9794	2.061
1634	0.4160	0.9726	2.743
1635	0.4176	0.9718	2.823
1636	0.4010	0.9792	2.084
1637	0.4161	0.9723	2.773
1638	0.4114	0.9746	2.538
1639	0.4169	0.9722	2.776
1640	0.4169	0.9720	2.805
1641	0.4150	0.9732	2.676
1642	0.4105	0.9747	2.531
1643	0.4124	0.9739	2.612
1644	0.4008	0.9794	2.058
1645	0.4101	0.9747	2.525
1646	0.4138	0.9734	2.659
1647	0.4139	0.9732	2.683
1648	0.4117	0.9740	2.597
1649	0.4124	0.9741	2.590
1650	0.4117	0.9746	2.538
1651	0.4149	0.9730	2.700
1652	0.4146	0.9734	2.665
1653	0.4178	0.9718	2.821
1654	0.4023	0.9785	2.148
1655	0.4091	0.9755	2.446
1656	0.4160	0.9729	2.713
1657	0.4165	0.9722	2.775
1658	0.4160	0.9727	2.729
1659	0.4146	0.9731	2.686
1660	0.4146	0.9731	2.695
1661	0.4110	0.9743	2.574
1662	0.4151	0.9730	2.699
1663	0.4153	0.9730	2.697
1664	0.4173	0.9717	2.827
1665	0.4031	0.9778	2.216
1666	0.4155	0.9722	2.782
1667	0.3992	0.9801	1.988
1668	0.4168	0.9721	2.790
1669	0.4151	0.9727	2.726
1670	0.4048	0.9774	2.256
1671	0.4086	0.9753	2.469
1672	0.4140	0.9735	2.652
1673	0.4157	0.9724	2.765
1674	0.4167	0.9722	2.783
1675	0.4166	0.9722	2.776
1676	0.4163	0.9724	2.764
1677	0.4182	0.9717	2.833
1678	0.4140	0.9735	2.647
1679	0.4142	0.9730	2.703
1680	0.4185	0.9711	2.888
1681	0.4114	0.9742	2.582
1682	0.4114	0.9746	2.540
1683	0.4085	0.9754	2.464
1684	0.4128	0.9738	2.625
1685	0.4157	0.9728	2.718
1686	0.4162	0.9726	2.743
1687	0.4102	0.9752	2.479
1688	0.4143	0.9734	2.661
1689	0.4009	0.9796	2.041
1690	0.4154	0.9729	2.709
1691	0.4160	0.9728	2.724
1692	0.4068	0.9765	2.353
1693	0.4152	0.9723	2.765
1694	0.4149	0.9730	2.700
1695	0.4132	0.9735	2.652
1696	0.4157	0.9727	2.729
1697	0.4069	0.9760	2.398
1698	0.4160	0.9726	2.737
1699	0.4159	0.9727	2.730
1700	0.4165	0.9724	2.763
1701	0.4035	0.9783	2.169
1702	0.4172	0.9723	2.767
1703	0.4172	0.9724	2.756
1704	0.4148	0.9730	2.700
1705	0.4137	0.9732	2.679
1706	0.4147	0.9733	2.667
1707	0.4131	0.9735	2.653
1708	0.4143	0.9732	2.679
1709	0.4142	0.9729	2.705
1710	0.4104	0.9749	2.515
1711	0.4135	0.9735	2.654
1712	0.4106	0.9752	2.479
1713	0.4098	0.9748	2.515
1714	0.4117	0.9748	2.517
1715	0.4147	0.9734	2.656
1716	0.4166	0.9724	2.761
1717	0.4139	0.9735	2.649
1718	0.4126	0.9739	2.608
1719	0.4149	0.9729	2.707
1720	0.4148	0.9728	2.725
1721	0.4167	0.9722	2.780
1722	0.4159	0.9725	2.747
1723	0.4135	0.9739	2.615
1724	0.4119	0.9745	2.547
1725	0.4097	0.9749	2.508
1726	0.4151	0.9729	2.710
1727	0.4162	0.9727	2.734
1728	0.4143	0.9729	2.715
1729	0.4158	0.9729	2.712
1730	0.4098	0.9749	2.510
1731	0.4174	0.9717	2.832
1732	0.4137	0.9732	2.678
1733	0.4155	0.9722	2.782
1734	0.4117	0.9740	2.597
1735	0.4151	0.9730	2.698
1736	0.4139	0.9735	2.647
1737	0.4148	0.9730	2.698
1738	0.4008	0.9794	2.056
1739	0.4160	0.9723	2.770
1740	0.4131	0.9735	2.653
1741	0.4010	0.9794	2.060
1742	0.4101	0.9752	2.479
1743	0.4085	0.9754	2.464
1744	0.4098	0.9749	2.515
1745	0.4151	0.9729	2.710
1746	0.4177	0.9718	2.822
1747	0.4166	0.9724	2.761
1748	0.4149	0.9733	2.675
1749	0.4148	0.9727	2.725
1750	0.4165	0.9722	2.776
1751	0.4172	0.9723	2.765
1752	0.4146	0.9732	2.684
1753	0.4126	0.9739	2.606
1754	0.4158	0.9729	2.712
1755	0.4123	0.9741	2.590
1756	0.4138	0.9734	2.658
1757	0.4145	0.9730	2.696
1758	0.4116	0.9746	2.539
1759	0.4161	0.9727	2.734
1760	0.4135	0.9738	2.616
1761	0.4048	0.9774	2.259
1762	0.4142	0.9732	2.677
1763	0.4069	0.9760	2.401
1764	0.4171	0.9724	2.756
1765	0.4119	0.9745	2.548
1766	0.4162	0.9726	2.742
1767	0.4164	0.9723	2.775
1768	0.3991	0.9801	1.988
1769	0.4130	0.9735	2.653
1770	0.4159	0.9729	2.715
1771	0.4159	0.9725	2.745
1772	0.4104	0.9747	2.529
1773	0.4147	0.9733	2.667
1774	0.4034	0.9783	2.168
1775	0.4146	0.9734	2.656
1776	0.4138	0.9732	2.684
1777	0.4174	0.9719	2.810
1778	0.4175	0.9718	2.823
1779	0.4103	0.9748	2.518
1780	0.4148	0.9730	2.701
1781	0.4147	0.9730	2.700
1782	0.4090	0.9755	2.446
1783	0.4109	0.9743	2.574
1784	0.4152	0.9730	2.698
1785	0.4098	0.9749	2.512
1786	0.4159	0.9727	2.731
1787	0.4141	0.9730	2.705
1788	0.4105	0.9752	2.479
1789	0.4166	0.9722	2.782
1790	0.4156	0.9727	2.728
1791	0.4127	0.9738	2.625
1792	0.4174	0.9717	2.831
1793	0.4167	0.9721	2.789
1794	0.4114	0.9742	2.581
1795	0.4116	0.9748	2.515
1796	0.4151	0.9723	2.767
1797	0.4113	0.9746	2.540
1798	0.4134	0.9735	2.651
1799	0.4096	0.9749	2.508
1800	0.4184	0.9711	2.886
1801	0.4156	0.9724	2.765
1802	0.4150	0.9727	2.726
1803	0.4166	0.9722	2.779
1804	0.4159	0.9728	2.722
1805	0.4031	0.9778	2.216
1806	0.4168	0.9722	2.776
1807	0.4181	0.9717	2.829
1808	0.4159	0.9726	2.743
1809	0.4143	0.9729	2.714
1810	0.4142	0.9734	2.660
1811	0.4009	0.9792	2.084
1812	0.4008	0.9796	2.041
1813	0.4145	0.9734	2.665
1814	0.4112	0.9746	2.537
1815	0.4139	0.9735	2.648
1816	0.4139	0.9735	2.652
1817	0.4164	0.9724	2.762
1818	0.4085	0.9753	2.469
1819	0.4123	0.9739	2.612
1820	0.4022	0.9785	2.149
1821	0.4168	0.9719	2.805
1822	0.4162	0.9724	2.764
1823	0.4153	0.9729	2.710
1824	0.4141	0.9730	2.703
1825	0.4067	0.9765	2.352
1826	0.4124	0.9739	2.612
1827	0.4159	0.9726	2.737
1828	0.4156	0.9728	2.718
1829	0.4100	0.9747	2.525
1830	0.4149	0.9729	2.706
1831	0.4172	0.9718	2.824
1832	0.4158	0.9727	2.730
1833	0.4165	0.9724	2.761
1834	0.4174	0.9717	2.832
1835	0.4151	0.9723	2.766
1836	0.4174	0.9719	2.810
1837	0.4159	0.9726	2.736
1838	0.4161	0.9727	2.734
1839	0.4139	0.9735	2.646
1840	0.4166	0.9722	2.779
1841	0.4156	0.9727	2.727
1842	0.4150	0.9727	2.726
1843	0.4150	0.9729	2.709
1844	0.4123	0.9739	2.611
1845	0.4158	0.9727	2.732
1846	0.4142	0.9734	2.657
1847	0.4171	0.9725	2.755
1848	0.4164	0.9723	2.775
1849	0.4007	0.9794	2.056
1850	0.4134	0.9735	2.649
1851	0.4152	0.9730	2.697
1852	0.4101	0.9752	2.480
1853	0.4138	0.9735	2.646
1854	0.4008	0.9796	2.041
1855	0.4010	0.9794	2.060
1856	0.4163	0.9724	2.761
1857	0.4113	0.9746	2.541
1858	0.4158	0.9727	2.726
1859	0.4172	0.9717	2.826
1860	0.4009	0.9792	2.084
1861	0.4030	0.9778	2.216
1862	0.4159	0.9726	2.743
1863	0.4147	0.9727	2.725
1864	0.4175	0.9718	2.821
1865	0.4096	0.9749	2.508
1866	0.4097	0.9749	2.509
1867	0.4034	0.9783	2.168
1868	0.4159	0.9723	2.773
1869	0.4148	0.9732	2.675
1870	0.4154	0.9722	2.782
1871	0.4150	0.9730	2.698
1872	0.4141	0.9732	2.677
1873	0.4021	0.9785	2.148
1874	0.4171	0.9723	2.769
1875	0.4130	0.9735	2.654
1876	0.4118	0.9745	2.546
1877	0.4161	0.9726	2.744
1878	0.4123	0.9739	2.614
1879	0.4168	0.9719	2.805
1880	0.4165	0.9722	2.782
1881	0.4134	0.9738	2.615
1882	0.4148	0.9730	2.702
1883	0.4137	0.9734	2.658
1884	0.4176	0.9718	2.821
1885	0.4180	0.9717	2.831
1886	0.4130	0.9735	2.653
1887	0.4162	0.9724	2.762
1888	0.4152	0.9729	2.711
1889	0.4137	0.9732	2.682
1890	0.4105	0.9752	2.481
1891	0.4158	0.9728	2.721
1892	0.4108	0.9743	2.574
1893	0.4167	0.9722	2.776
1894	0.4145	0.9732	2.684
1895	0.4103	0.9747	2.531
1896	0.4136	0.9732	2.677
1897	0.4142	0.9729	2.714
1898	0.4113	0.9742	2.582
1899	0.4158	0.9729	2.713
1900	0.4184	0.9711	2.888
1901	0.4115	0.9749	2.515
1902	0.4138	0.9735	2.651
1903	0.4144	0.9731	2.695
1904	0.4066	0.9765	2.353
1905	0.4116	0.9740	2.598
1906	0.4084	0.9753	2.468
1907	0.4146	0.9733	2.668
1908	0.4046	0.9774	2.256
1909	0.4126	0.9738	2.625
1910	0.4164	0.9723	2.775
1911	0.4140	0.9729	2.706
1912	0.4155	0.9723	2.765
1913	0.4084	0.9754	2.464
1914	0.4145	0.9734	2.655
1915	0.4102	0.9748	2.516
1916	0.4122	0.9741	2.589
1917	0.4166	0.9721	2.790
1918	0.4146	0.9730	2.700
1919	0.4148	0.9729	2.707
1920	0.4068	0.9760	2.399
1921	0.4157	0.9729	2.714
1922	0.4147	0.9730	2.699
1923	0.4089	0.9756	2.445
1924	0.4156	0.9728	2.719
1925	0.4157	0.9725	2.748
1926	0.4099	0.9747	2.525
1927	0.4140	0.9730	2.703
1928	0.4111	0.9746	2.538
1929	0.3990	0.9801	1.987
1930	0.4097	0.9749	2.515
1931	0.4144	0.9733	2.666
1932	0.4124	0.9739	2.607
1933	0.4115	0.9746	2.539
1934	0.4009	0.9794	2.061
1935	0.4096	0.9749	2.511
1936	0.4159	0.9723	2.773
1937	0.3990	0.9801	1.987
1938	0.4140	0.9730	2.704
1939	0.4150	0.9723	2.765
1940	0.4149	0.9730	2.701
1941	0.4133	0.9735	2.653
1942	0.4176	0.9717	2.825
1943	0.4146	0.9730	2.701
1944	0.4146	0.9728	2.724
1945	0.4113	0.9742	2.583
1946	0.4140	0.9729	2.705
1947	0.4138	0.9735	2.648
1948	0.4158	0.9729	2.712
1949	0.4115	0.9748	2.516
1950	0.4152	0.9729	2.710
1951	0.4174	0.9717	2.825
1952	0.4136	0.9734	2.659
1953	0.4170	0.9723	2.768
1954	0.4007	0.9796	2.041
1955	0.4142	0.9728	2.716
1956	0.4164	0.9724	2.761
1957	0.4112	0.9746	2.541
1958	0.4145	0.9735	2.655
1959	0.4095	0.9749	2.507
1960	0.4141	0.9734	2.659
1961	0.4102	0.9749	2.515
1962	0.4099	0.9747	2.526
1963	0.4165	0.9721	2.785
1964	0.4134	0.9739	2.615
1965	0.4006	0.9794	2.059
1966	0.4130	0.9735	2.652
1967	0.4160	0.9725	2.746
1968	0.4108	0.9743	2.572
1969	0.4029	0.9778	2.216
1970	0.4144	0.9731	2.686
1971	0.4167	0.9723	2.775
1972	0.4160	0.9726	2.738
1973	0.4126	0.9738	2.624
1974	0.4170	0.9724	2.757
1975	0.4124	0.9739	2.609
1976	0.4143	0.9733	2.669
1977	0.4137	0.9732	2.684
1978	0.4161	0.9723	2.765
1979	0.4146	0.9730	2.699
1980	0.4157	0.9727	2.731
1981	0.4089	0.9755	2.445
1982	0.4096	0.9748	2.515
1983	0.4173	0.9717	2.833
1984	0.4104	0.9752	2.480
1985	0.4033	0.9783	2.169
1986	0.4115	0.9740	2.596
1987	0.4123	0.9739	2.612
1988	0.4155	0.9727	2.729
1989	0.4111	0.9746	2.537
1990	0.4157	0.9725	2.747
1991	0.4067	0.9760	2.398
1992	0.4163	0.9724	2.762
1993	0.4114	0.9746	2.539
1994	0.4083	0.9754	2.462
1995	0.4158	0.9728	2.722
1996	0.4153	0.9722	2.785
1997	0.4149	0.9729	2.709
1998	0.4083	0.9753	2.468
1999	0.4179	0.9716	2.835
