0	0.5074	0.9712	2.885
1	0.5061	0.9723	2.769
2	0.4909	0.9789	2.107
3	0.5010	0.9744	2.559
4	0.4938	0.9780	2.200
5	0.5074	0.9714	2.855
6	0.4973	0.9754	2.463
7	0.5080	0.9708	2.924
8	0.5074	0.9712	2.884
9	0.5048	0.9722	2.781
10	0.5053	0.9722	2.776
11	0.5018	0.9739	2.610
12	0.5053	0.9722	2.780
13	0.5014	0.9736	2.643
14	0.5054	0.9721	2.791
15	0.5004	0.9742	2.583
16	0.5051	0.9726	2.742
17	0.5027	0.9736	2.642
18	0.5051	0.9723	2.774
19	0.5071	0.9714	2.857
20	0.5010	0.9739	2.609
21	0.5039	0.9728	2.717
22	0.5068	0.9717	2.833
23	0.5082	0.9709	2.911
24	0.4909	0.9786	2.139
25	0.5081	0.9714	2.855
26	0.5090	0.9706	2.942
27	0.5052	0.9722	2.780
28	0.5067	0.9717	2.827
29	0.4910	0.9787	2.134
30	0.4908	0.9790	2.096
31	0.5059	0.9717	2.835
32	0.5046	0.9722	2.777
33	0.5019	0.9740	2.604
34	0.5023	0.9736	2.636
35	0.5053	0.9721	2.789
36	0.5020	0.9739	2.607
37	0.5039	0.9728	2.717
38	0.5047	0.9722	2.781
39	0.5009	0.9744	2.559
40	0.5063	0.9718	2.824
41	0.5043	0.9725	2.754
42	0.5053	0.9722	2.784
43	0.5059	0.9722	2.777
44	0.4923	0.9781	2.193
45	0.5067	0.9717	2.828
46	0.5067	0.9715	2.848
47	0.5019	0.9734	2.659
48	0.5043	0.9726	2.739
49	0.5059	0.9717	2.832
50	0.5079	0.9709	2.914
51	0.5043	0.9727	2.726
52	0.5059	0.9723	2.768
53	0.4908	0.9791	2.095
54	0.5000	0.9742	2.576
55	0.5052	0.9721	2.790
56	0.4890	0.9795	2.049
57	0.5066	0.9717	2.830
58	0.4907	0.9789	2.106
59	0.5004	0.9744	2.556
60	0.5041	0.9724	2.756
61	0.5028	0.9733	2.672
62	0.4909	0.9786	2.135
63	0.5047	0.9723	2.771
64	0.5052	0.9724	2.761
65	0.5051	0.9722	2.775
66	0.5043	0.9725	2.748
67	0.5058	0.9719	2.806
68	0.5026	0.9736	2.640
69	0.5030	0.9732	2.684
70	0.4931	0.9773	2.274
71	0.5004	0.9738	2.616
72	0.5018	0.9740	2.605
73	0.5071	0.9715	2.851
74	0.5065	0.9718	2.818
75	0.5088	0.9706	2.941
76	0.5002	0.9742	2.584
77	0.5072	0.9714	2.857
78	0.5028	0.9733	2.667
79	0.5058	0.9718	2.817
80	0.5008	0.9739	2.610
81	0.4986	0.9749	2.514
82	0.4998	0.9742	2.576
83	0.5062	0.9715	2.851
84	0.5069	0.9714	2.858
85	0.5034	0.9728	2.721
86	0.4991	0.9750	2.503
87	0.4967	0.9758	2.419
88	0.4933	0.9780	2.202
89	0.5072	0.9711	2.893
90	0.5055	0.9717	2.829
91	0.5052	0.9724	2.757
92	0.5015	0.9738	2.616
93	0.4907	0.9786	2.141
94	0.4986	0.9748	2.519
95	0.5051	0.9723	2.768
96	0.5068	0.9714	2.857
97	0.5061	0.9721	2.787
98	0.5044	0.9728	2.723
99	0.4970	0.9754	2.462
100	0.5058	0.9725	2.747
101	0.5049	0.9722	2.777
102	0.5059	0.9723	2.772
103	0.5062	0.9714	2.857
104	0.5048	0.9726	2.736
105	0.5041	0.9728	2.722
106	0.4947	0.9769	2.311
107	0.5070	0.9711	2.888
108	0.5077	0.9711	2.888
109	0.5050	0.9724	2.765
110	0.5048	0.9723	2.773
111	0.5020	0.9737	2.631
112	0.5084	0.9707	2.933
113	0.5042	0.9727	2.728
114	0.5042	0.9722	2.781
115	0.5051	0.9723	2.774
116	0.5059	0.9720	2.795
117	0.5061	0.9718	2.819
118	0.5077	0.9714	2.860
119	0.5004	0.9742	2.583
120	0.5078	0.9709	2.910
121	0.5015	0.9736	2.641
122	0.5047	0.9725	2.753
123	0.5054	0.9725	2.753
124	0.5067	0.9717	2.828
125	0.5032	0.9729	2.711
126	0.5036	0.9730	2.698
127	0.5063	0.9718	2.824
128	0.5010	0.9736	2.642
129	0.5042	0.9723	2.774
130	0.5014	0.9739	2.608
131	0.5072	0.9718	2.825
132	0.5049	0.9722	2.780
133	0.5023	0.9732	2.683
134	0.5060	0.9720	2.800
135	0.5076	0.9708	2.918
136	0.5071	0.9717	2.826
137	0.4990	0.9750	2.500
138	0.5047	0.9727	2.733
139	0.5042	0.9723	2.771
140	0.5060	0.9715	2.849
141	0.5056	0.9719	2.811
142	0.5048	0.9723	2.765
143	0.4946	0.9769	2.311
144	0.5056	0.9725	2.749
145	0.5055	0.9723	2.774
146	0.4919	0.9781	2.192
147	0.5070	0.9717	2.825
148	0.5046	0.9725	2.752
149	0.4985	0.9747	2.525
150	0.5041	0.9722	2.776
151	0.5076	0.9714	2.859
152	0.5049	0.9721	2.790
153	0.5015	0.9739	2.605
154	0.5034	0.9728	2.716
155	0.5037	0.9725	2.754
156	0.5075	0.9711	2.887
157	0.5055	0.9719	2.806
158	0.5035	0.9730	2.699
159	0.5018	0.9737	2.629
160	0.5041	0.9727	2.730
161	0.5052	0.9725	2.753
162	0.5043	0.9722	2.782
163	0.5024	0.9733	2.671
164	0.5085	0.9706	2.938
165	0.5059	0.9720	2.802
166	0.5043	0.9723	2.771
167	0.5057	0.9720	2.797
168	0.5048	0.9723	2.774
169	0.4996	0.9742	2.578
170	0.5041	0.9728	2.715
171	0.4968	0.9754	2.464
172	0.5015	0.9734	2.660
173	0.5003	0.9742	2.581
174	0.5012	0.9740	2.601
175	0.5065	0.9716	2.842
176	0.5040	0.9726	2.743
177	0.5022	0.9736	2.644
178	0.5013	0.9736	2.641
179	0.5001	0.9745	2.554
180	0.4932	0.9780	2.200
181	0.5059	0.9718	2.819
182	0.5074	0.9708	2.919
183	0.5047	0.9722	2.778
184	0.5025	0.9734	2.664
185	0.5030	0.9728	2.716
186	0.5062	0.9717	2.826
187	0.5021	0.9731	2.686
188	0.5056	0.9723	2.772
189	0.4964	0.9758	2.421
190	0.5059	0.9714	2.857
191	0.5081	0.9707	2.932
192	0.4994	0.9743	2.573
193	0.5004	0.9739	2.609
194	0.5011	0.9739	2.607
195	0.5062	0.9717	2.829
196	0.5057	0.9722	2.785
197	0.5067	0.9711	2.886
198	0.5038	0.9728	2.724
199	0.5037	0.9727	2.726
200	0.5053	0.9717	2.832
201	0.5062	0.9715	2.846
202	0.5054	0.9723	2.769
203	0.5074	0.9708	2.919
204	0.5038	0.9727	2.735
205	0.5048	0.9725	2.752
206	0.5025	0.9732	2.681
207	0.5003	0.9745	2.554
208	0.5061	0.9718	2.824
209	0.4903	0.9791	2.092
210	0.4982	0.9748	2.519
211	0.4999	0.9738	2.616
212	0.5051	0.9718	2.825
213	0.5064	0.9714	2.855
214	0.5067	0.9712	2.882
215	0.5037	0.9725	2.752
216	0.5028	0.9729	2.712
217	0.5064	0.9717	2.828
218	0.4884	0.9795	2.050
219	0.5014	0.9739	2.606
220	0.5060	0.9718	2.818
221	0.4926	0.9773	2.274
222	0.5047	0.9723	2.774
223	0.4901	0.9790	2.104
224	0.4997	0.9742	2.584
225	0.4903	0.9786	2.139
226	0.4902	0.9786	2.140
227	0.5046	0.9722	2.781
228	0.5067	0.9714	2.862
229	0.5046	0.9723	2.765
230	0.5069	0.9717	2.825
231	0.5006	0.9735	2.646
232	0.5065	0.9715	2.852
233	0.5044	0.9722	2.776
234	0.5057	0.9717	2.828
235	0.5046	0.9721	2.790
236	0.5074	0.9709	2.913
237	0.5046	0.9724	2.761
238	0.5010	0.9739	2.607
239	0.5043	0.9722	2.775
240	0.4993	0.9742	2.575
241	0.4986	0.9750	2.500
242	0.5020	0.9736	2.642
243	0.5045	0.9723	2.774
244	0.5003	0.9739	2.607
245	0.5063	0.9715	2.848
246	0.5067	0.9717	2.828
247	0.5056	0.9718	2.819
248	0.5021	0.9733	2.673
249	0.5059	0.9718	2.823
250	0.5052	0.9723	2.773
251	0.5031	0.9729	2.710
252	0.5064	0.9715	2.850
253	0.5040	0.9723	2.771
254	0.4916	0.9781	2.192
255	0.5072	0.9709	2.912
256	0.4903	0.9787	2.133
257	0.5046	0.9724	2.755
258	0.4902	0.9786	2.141
259	0.5040	0.9722	2.781
260	0.5052	0.9719	2.813
261	0.4942	0.9769	2.309
262	0.5044	0.9722	2.779
263	0.4980	0.9748	2.517
264	0.5067	0.9718	2.824
265	0.5044	0.9723	2.765
266	0.5059	0.9718	2.816
267	0.5012	0.9734	2.660
268	0.5056	0.9715	2.848
269	0.4981	0.9748	2.524
270	0.5081	0.9706	2.940
271	0.5062	0.9715	2.854
272	0.5056	0.9718	2.819
273	0.4997	0.9738	2.615
274	0.5052	0.9725	2.747
275	0.5062	0.9717	2.829
276	0.5048	0.9718	2.825
277	0.5059	0.9715	2.847
278	0.5056	0.9714	2.857
279	0.4995	0.9742	2.582
280	0.4997	0.9745	2.553
281	0.5033	0.9725	2.755
282	0.5078	0.9707	2.932
283	0.5037	0.9722	2.778
284	0.5059	0.9717	2.827
285	0.5064	0.9714	2.859
286	0.5071	0.9711	2.885
287	0.5044	0.9725	2.754
288	0.4992	0.9742	2.576
289	0.5051	0.9723	2.768
290	0.5027	0.9729	2.713
291	0.5044	0.9722	2.778
292	0.5042	0.9725	2.749
293	0.5058	0.9717	2.827
294	0.5036	0.9727	2.726
295	0.5070	0.9708	2.917
296	0.5035	0.9726	2.743
297	0.5053	0.9721	2.787
298	0.4900	0.9791	2.094
299	0.4882	0.9795	2.049
300	0.5017	0.9731	2.685
301	0.5072	0.9709	2.910
302	0.5026	0.9729	2.712
303	0.5011	0.9739	2.605
304	0.5034	0.9725	2.753
305	0.5044	0.9724	2.763
306	0.5050	0.9719	2.805
307	0.5044	0.9721	2.790
308	0.5064	0.9712	2.884
309	0.5052	0.9723	2.772
310	0.5030	0.9730	2.699
311	0.5034	0.9727	2.726
312	0.5013	0.9737	2.629
313	0.5036	0.9723	2.770
314	0.5004	0.9736	2.640
315	0.5052	0.9720	2.797
316	0.5009	0.9736	2.640
317	0.5054	0.9720	2.798
318	0.5042	0.9722	2.778
319	0.5047	0.9725	2.753
320	0.4898	0.9789	2.106
321	0.5021	0.9732	2.683
322	0.5033	0.9728	2.722
323	0.4923	0.9773	2.273
324	0.4926	0.9780	2.199
325	0.5020	0.9733	2.665
326	0.5071	0.9714	2.857
327	0.5009	0.9740	2.604
328	0.5063	0.9711	2.889
329	0.5044	0.9722	2.778
330	0.5049	0.9717	2.831
331	0.5007	0.9739	2.613
332	0.5036	0.9728	2.721
333	0.5033	0.9726	2.743
334	0.4962	0.9754	2.462
335	0.4959	0.9758	2.419
336	0.5040	0.9726	2.741
337	0.4999	0.9744	2.556
338	0.4997	0.9741	2.588
339	0.5028	0.9728	2.717
340	0.4993	0.9742	2.583
341	0.5008	0.9735	2.646
342	0.5057	0.9716	2.838
343	0.5007	0.9739	2.611
344	0.5035	0.9723	2.773
345	0.5043	0.9725	2.755
346	0.5034	0.9727	2.726
347	0.4995	0.9745	2.555
348	0.5036	0.9728	2.721
349	0.4998	0.9744	2.557
350	0.5053	0.9718	2.821
351	0.5048	0.9717	2.831
352	0.5009	0.9734	2.660
353	0.4925	0.9780	2.199
354	0.5049	0.9718	2.818
355	0.5068	0.9708	2.917
356	0.4977	0.9749	2.515
357	0.4990	0.9742	2.581
358	0.4994	0.9739	2.612
359	0.5049	0.9725	2.747
360	0.5040	0.9726	2.741
361	0.4999	0.9739	2.609
362	0.5059	0.9714	2.859
363	0.4921	0.9773	2.272
364	0.5063	0.9717	2.831
365	0.5002	0.9736	2.644
366	0.5028	0.9729	2.708
367	0.5030	0.9724	2.755
368	0.5017	0.9733	2.671
369	0.5055	0.9717	2.826
370	0.4982	0.9750	2.501
371	0.5053	0.9714	2.855
372	0.4879	0.9795	2.048
373	0.5047	0.9719	2.806
374	0.5051	0.9721	2.787
375	0.4898	0.9786	2.136
376	0.5023	0.9729	2.712
377	0.5039	0.9723	2.774
378	0.5035	0.9722	2.779
379	0.5031	0.9728	2.719
380	0.5056	0.9715	2.854
381	0.5052	0.9720	2.800
382	0.5050	0.9720	2.797
383	0.5050	0.9723	2.772
384	0.5061	0.9715	2.854
385	0.5033	0.9722	2.778
386	0.5060	0.9715	2.849
387	0.4911	0.9781	2.190
388	0.5005	0.9739	2.609
389	0.4895	0.9790	2.104
390	0.5068	0.9714	2.856
391	0.5047	0.9722	2.775
392	0.5077	0.9706	2.941
393	0.4897	0.9786	2.138
394	0.4937	0.9769	2.309
395	0.4995	0.9741	2.587
396	0.5041	0.9721	2.791
397	0.5040	0.9724	2.764
398	0.5040	0.9722	2.777
399	0.5030	0.9725	2.753
400	0.5040	0.9724	2.762
401	0.5054	0.9718	2.817
402	0.5074	0.9707	2.931
403	0.5057	0.9717	2.831
404	0.4987	0.9743	2.573
405	0.5035	0.9723	2.770
406	0.5057	0.9715	2.851
407	0.5055	0.9717	2.830
408	0.5047	0.9723	2.773
409	0.5018	0.9732	2.682
410	0.5044	0.9717	2.826
411	0.4957	0.9758	2.420
412	0.5040	0.9721	2.786
413	0.5061	0.9712	2.883
414	0.4976	0.9748	2.522
415	0.5041	0.9722	2.776
416	0.5060	0.9711	2.886
417	0.5006	0.9740	2.603
418	0.5062	0.9718	2.822
419	0.5017	0.9734	2.665
420	0.5051	0.9718	2.817
421	0.5044	0.9725	2.755
422	0.5022	0.9728	2.715
423	0.5007	0.9740	2.604
424	0.5066	0.9711	2.887
425	0.5068	0.9709	2.908
426	0.5031	0.9726	2.744
427	0.5066	0.9708	2.917
428	0.5013	0.9732	2.683
429	0.5039	0.9722	2.780
430	0.5037	0.9725	2.752
431	0.5040	0.9725	2.752
432	0.5013	0.9736	2.644
433	0.4959	0.9754	2.463
434	0.5050	0.9715	2.848
435	0.5038	0.9722	2.776
436	0.5030	0.9726	2.738
437	0.5009	0.9737	2.630
438	0.5030	0.9727	2.725
439	0.4895	0.9791	2.094
440	0.5003	0.9740	2.600
441	0.5065	0.9708	2.917
442	0.5046	0.9719	2.813
443	0.5000	0.9736	2.642
444	0.5003	0.9740	2.604
445	0.5008	0.9737	2.629
446	0.5038	0.9723	2.773
447	0.5053	0.9717	2.825
448	0.5043	0.9725	2.753
449	0.4996	0.9740	2.600
450	0.5031	0.9723	2.773
451	0.5060	0.9718	2.823
452	0.4987	0.9742	2.578
453	0.5067	0.9709	2.907
454	0.4894	0.9789	2.106
455	0.5050	0.9718	2.818
456	0.5014	0.9733	2.672
457	0.5052	0.9718	2.822
458	0.4986	0.9743	2.574
459	0.5052	0.9718	2.815
460	0.5004	0.9740	2.604
461	0.5044	0.9723	2.774
462	0.5027	0.9724	2.756
463	0.5036	0.9723	2.770
464	0.5056	0.9717	2.827
465	0.5038	0.9721	2.787
466	0.5065	0.9714	2.857
467	0.5038	0.9724	2.763
468	0.4974	0.9748	2.525
469	0.5024	0.9728	2.715
470	0.5044	0.9720	2.805
471	0.5037	0.9722	2.780
472	0.5071	0.9707	2.932
473	0.5058	0.9714	2.856
474	0.4973	0.9748	2.516
475	0.5048	0.9722	2.784
476	0.5005	0.9740	2.605
477	0.4935	0.9769	2.310
478	0.4917	0.9773	2.270
479	0.5032	0.9722	2.780
480	0.5045	0.9723	2.774
481	0.5035	0.9726	2.739
482	0.5037	0.9722	2.779
483	0.4894	0.9786	2.137
484	0.5003	0.9736	2.643
485	0.5048	0.9718	2.822
486	0.5058	0.9712	2.885
487	0.4907	0.9781	2.190
488	0.5045	0.9725	2.747
489	0.5057	0.9711	2.886
490	0.5060	0.9718	2.822
491	0.5047	0.9720	2.796
492	0.4895	0.9787	2.132
493	0.5004	0.9734	2.661
494	0.5028	0.9726	2.743
495	0.4994	0.9744	2.556
496	0.4921	0.9780	2.199
497	0.5046	0.9723	2.773
498	0.5037	0.9721	2.785
499	0.5015	0.9732	2.682
500	0.5030	0.9723	2.774
501	0.5027	0.9724	2.756
502	0.5028	0.9725	2.747
503	0.5019	0.9729	2.712
504	0.5037	0.9724	2.759
505	0.4953	0.9758	2.419
506	0.5038	0.9725	2.755
507	0.5027	0.9728	2.720
508	0.5011	0.9736	2.643
509	0.4989	0.9745	2.553
510	0.5030	0.9728	2.721
511	0.4892	0.9791	2.094
512	0.5043	0.9717	2.829
513	0.5034	0.9725	2.753
514	0.5019	0.9728	2.721
515	0.5036	0.9723	2.767
516	0.5037	0.9722	2.777
517	0.5055	0.9715	2.851
518	0.5010	0.9731	2.685
519	0.5063	0.9711	2.885
520	0.5027	0.9727	2.725
521	0.5063	0.9708	2.919
522	0.5053	0.9715	2.845
523	0.5047	0.9715	2.848
524	0.4874	0.9795	2.049
525	0.4976	0.9750	2.499
526	0.5050	0.9717	2.827
527	0.5048	0.9714	2.855
528	0.4988	0.9739	2.612
529	0.5053	0.9714	2.855
530	0.5072	0.9706	2.940
531	0.5031	0.9723	2.774
532	0.5051	0.9716	2.844
533	0.4987	0.9742	2.583
534	0.4955	0.9754	2.462
535	0.5047	0.9720	2.797
536	0.5040	0.9718	2.824
537	0.5022	0.9730	2.698
538	0.5013	0.9734	2.665
539	0.4990	0.9742	2.582
540	0.5028	0.9727	2.726
541	0.4992	0.9744	2.556
542	0.5005	0.9737	2.627
543	0.5050	0.9717	2.825
544	0.5062	0.9712	2.885
545	0.5035	0.9722	2.777
546	0.5041	0.9720	2.801
547	0.5018	0.9729	2.712
548	0.5017	0.9729	2.712
549	0.5053	0.9717	2.827
550	0.5028	0.9723	2.773
551	0.4919	0.9780	2.199
552	0.4891	0.9791	2.095
553	0.5021	0.9728	2.717
554	0.5035	0.9722	2.783
555	0.5047	0.9714	2.857
556	0.5034	0.9722	2.775
557	0.5058	0.9718	2.821
558	0.5009	0.9731	2.688
559	0.5044	0.9723	2.771
560	0.5044	0.9720	2.798
561	0.4987	0.9745	2.554
562	0.5050	0.9715	2.848
563	0.5036	0.9725	2.754
564	0.5052	0.9715	2.853
565	0.5042	0.9725	2.747
566	0.5035	0.9722	2.775
567	0.5049	0.9718	2.822
568	0.4992	0.9739	2.608
569	0.5025	0.9726	2.739
570	0.4985	0.9742	2.581
571	0.5012	0.9734	2.663
572	0.4989	0.9741	2.586
573	0.5034	0.9723	2.773
574	0.5046	0.9720	2.796
575	0.5032	0.9727	2.733
576	0.5048	0.9719	2.815
577	0.5041	0.9723	2.771
578	0.4999	0.9740	2.601
579	0.4998	0.9740	2.597
580	0.4954	0.9754	2.463
581	0.4914	0.9773	2.271
582	0.4970	0.9748	2.525
583	0.5041	0.9723	2.773
584	0.4891	0.9786	2.139
585	0.5001	0.9740	2.605
586	0.5053	0.9715	2.849
587	0.4974	0.9750	2.500
588	0.5026	0.9727	2.727
589	0.4995	0.9736	2.640
590	0.5008	0.9736	2.640
591	0.5029	0.9723	2.771
592	0.5060	0.9708	2.917
593	0.5000	0.9740	2.601
594	0.5024	0.9725	2.752
595	0.5044	0.9722	2.783
596	0.5033	0.9723	2.765
597	0.5027	0.9729	2.715
598	0.5040	0.9717	2.831
599	0.5000	0.9734	2.660
600	0.4904	0.9781	2.192
601	0.5070	0.9706	2.941
602	0.4891	0.9787	2.131
603	0.4950	0.9758	2.419
604	0.4986	0.9739	2.612
605	0.5054	0.9714	2.859
606	0.5025	0.9725	2.746
607	0.5034	0.9721	2.788
608	0.5044	0.9715	2.848
609	0.5038	0.9724	2.761
610	0.5026	0.9722	2.778
611	0.5044	0.9718	2.822
612	0.5022	0.9725	2.755
613	0.5020	0.9730	2.700
614	0.5050	0.9715	2.847
615	0.5055	0.9717	2.825
616	0.5037	0.9718	2.821
617	0.5044	0.9718	2.817
618	0.4981	0.9743	2.574
619	0.5024	0.9727	2.726
620	0.4871	0.9795	2.049
621	0.5053	0.9711	2.887
622	0.5011	0.9732	2.682
623	0.5033	0.9724	2.761
624	0.5040	0.9719	2.814
625	0.5066	0.9707	2.930
626	0.5060	0.9714	2.859
627	0.5030	0.9723	2.774
628	0.5030	0.9725	2.752
629	0.5061	0.9709	2.909
630	0.5033	0.9725	2.752
631	0.5027	0.9722	2.782
632	0.5047	0.9717	2.825
633	0.5059	0.9708	2.916
634	0.4968	0.9749	2.515
635	0.4929	0.9769	2.307
636	0.5008	0.9733	2.672
637	0.4998	0.9736	2.641
638	0.5053	0.9712	2.882
639	0.5023	0.9728	2.720
640	0.4887	0.9790	2.103
641	0.4979	0.9743	2.574
642	0.5055	0.9718	2.820
643	0.4989	0.9739	2.608
644	0.5025	0.9723	2.774
645	0.5008	0.9733	2.672
646	0.5053	0.9711	2.887
647	0.5044	0.9714	2.856
648	0.4887	0.9790	2.103
649	0.4996	0.9739	2.610
650	0.5039	0.9718	2.817
651	0.5006	0.9736	2.641
652	0.4915	0.9780	2.199
653	0.5002	0.9737	2.633
654	0.5049	0.9717	2.832
655	0.5038	0.9720	2.803
656	0.5039	0.9722	2.777
657	0.5046	0.9716	2.838
658	0.5046	0.9718	2.818
659	0.4951	0.9754	2.458
660	0.5038	0.9717	2.830
661	0.5032	0.9722	2.777
662	0.4998	0.9740	2.602
663	0.4869	0.9795	2.047
664	0.5018	0.9730	2.705
665	0.4988	0.9744	2.556
666	0.4928	0.9769	2.309
667	0.4978	0.9743	2.574
668	0.4971	0.9750	2.500
669	0.5068	0.9706	2.941
670	0.5022	0.9727	2.726
671	0.5031	0.9722	2.781
672	0.5043	0.9718	2.820
673	0.5017	0.9728	2.715
674	0.4991	0.9736	2.643
675	0.5023	0.9728	2.722
676	0.5005	0.9731	2.687
677	0.5065	0.9707	2.930
678	0.5040	0.9723	2.772
679	0.4983	0.9739	2.612
680	0.5009	0.9731	2.686
681	0.4886	0.9790	2.096
682	0.5023	0.9722	2.778
683	0.5058	0.9711	2.888
684	0.5053	0.9717	2.831
685	0.5040	0.9720	2.799
686	0.5058	0.9714	2.857
687	0.5057	0.9708	2.919
688	0.5045	0.9715	2.848
689	0.5050	0.9711	2.887
690	0.5025	0.9722	2.780
691	0.4985	0.9741	2.586
692	0.5028	0.9723	2.771
693	0.5021	0.9726	2.743
694	0.5031	0.9724	2.756
695	0.5041	0.9718	2.822
696	0.5059	0.9709	2.909
697	0.5028	0.9727	2.732
698	0.4983	0.9745	2.552
699	0.5036	0.9723	2.773
700	0.5020	0.9725	2.752
701	0.5037	0.9725	2.746
702	0.4996	0.9736	2.638
703	0.5025	0.9723	2.771
704	0.4997	0.9740	2.603
705	0.5029	0.9722	2.777
706	0.4966	0.9748	2.524
707	0.4900	0.9781	2.191
708	0.5007	0.9734	2.664
709	0.5021	0.9726	2.743
710	0.4887	0.9787	2.135
711	0.4965	0.9749	2.511
712	0.5050	0.9714	2.859
713	0.5041	0.9715	2.847
714	0.4978	0.9741	2.585
715	0.5020	0.9728	2.717
716	0.5034	0.9724	2.762
717	0.4980	0.9742	2.584
718	0.5029	0.9724	2.761
719	0.4997	0.9734	2.658
720	0.4994	0.9739	2.611
721	0.5027	0.9725	2.753
722	0.5044	0.9717	2.826
723	0.5030	0.9721	2.786
724	0.5030	0.9725	2.755
725	0.5030	0.9721	2.790
726	0.4886	0.9786	2.137
727	0.5039	0.9722	2.784
728	0.5040	0.9721	2.795
729	0.5056	0.9708	2.919
730	0.5029	0.9724	2.762
731	0.5012	0.9728	2.716
732	0.4946	0.9758	2.419
733	0.5028	0.9723	2.774
734	0.5018	0.9725	2.754
735	0.5047	0.9714	2.856
736	0.5043	0.9718	2.824
737	0.5046	0.9715	2.847
738	0.4909	0.9773	2.270
739	0.5048	0.9715	2.848
740	0.5033	0.9718	2.821
741	0.5011	0.9729	2.708
742	0.5022	0.9728	2.715
743	0.5036	0.9723	2.771
744	0.5019	0.9727	2.725
745	0.5015	0.9730	2.696
746	0.5023	0.9723	2.768
747	0.4995	0.9734	2.658
748	0.5035	0.9720	2.801
749	0.5021	0.9727	2.726
750	0.4977	0.9742	2.576
751	0.4989	0.9736	2.641
752	0.4886	0.9787	2.132
753	0.5040	0.9714	2.855
754	0.5048	0.9712	2.884
755	0.5046	0.9717	2.827
756	0.4979	0.9742	2.582
757	0.5017	0.9725	2.755
758	0.5029	0.9724	2.760
759	0.4980	0.9739	2.612
760	0.5039	0.9720	2.797
761	0.4908	0.9773	2.271
762	0.5033	0.9724	2.761
763	0.5026	0.9726	2.739
764	0.5048	0.9714	2.855
765	0.4883	0.9790	2.103
766	0.5014	0.9729	2.715
767	0.4884	0.9786	2.137
768	0.4985	0.9744	2.556
769	0.5028	0.9724	2.761
770	0.5021	0.9722	2.776
771	0.5042	0.9717	2.832
772	0.5045	0.9714	2.858
773	0.5042	0.9718	2.819
774	0.4995	0.9740	2.603
775	0.5029	0.9725	2.755
776	0.5019	0.9726	2.744
777	0.5054	0.9708	2.918
778	0.5037	0.9722	2.784
779	0.4980	0.9745	2.551
780	0.5054	0.9708	2.918
781	0.5028	0.9722	2.782
782	0.5004	0.9733	2.665
783	0.5028	0.9722	2.776
784	0.5048	0.9712	2.882
785	0.4993	0.9736	2.638
786	0.5020	0.9722	2.777
787	0.5025	0.9723	2.771
788	0.5035	0.9726	2.745
789	0.5034	0.9717	2.830
790	0.5027	0.9724	2.763
791	0.5055	0.9709	2.907
792	0.4974	0.9742	2.577
793	0.5044	0.9715	2.846
794	0.5009	0.9729	2.713
795	0.5005	0.9732	2.682
796	0.4991	0.9740	2.600
797	0.4944	0.9758	2.419
798	0.4963	0.9748	2.523
799	0.5049	0.9717	2.829
800	0.5021	0.9722	2.781
801	0.4984	0.9739	2.608
802	0.5041	0.9717	2.833
803	0.5054	0.9714	2.857
804	0.4946	0.9754	2.460
805	0.5026	0.9722	2.779
806	0.4993	0.9740	2.602
807	0.5000	0.9731	2.685
808	0.5063	0.9706	2.938
809	0.4981	0.9741	2.585
810	0.4967	0.9750	2.499
811	0.5008	0.9729	2.712
812	0.4991	0.9739	2.611
813	0.5060	0.9707	2.929
814	0.5035	0.9723	2.769
815	0.5033	0.9719	2.811
816	0.5030	0.9718	2.821
817	0.5000	0.9736	2.643
818	0.5038	0.9718	2.816
819	0.4910	0.9780	2.199
820	0.4923	0.9769	2.308
821	0.5026	0.9722	2.777
822	0.4864	0.9795	2.048
823	0.5048	0.9718	2.818
824	0.5016	0.9725	2.754
825	0.5037	0.9715	2.847
826	0.5025	0.9722	2.781
827	0.5020	0.9728	2.717
828	0.5032	0.9723	2.771
829	0.5036	0.9718	2.820
830	0.4995	0.9737	2.626
831	0.5040	0.9716	2.843
832	0.5023	0.9725	2.750
833	0.5001	0.9733	2.671
834	0.4896	0.9781	2.191
835	0.4882	0.9791	2.092
836	0.5026	0.9721	2.787
837	0.5035	0.9720	2.798
838	0.4961	0.9749	2.514
839	0.5016	0.9728	2.721
840	0.5040	0.9717	2.827
841	0.5044	0.9715	2.847
842	0.5016	0.9726	2.738
843	0.5052	0.9712	2.885
844	0.5044	0.9716	2.844
845	0.5037	0.9719	2.813
846	0.4881	0.9791	2.093
847	0.4986	0.9736	2.642
848	0.5034	0.9723	2.771
849	0.5026	0.9725	2.752
850	0.5024	0.9722	2.778
851	0.5036	0.9720	2.796
852	0.5026	0.9722	2.775
853	0.5003	0.9732	2.682
854	0.5034	0.9720	2.799
855	0.4976	0.9742	2.579
856	0.4909	0.9780	2.199
857	0.4992	0.9734	2.660
858	0.5037	0.9715	2.854
859	0.5023	0.9726	2.737
860	0.4989	0.9739	2.606
861	0.5045	0.9714	2.857
862	0.5000	0.9733	2.670
863	0.5035	0.9716	2.845
864	0.5053	0.9709	2.908
865	0.5051	0.9708	2.916
866	0.5032	0.9723	2.769
867	0.5011	0.9730	2.696
868	0.4863	0.9795	2.047
869	0.5024	0.9724	2.761
870	0.4972	0.9742	2.576
871	0.5022	0.9723	2.773
872	0.4988	0.9740	2.602
873	0.5047	0.9718	2.821
874	0.4895	0.9781	2.190
875	0.5024	0.9723	2.773
876	0.5042	0.9717	2.826
877	0.4977	0.9745	2.552
878	0.5007	0.9728	2.716
879	0.5018	0.9729	2.713
880	0.5042	0.9715	2.853
881	0.5017	0.9723	2.769
882	0.5016	0.9726	2.742
883	0.5044	0.9712	2.884
884	0.4879	0.9790	2.102
885	0.4964	0.9750	2.501
886	0.5039	0.9715	2.850
887	0.5031	0.9719	2.815
888	0.5025	0.9725	2.753
889	0.4904	0.9773	2.271
890	0.4997	0.9731	2.686
891	0.5045	0.9717	2.830
892	0.5034	0.9718	2.819
893	0.4978	0.9742	2.581
894	0.4880	0.9786	2.137
895	0.5060	0.9706	2.942
896	0.5024	0.9722	2.784
897	0.5012	0.9725	2.753
898	0.5038	0.9717	2.831
899	0.4972	0.9742	2.576
900	0.4920	0.9769	2.308
901	0.4881	0.9786	2.136
902	0.5030	0.9717	2.826
903	0.5014	0.9728	2.718
904	0.5018	0.9723	2.770
905	0.5027	0.9717	2.825
906	0.5033	0.9722	2.783
907	0.4958	0.9749	2.511
908	0.4980	0.9745	2.555
909	0.5037	0.9718	2.823
910	0.5049	0.9708	2.918
911	0.5057	0.9707	2.929
912	0.5015	0.9728	2.724
913	0.4989	0.9740	2.603
914	0.4975	0.9739	2.612
915	0.5023	0.9721	2.788
916	0.5044	0.9712	2.884
917	0.5029	0.9723	2.773
918	0.5005	0.9729	2.708
919	0.5027	0.9724	2.757
920	0.5037	0.9717	2.826
921	0.5015	0.9723	2.774
922	0.4958	0.9748	2.522
923	0.4997	0.9736	2.641
924	0.5030	0.9725	2.746
925	0.5022	0.9724	2.763
926	0.5000	0.9734	2.663
927	0.5013	0.9728	2.725
928	0.5050	0.9714	2.857
929	0.4988	0.9736	2.638
930	0.5049	0.9712	2.884
931	0.4992	0.9737	2.627
932	0.5028	0.9720	2.800
933	0.4989	0.9740	2.598
934	0.4939	0.9758	2.420
935	0.4942	0.9754	2.461
936	0.5013	0.9726	2.737
937	0.5036	0.9718	2.816
938	0.4979	0.9740	2.603
939	0.5017	0.9722	2.780
940	0.5039	0.9715	2.846
941	0.5012	0.9725	2.752
942	0.5020	0.9725	2.750
943	0.5021	0.9722	2.775
944	0.5008	0.9729	2.711
945	0.4906	0.9780	2.198
946	0.5023	0.9725	2.753
947	0.4958	0.9748	2.523
948	0.5021	0.9724	2.763
949	0.4982	0.9736	2.639
950	0.4999	0.9734	2.662
951	0.5029	0.9726	2.744
952	0.5042	0.9714	2.855
953	0.5021	0.9722	2.779
954	0.5036	0.9715	2.848
955	0.5014	0.9722	2.776
956	0.5032	0.9718	2.822
957	0.5044	0.9718	2.822
958	0.5014	0.9723	2.769
959	0.5004	0.9728	2.715
960	0.5007	0.9729	2.712
961	0.5048	0.9712	2.885
962	0.5019	0.9727	2.732
963	0.5025	0.9725	2.755
964	0.5030	0.9720	2.799
965	0.4977	0.9745	2.550
966	0.4985	0.9740	2.595
967	0.4972	0.9742	2.581
968	0.5012	0.9727	2.733
969	0.5057	0.9706	2.938
970	0.4941	0.9754	2.461
971	0.4974	0.9745	2.550
972	0.5028	0.9719	2.812
973	0.5032	0.9719	2.814
974	0.4891	0.9781	2.191
975	0.5020	0.9722	2.777
976	0.5021	0.9725	2.751
977	0.4999	0.9732	2.679
978	0.5035	0.9718	2.820
979	0.5025	0.9718	2.820
980	0.4985	0.9740	2.601
981	0.5027	0.9720	2.802
982	0.5040	0.9716	2.843
983	0.5038	0.9717	2.826
984	0.5027	0.9723	2.769
985	0.4978	0.9740	2.601
986	0.5012	0.9726	2.743
987	0.4968	0.9743	2.575
988	0.5048	0.9714	2.859
989	0.4987	0.9734	2.660
990	0.5031	0.9721	2.795
991	0.4877	0.9786	2.137
992	0.5030	0.9722	2.782
993	0.4986	0.9740	2.602
994	0.4996	0.9733	2.670
995	0.5034	0.9718	2.825
996	0.5038	0.9715	2.849
997	0.5032	0.9715	2.854
998	0.5042	0.9718	2.822
999	0.5020	0.9724	2.760
1000	0.5027	0.9723	2.766
1001	0.4986	0.9736	2.639
1002	0.4994	0.9736	2.645
1003	0.4961	0.9750	2.498
1004	0.5006	0.9731	2.694
1005	0.5046	0.9708	2.917
1006	0.5037	0.9716	2.841
1007	0.5008	0.9725	2.753
1008	0.5017	0.9723	2.765
1009	0.5020	0.9723	2.773
1010	0.4993	0.9732	2.682
1011	0.5033	0.9719	2.811
1012	0.4858	0.9795	2.046
1013	0.4878	0.9787	2.129
1014	0.5010	0.9728	2.721
1015	0.5010	0.9728	2.724
1016	0.5013	0.9729	2.712
1017	0.4937	0.9758	2.420
1018	0.4974	0.9742	2.581
1019	0.4955	0.9749	2.514
1020	0.5046	0.9708	2.916
1021	0.5012	0.9728	2.723
1022	0.5001	0.9729	2.708
1023	0.5034	0.9717	2.826
1024	0.5014	0.9722	2.781
1025	0.4875	0.9791	2.091
1026	0.5017	0.9725	2.750
1027	0.5039	0.9711	2.886
1028	0.4987	0.9740	2.603
1029	0.5048	0.9709	2.907
1030	0.4899	0.9773	2.270
1031	0.5053	0.9707	2.930
1032	0.4967	0.9742	2.583
1033	0.5025	0.9717	2.826
1034	0.5030	0.9715	2.846
1035	0.5009	0.9724	2.755
1036	0.5014	0.9723	2.769
1037	0.4971	0.9739	2.611
1038	0.4915	0.9769	2.309
1039	0.5019	0.9721	2.787
1040	0.5028	0.9723	2.774
1041	0.5018	0.9722	2.775
1042	0.5019	0.9721	2.786
1043	0.4988	0.9737	2.630
1044	0.5039	0.9712	2.881
1045	0.4873	0.9790	2.102
1046	0.5009	0.9728	2.719
1047	0.5013	0.9722	2.779
1048	0.5009	0.9726	2.743
1049	0.5033	0.9715	2.848
1050	0.5029	0.9715	2.847
1051	0.5022	0.9718	2.823
1052	0.4966	0.9742	2.579
1053	0.4975	0.9739	2.606
1054	0.4985	0.9734	2.659
1055	0.5018	0.9722	2.780
1056	0.4982	0.9739	2.608
1057	0.4971	0.9745	2.550
1058	0.5005	0.9730	2.702
1059	0.4978	0.9736	2.639
1060	0.4873	0.9790	2.102
1061	0.4988	0.9737	2.630
1062	0.4984	0.9740	2.602
1063	0.5018	0.9721	2.785
1064	0.5012	0.9728	2.716
1065	0.5024	0.9720	2.804
1066	0.4994	0.9733	2.672
1067	0.4968	0.9742	2.579
1068	0.4914	0.9769	2.309
1069	0.4991	0.9731	2.686
1070	0.5016	0.9726	2.740
1071	0.5025	0.9723	2.772
1072	0.5032	0.9718	2.821
1073	0.5027	0.9720	2.798
1074	0.5028	0.9718	2.820
1075	0.5000	0.9729	2.713
1076	0.4953	0.9749	2.513
1077	0.5017	0.9723	2.774
1078	0.4875	0.9787	2.129
1079	0.5035	0.9715	2.855
1080	0.4897	0.9773	2.270
1081	0.5017	0.9724	2.763
1082	0.4964	0.9743	2.573
1083	0.5040	0.9718	2.818
1084	0.5031	0.9719	2.814
1085	0.4936	0.9754	2.459
1086	0.5032	0.9717	2.827
1087	0.5024	0.9719	2.814
1088	0.5018	0.9725	2.752
1089	0.5018	0.9723	2.774
1090	0.5039	0.9718	2.824
1091	0.5036	0.9716	2.844
1092	0.5043	0.9709	2.914
1093	0.5045	0.9709	2.905
1094	0.4972	0.9742	2.579
1095	0.5034	0.9716	2.843
1096	0.4953	0.9748	2.522
1097	0.4887	0.9781	2.190
1098	0.4995	0.9732	2.681
1099	0.5007	0.9725	2.753
1100	0.5028	0.9719	2.814
1101	0.4900	0.9780	2.199
1102	0.5037	0.9711	2.888
1103	0.5044	0.9714	2.857
1104	0.5014	0.9723	2.770
1105	0.4957	0.9750	2.501
1106	0.5023	0.9723	2.772
1107	0.5050	0.9707	2.927
1108	0.5034	0.9717	2.827
1109	0.5007	0.9727	2.726
1110	0.4933	0.9758	2.418
1111	0.5023	0.9717	2.827
1112	0.4873	0.9786	2.136
1113	0.4973	0.9745	2.554
1114	0.4854	0.9795	2.049
1115	0.5009	0.9723	2.774
1116	0.5008	0.9728	2.721
1117	0.4872	0.9791	2.092
1118	0.5017	0.9724	2.756
1119	0.5043	0.9711	2.888
1120	0.5016	0.9724	2.761
1121	0.5014	0.9725	2.752
1122	0.5007	0.9726	2.742
1123	0.4981	0.9736	2.643
1124	0.5053	0.9706	2.940
1125	0.5028	0.9714	2.860
1126	0.4990	0.9736	2.644
1127	0.5005	0.9724	2.756
1128	0.4983	0.9740	2.604
1129	0.5026	0.9722	2.783
1130	0.5020	0.9724	2.758
1131	0.4998	0.9729	2.709
1132	0.5015	0.9722	2.779
1133	0.5016	0.9721	2.786
1134	0.5027	0.9721	2.794
1135	0.5023	0.9725	2.745
1136	0.4980	0.9740	2.604
1137	0.5010	0.9723	2.767
1138	0.5035	0.9712	2.883
1139	0.5036	0.9714	2.856
1140	0.5030	0.9717	2.827
1141	0.5024	0.9723	2.767
1142	0.5001	0.9729	2.709
1143	0.4992	0.9734	2.661
1144	0.5042	0.9708	2.917
1145	0.4968	0.9739	2.610
1146	0.5008	0.9723	2.772
1147	0.5015	0.9723	2.775
1148	0.5051	0.9706	2.938
1149	0.4970	0.9742	2.579
1150	0.4968	0.9745	2.550
1151	0.5015	0.9724	2.760
1152	0.4991	0.9733	2.669
1153	0.5029	0.9718	2.816
1154	0.5029	0.9718	2.823
1155	0.5034	0.9716	2.844
1156	0.4950	0.9749	2.515
1157	0.5015	0.9723	2.774
1158	0.5019	0.9718	2.820
1159	0.5005	0.9725	2.753
1160	0.5026	0.9719	2.813
1161	0.4871	0.9786	2.137
1162	0.5034	0.9712	2.882
1163	0.4971	0.9745	2.551
1164	0.5032	0.9715	2.850
1165	0.5021	0.9717	2.830
1166	0.5007	0.9728	2.723
1167	0.5041	0.9709	2.915
1168	0.5037	0.9718	2.821
1169	0.5020	0.9720	2.805
1170	0.5021	0.9719	2.811
1171	0.5029	0.9718	2.822
1172	0.5007	0.9723	2.773
1173	0.5024	0.9722	2.784
1174	0.5023	0.9724	2.764
1175	0.4872	0.9787	2.128
1176	0.4870	0.9791	2.091
1177	0.4981	0.9740	2.602
1178	0.5041	0.9712	2.884
1179	0.4852	0.9795	2.047
1180	0.5014	0.9722	2.784
1181	0.5004	0.9728	2.720
1182	0.5023	0.9720	2.798
1183	0.4978	0.9740	2.599
1184	0.5005	0.9728	2.723
1185	0.4996	0.9729	2.712
1186	0.4978	0.9740	2.599
1187	0.4898	0.9780	2.199
1188	0.5008	0.9722	2.780
1189	0.5035	0.9717	2.828
1190	0.4910	0.9769	2.308
1191	0.5013	0.9722	2.778
1192	0.5018	0.9724	2.756
1193	0.4966	0.9739	2.611
1194	0.5021	0.9723	2.771
1195	0.5020	0.9723	2.769
1196	0.4990	0.9734	2.664
1197	0.5027	0.9718	2.822
1198	0.5011	0.9723	2.770
1199	0.4930	0.9758	2.419
1200	0.4995	0.9729	2.711
1201	0.5013	0.9722	2.778
1202	0.4932	0.9754	2.460
1203	0.5024	0.9721	2.794
1204	0.5011	0.9725	2.751
1205	0.5011	0.9726	2.740
1206	0.4960	0.9743	2.572
1207	0.4999	0.9729	2.713
1208	0.5002	0.9725	2.753
1209	0.4961	0.9742	2.582
1210	0.5030	0.9715	2.847
1211	0.5014	0.9724	2.755
1212	0.4979	0.9740	2.601
1213	0.5033	0.9712	2.882
1214	0.4883	0.9781	2.189
1215	0.5040	0.9714	2.856
1216	0.5028	0.9715	2.848
1217	0.5012	0.9724	2.761
1218	0.5020	0.9725	2.745
1219	0.4970	0.9740	2.604
1220	0.4999	0.9731	2.694
1221	0.5007	0.9723	2.769
1222	0.4868	0.9790	2.103
1223	0.5030	0.9718	2.824
1224	0.4973	0.9736	2.639
1225	0.5033	0.9714	2.856
1226	0.4986	0.9736	2.641
1227	0.5013	0.9725	2.752
1228	0.5024	0.9715	2.853
1229	0.4953	0.9750	2.499
1230	0.4986	0.9731	2.685
1231	0.5004	0.9726	2.741
1232	0.4948	0.9748	2.521
1233	0.5041	0.9709	2.908
1234	0.5012	0.9723	2.773
1235	0.5038	0.9708	2.917
1236	0.5023	0.9715	2.846
1237	0.5005	0.9723	2.769
1238	0.5046	0.9708	2.924
1239	0.4982	0.9738	2.624
1240	0.4990	0.9732	2.681
1241	0.4979	0.9734	2.660
1242	0.4977	0.9736	2.639
1243	0.5003	0.9726	2.740
1244	0.5006	0.9729	2.712
1245	0.4892	0.9773	2.269
1246	0.5022	0.9718	2.818
1247	0.4962	0.9742	2.577
1248	0.4891	0.9773	2.270
1249	0.4981	0.9737	2.628
1250	0.4952	0.9750	2.499
1251	0.5011	0.9724	2.758
1252	0.5009	0.9723	2.769
1253	0.4962	0.9742	2.582
1254	0.5004	0.9723	2.774
1255	0.5019	0.9726	2.744
1256	0.4979	0.9740	2.605
1257	0.5012	0.9724	2.757
1258	0.5005	0.9729	2.712
1259	0.4928	0.9758	2.419
1260	0.4994	0.9728	2.716
1261	0.5002	0.9728	2.719
1262	0.5028	0.9716	2.844
1263	0.4866	0.9790	2.103
1264	0.4976	0.9739	2.605
1265	0.4849	0.9795	2.047
1266	0.5011	0.9721	2.785
1267	0.5033	0.9717	2.830
1268	0.4985	0.9736	2.642
1269	0.5010	0.9723	2.774
1270	0.5001	0.9725	2.752
1271	0.5005	0.9722	2.781
1272	0.5009	0.9727	2.735
1273	0.4975	0.9740	2.602
1274	0.5044	0.9708	2.923
1275	0.5004	0.9723	2.767
1276	0.5008	0.9725	2.749
1277	0.5015	0.9725	2.754
1278	0.4958	0.9743	2.573
1279	0.5001	0.9728	2.724
1280	0.5037	0.9712	2.881
1281	0.4881	0.9781	2.190
1282	0.4968	0.9739	2.605
1283	0.4965	0.9742	2.581
1284	0.4867	0.9786	2.136
1285	0.4946	0.9749	2.511
1286	0.5009	0.9722	2.776
1287	0.5018	0.9723	2.772
1288	0.5037	0.9708	2.915
1289	0.4999	0.9725	2.752
1290	0.4946	0.9748	2.519
1291	0.5001	0.9726	2.743
1292	0.5021	0.9718	2.821
1293	0.4963	0.9745	2.549
1294	0.5014	0.9718	2.823
1295	0.4866	0.9791	2.091
1296	0.5022	0.9718	2.819
1297	0.5039	0.9709	2.910
1298	0.5020	0.9720	2.799
1299	0.5037	0.9708	2.917
1300	0.5024	0.9719	2.814
1301	0.4907	0.9769	2.309
1302	0.5021	0.9716	2.845
1303	0.5010	0.9724	2.762
1304	0.4983	0.9732	2.685
1305	0.4929	0.9754	2.460
1306	0.5032	0.9718	2.817
1307	0.5002	0.9728	2.725
1308	0.4992	0.9729	2.711
1309	0.4988	0.9732	2.684
1310	0.5017	0.9718	2.816
1311	0.5004	0.9723	2.769
1312	0.5023	0.9718	2.822
1313	0.4995	0.9729	2.712
1314	0.5024	0.9715	2.846
1315	0.5019	0.9722	2.779
1316	0.4962	0.9739	2.608
1317	0.5009	0.9722	2.777
1318	0.5030	0.9715	2.855
1319	0.5020	0.9721	2.793
1320	0.5016	0.9717	2.827
1321	0.4996	0.9730	2.698
1322	0.5010	0.9725	2.752
1323	0.4957	0.9742	2.576
1324	0.5027	0.9715	2.855
1325	0.5023	0.9718	2.822
1326	0.4975	0.9740	2.600
1327	0.5023	0.9717	2.828
1328	0.4970	0.9736	2.639
1329	0.5015	0.9723	2.768
1330	0.5036	0.9714	2.857
1331	0.5028	0.9716	2.844
1332	0.5026	0.9718	2.824
1333	0.4976	0.9734	2.660
1334	0.4867	0.9787	2.128
1335	0.5009	0.9722	2.777
1336	0.5029	0.9712	2.880
1337	0.4986	0.9734	2.662
1338	0.4965	0.9745	2.553
1339	0.4892	0.9780	2.199
1340	0.5028	0.9711	2.886
1341	0.5020	0.9715	2.854
1342	0.4984	0.9733	2.670
1343	0.5000	0.9726	2.739
1344	0.5017	0.9723	2.767
1345	0.4974	0.9736	2.639
1346	0.5014	0.9720	2.804
1347	0.5045	0.9706	2.938
1348	0.5009	0.9723	2.775
1349	0.5015	0.9717	2.829
1350	0.4892	0.9780	2.197
1351	0.5008	0.9724	2.759
1352	0.4943	0.9749	2.512
1353	0.4999	0.9726	2.744
1354	0.5015	0.9718	2.818
1355	0.5018	0.9722	2.781
1356	0.4965	0.9745	2.552
1357	0.5022	0.9717	2.828
1358	0.4973	0.9736	2.638
1359	0.4888	0.9773	2.269
1360	0.4994	0.9729	2.711
1361	0.5001	0.9723	2.771
1362	0.5019	0.9719	2.815
1363	0.4990	0.9729	2.708
1364	0.5025	0.9715	2.845
1365	0.4975	0.9740	2.601
1366	0.5023	0.9716	2.844
1367	0.4986	0.9732	2.679
1368	0.5008	0.9723	2.775
1369	0.5034	0.9709	2.912
1370	0.5005	0.9727	2.729
1371	0.5000	0.9728	2.723
1372	0.5008	0.9722	2.784
1373	0.5026	0.9716	2.843
1374	0.4968	0.9736	2.638
1375	0.4864	0.9786	2.136
1376	0.4948	0.9750	2.499
1377	0.5011	0.9718	2.821
1378	0.4999	0.9726	2.740
1379	0.5041	0.9708	2.924
1380	0.4981	0.9731	2.685
1381	0.5036	0.9709	2.908
1382	0.5005	0.9725	2.751
1383	0.4974	0.9734	2.659
1384	0.4877	0.9781	2.189
1385	0.5008	0.9723	2.774
1386	0.4983	0.9733	2.670
1387	0.4973	0.9740	2.599
1388	0.5034	0.9709	2.914
1389	0.5034	0.9712	2.881
1390	0.4862	0.9790	2.102
1391	0.5013	0.9723	2.769
1392	0.4997	0.9725	2.752
1393	0.5006	0.9724	2.761
1394	0.4989	0.9729	2.713
1395	0.4997	0.9728	2.718
1396	0.4863	0.9791	2.089
1397	0.5021	0.9719	2.814
1398	0.4957	0.9742	2.577
1399	0.4971	0.9740	2.604
1400	0.5027	0.9715	2.855
1401	0.4942	0.9748	2.519
1402	0.5018	0.9715	2.853
1403	0.5026	0.9712	2.882
1404	0.5043	0.9706	2.939
1405	0.4845	0.9795	2.046
1406	0.4953	0.9743	2.571
1407	0.5017	0.9718	2.822
1408	0.4980	0.9736	2.641
1409	0.5020	0.9718	2.822
1410	0.5004	0.9723	2.768
1411	0.4963	0.9740	2.604
1412	0.4903	0.9769	2.309
1413	0.4961	0.9742	2.584
1414	0.4995	0.9725	2.753
1415	0.4971	0.9739	2.609
1416	0.5027	0.9711	2.886
1417	0.5028	0.9717	2.830
1418	0.5034	0.9714	2.856
1419	0.5007	0.9725	2.751
1420	0.5020	0.9718	2.822
1421	0.5005	0.9722	2.777
1422	0.5006	0.9725	2.750
1423	0.4997	0.9728	2.722
1424	0.5014	0.9723	2.766
1425	0.4992	0.9731	2.692
1426	0.5012	0.9720	2.799
1427	0.5005	0.9723	2.775
1428	0.5028	0.9719	2.813
1429	0.5016	0.9716	2.840
1430	0.4958	0.9739	2.610
1431	0.4999	0.9729	2.708
1432	0.5000	0.9724	2.765
1433	0.4954	0.9743	2.573
1434	0.4925	0.9754	2.460
1435	0.5015	0.9720	2.797
1436	0.5013	0.9725	2.746
1437	0.5023	0.9717	2.826
1438	0.4998	0.9723	2.774
1439	0.4958	0.9745	2.548
1440	0.5004	0.9723	2.775
1441	0.4922	0.9758	2.418
1442	0.4982	0.9734	2.663
1443	0.5012	0.9723	2.769
1444	0.4863	0.9787	2.130
1445	0.4975	0.9737	2.626
1446	0.5023	0.9715	2.855
1447	0.4999	0.9722	2.777
1448	0.5009	0.9724	2.756
1449	0.5016	0.9721	2.793
1450	0.5000	0.9723	2.768
1451	0.5016	0.9721	2.793
1452	0.4995	0.9728	2.719
1453	0.5004	0.9723	2.774
1454	0.4922	0.9758	2.418
1455	0.5004	0.9722	2.778
1456	0.4961	0.9745	2.551
1457	0.4962	0.9740	2.604
1458	0.4993	0.9725	2.755
1459	0.5015	0.9716	2.844
1460	0.4997	0.9728	2.724
1461	0.4843	0.9795	2.046
1462	0.5031	0.9712	2.882
1463	0.4978	0.9736	2.640
1464	0.4972	0.9740	2.600
1465	0.5009	0.9725	2.753
1466	0.5026	0.9717	2.826
1467	0.4952	0.9743	2.572
1468	0.4861	0.9791	2.089
1469	0.4986	0.9729	2.708
1470	0.4952	0.9742	2.580
1471	0.5024	0.9711	2.886
1472	0.4957	0.9745	2.549
1473	0.5011	0.9723	2.773
1474	0.5013	0.9723	2.770
1475	0.5011	0.9719	2.813
1476	0.5015	0.9719	2.813
1477	0.5004	0.9721	2.786
1478	0.4901	0.9769	2.305
1479	0.4974	0.9738	2.624
1480	0.4986	0.9729	2.713
1481	0.4861	0.9787	2.134
1482	0.5032	0.9709	2.906
1483	0.5010	0.9720	2.804
1484	0.4861	0.9787	2.134
1485	0.5021	0.9714	2.856
1486	0.5021	0.9717	2.828
1487	0.5003	0.9722	2.777
1488	0.4994	0.9725	2.754
1489	0.4923	0.9754	2.462
1490	0.4998	0.9722	2.776
1491	0.4883	0.9773	2.269
1492	0.5003	0.9724	2.760
1493	0.5037	0.9707	2.927
1494	0.5030	0.9708	2.916
1495	0.5023	0.9715	2.850
1496	0.4858	0.9789	2.106
1497	0.5004	0.9721	2.786
1498	0.5004	0.9722	2.777
1499	0.4990	0.9730	2.702
1500	0.5001	0.9726	2.741
1501	0.4958	0.9742	2.583
1502	0.4989	0.9729	2.712
1503	0.5004	0.9724	2.756
1504	0.5013	0.9722	2.782
1505	0.5015	0.9715	2.854
1506	0.5025	0.9718	2.819
1507	0.5031	0.9714	2.857
1508	0.5004	0.9725	2.749
1509	0.5020	0.9716	2.844
1510	0.5017	0.9718	2.824
1511	0.5000	0.9725	2.746
1512	0.4978	0.9733	2.665
1513	0.5017	0.9718	2.819
1514	0.4964	0.9736	2.638
1515	0.5012	0.9720	2.795
1516	0.4954	0.9742	2.579
1517	0.5013	0.9719	2.815
1518	0.4967	0.9740	2.597
1519	0.4938	0.9749	2.512
1520	0.4970	0.9734	2.659
1521	0.4996	0.9729	2.713
1522	0.5017	0.9716	2.839
1523	0.4966	0.9740	2.598
1524	0.4976	0.9732	2.682
1525	0.4993	0.9727	2.730
1526	0.4993	0.9728	2.717
1527	0.4955	0.9739	2.611
1528	0.5029	0.9708	2.916
1529	0.4887	0.9780	2.197
1530	0.5009	0.9717	2.829
1531	0.5010	0.9725	2.746
1532	0.4995	0.9722	2.776
1533	0.5002	0.9724	2.762
1534	0.4981	0.9732	2.680
1535	0.4872	0.9781	2.191
1536	0.5006	0.9718	2.822
1537	0.5023	0.9712	2.880
1538	0.5016	0.9718	2.816
1539	0.4967	0.9736	2.638
1540	0.4995	0.9723	2.768
1541	0.4993	0.9726	2.739
1542	0.5038	0.9706	2.938
1543	0.5016	0.9717	2.828
1544	0.4942	0.9750	2.497
1545	0.4999	0.9723	2.767
1546	0.4968	0.9740	2.599
1547	0.5009	0.9723	2.771
1548	0.4979	0.9734	2.663
1549	0.5022	0.9714	2.856
1550	0.4937	0.9748	2.519
1551	0.5013	0.9721	2.792
1552	0.4918	0.9758	2.420
1553	0.5019	0.9717	2.827
1554	0.4952	0.9742	2.581
1555	0.5029	0.9714	2.856
1556	0.5001	0.9724	2.758
1557	0.4839	0.9795	2.049
1558	0.4936	0.9749	2.514
1559	0.5002	0.9721	2.786
1560	0.4990	0.9725	2.753
1561	0.5006	0.9724	2.761
1562	0.4965	0.9739	2.607
1563	0.4984	0.9728	2.716
1564	0.5019	0.9715	2.854
1565	0.5008	0.9723	2.772
1566	0.4858	0.9787	2.133
1567	0.5016	0.9715	2.846
1568	0.4975	0.9736	2.640
1569	0.5035	0.9708	2.923
1570	0.4987	0.9731	2.695
1571	0.4856	0.9790	2.101
1572	0.5037	0.9706	2.938
1573	0.5011	0.9718	2.818
1574	0.4898	0.9769	2.308
1575	0.4968	0.9734	2.659
1576	0.4978	0.9734	2.660
1577	0.4884	0.9780	2.198
1578	0.5028	0.9711	2.887
1579	0.5000	0.9722	2.778
1580	0.5020	0.9715	2.847
1581	0.5015	0.9717	2.827
1582	0.4998	0.9725	2.750
1583	0.5006	0.9720	2.803
1584	0.5014	0.9719	2.813
1585	0.4991	0.9727	2.725
1586	0.4880	0.9773	2.268
1587	0.4955	0.9742	2.581
1588	0.4982	0.9729	2.708
1589	0.4961	0.9736	2.640
1590	0.5010	0.9720	2.799
1591	0.4993	0.9723	2.771
1592	0.4986	0.9729	2.707
1593	0.5015	0.9717	2.831
1594	0.4995	0.9722	2.778
1595	0.5001	0.9724	2.756
1596	0.5012	0.9719	2.812
1597	0.5017	0.9716	2.843
1598	0.4974	0.9732	2.682
1599	0.4991	0.9726	2.738
1600	0.4991	0.9726	2.739
1601	0.5001	0.9722	2.775
1602	0.4976	0.9733	2.668
1603	0.4999	0.9723	2.775
1604	0.5026	0.9709	2.915
1605	0.4940	0.9750	2.496
1606	0.4964	0.9740	2.600
1607	0.4948	0.9742	2.576
1608	0.5022	0.9718	2.821
1609	0.4992	0.9728	2.722
1610	0.4999	0.9724	2.761
1611	0.4999	0.9723	2.774
1612	0.5020	0.9714	2.856
1613	0.4957	0.9740	2.602
1614	0.4952	0.9745	2.548
1615	0.4997	0.9727	2.731
1616	0.4956	0.9745	2.553
1617	0.5000	0.9721	2.785
1618	0.4857	0.9787	2.129
1619	0.4965	0.9736	2.640
1620	0.4997	0.9723	2.768
1621	0.5011	0.9715	2.853
1622	0.5003	0.9718	2.821
1623	0.5005	0.9717	2.825
1624	0.4946	0.9743	2.572
1625	0.4992	0.9723	2.770
1626	0.5020	0.9712	2.885
1627	0.4918	0.9754	2.462
1628	0.5019	0.9711	2.887
1629	0.5000	0.9725	2.753
1630	0.5009	0.9722	2.779
1631	0.5008	0.9723	2.768
1632	0.4935	0.9748	2.518
1633	0.4994	0.9723	2.766
1634	0.5027	0.9709	2.907
1635	0.5020	0.9717	2.826
1636	0.5009	0.9716	2.843
1637	0.4966	0.9740	2.599
1638	0.4965	0.9740	2.602
1639	0.4968	0.9737	2.626
1640	0.4989	0.9728	2.717
1641	0.5012	0.9718	2.822
1642	0.4992	0.9729	2.710
1643	0.4855	0.9791	2.089
1644	0.5005	0.9723	2.766
1645	0.4869	0.9781	2.190
1646	0.4951	0.9739	2.607
1647	0.4988	0.9724	2.755
1648	0.4977	0.9732	2.682
1649	0.5005	0.9719	2.813
1650	0.5025	0.9708	2.917
1651	0.5006	0.9726	2.743
1652	0.4996	0.9723	2.765
1653	0.5007	0.9723	2.768
1654	0.4991	0.9723	2.773
1655	0.4999	0.9722	2.776
1656	0.5026	0.9710	2.904
1657	0.4949	0.9742	2.577
1658	0.5015	0.9715	2.852
1659	0.5024	0.9708	2.915
1660	0.4968	0.9738	2.624
1661	0.4980	0.9729	2.712
1662	0.4975	0.9734	2.663
1663	0.4962	0.9740	2.602
1664	0.4853	0.9790	2.102
1665	0.5012	0.9717	2.829
1666	0.4881	0.9780	2.197
1667	0.5005	0.9718	2.815
1668	0.4997	0.9722	2.775
1669	0.4992	0.9722	2.776
1670	0.5009	0.9715	2.853
1671	0.4917	0.9754	2.461
1672	0.4950	0.9745	2.548
1673	0.4979	0.9729	2.711
1674	0.5012	0.9718	2.825
1675	0.4989	0.9726	2.743
1676	0.4853	0.9791	2.089
1677	0.4998	0.9724	2.757
1678	0.5005	0.9725	2.747
1679	0.4954	0.9740	2.603
1680	0.4987	0.9725	2.754
1681	0.4988	0.9728	2.718
1682	0.4965	0.9740	2.603
1683	0.4963	0.9740	2.599
1684	0.5008	0.9721	2.793
1685	0.4992	0.9723	2.767
1686	0.5004	0.9723	2.772
1687	0.4990	0.9723	2.770
1688	0.5014	0.9717	2.828
1689	0.4964	0.9734	2.658
1690	0.5003	0.9717	2.827
1691	0.5012	0.9715	2.848
1692	0.5011	0.9719	2.813
1693	0.5019	0.9717	2.827
1694	0.5017	0.9712	2.879
1695	0.5019	0.9718	2.821
1696	0.4957	0.9736	2.640
1697	0.4997	0.9722	2.778
1698	0.4987	0.9726	2.736
1699	0.5023	0.9709	2.912
1700	0.4989	0.9728	2.722
1701	0.4962	0.9736	2.638
1702	0.5000	0.9718	2.821
1703	0.4985	0.9725	2.754
1704	0.4994	0.9725	2.750
1705	0.4990	0.9729	2.712
1706	0.4996	0.9724	2.756
1707	0.4960	0.9740	2.601
1708	0.5003	0.9723	2.765
1709	0.4995	0.9722	2.775
1710	0.4943	0.9743	2.572
1711	0.5013	0.9716	2.845
1712	0.4952	0.9745	2.551
1713	0.4948	0.9739	2.608
1714	0.4931	0.9749	2.513
1715	0.4974	0.9732	2.682
1716	0.4876	0.9773	2.268
1717	0.5033	0.9706	2.937
1718	0.5015	0.9716	2.844
1719	0.4995	0.9723	2.774
1720	0.4970	0.9736	2.643
1721	0.4972	0.9733	2.669
1722	0.4944	0.9743	2.574
1723	0.4982	0.9729	2.708
1724	0.5016	0.9714	2.856
1725	0.4853	0.9787	2.134
1726	0.4913	0.9758	2.419
1727	0.4892	0.9769	2.307
1728	0.5005	0.9720	2.799
1729	0.4997	0.9725	2.751
1730	0.5007	0.9719	2.814
1731	0.5022	0.9712	2.882
1732	0.4834	0.9795	2.047
1733	0.4996	0.9722	2.784
1734	0.4969	0.9732	2.684
1735	0.5009	0.9718	2.821
1736	0.5001	0.9720	2.802
1737	0.5000	0.9724	2.757
1738	0.5006	0.9716	2.842
1739	0.4995	0.9724	2.760
1740	0.4993	0.9727	2.732
1741	0.5029	0.9708	2.918
1742	0.5005	0.9722	2.783
1743	0.5006	0.9719	2.814
1744	0.4986	0.9728	2.720
1745	0.4853	0.9787	2.127
1746	0.4950	0.9742	2.580
1747	0.5015	0.9712	2.880
1748	0.5022	0.9714	2.856
1749	0.4931	0.9748	2.519
1750	0.4981	0.9731	2.693
1751	0.4935	0.9750	2.496
1752	0.4865	0.9781	2.189
1753	0.5009	0.9719	2.813
1754	0.4969	0.9736	2.643
1755	0.5021	0.9709	2.913
1756	0.4850	0.9790	2.102
1757	0.5028	0.9708	2.921
1758	0.5006	0.9719	2.811
1759	0.4911	0.9758	2.420
1760	0.5001	0.9717	2.827
1761	0.4878	0.9780	2.197
1762	0.4864	0.9781	2.190
1763	0.5004	0.9720	2.801
1764	0.4993	0.9722	2.777
1765	0.4874	0.9773	2.268
1766	0.4973	0.9732	2.683
1767	0.4994	0.9723	2.766
1768	0.4968	0.9731	2.687
1769	0.5006	0.9714	2.858
1770	0.4995	0.9725	2.752
1771	0.5017	0.9718	2.816
1772	0.5013	0.9716	2.843
1773	0.4989	0.9723	2.765
1774	0.4985	0.9726	2.737
1775	0.4986	0.9728	2.723
1776	0.5009	0.9715	2.846
1777	0.4971	0.9734	2.660
1778	0.5022	0.9709	2.907
1779	0.4891	0.9769	2.306
1780	0.5008	0.9717	2.831
1781	0.5021	0.9715	2.855
1782	0.4948	0.9742	2.581
1783	0.4832	0.9795	2.045
1784	0.5030	0.9706	2.940
1785	0.4976	0.9728	2.718
1786	0.5015	0.9717	2.828
1787	0.4929	0.9749	2.511
1788	0.4961	0.9734	2.658
1789	0.5011	0.9716	2.844
1790	0.4934	0.9750	2.497
1791	0.4851	0.9787	2.133
1792	0.4950	0.9745	2.551
1793	0.4986	0.9723	2.770
1794	0.4994	0.9722	2.782
1795	0.5014	0.9712	2.881
1796	0.4960	0.9740	2.598
1797	0.4940	0.9743	2.572
1798	0.4957	0.9739	2.605
1799	0.4997	0.9724	2.756
1800	0.4954	0.9736	2.638
1801	0.4993	0.9722	2.784
1802	0.4912	0.9754	2.461
1803	0.4944	0.9742	2.580
1804	0.5013	0.9715	2.854
1805	0.4987	0.9723	2.775
1806	0.5020	0.9712	2.883
1807	0.4994	0.9722	2.775
1808	0.4950	0.9740	2.604
1809	0.4849	0.9786	2.135
1810	0.5002	0.9723	2.774
1811	0.5010	0.9717	2.828
1812	0.4979	0.9730	2.699
1813	0.5004	0.9721	2.792
1814	0.4983	0.9726	2.739
1815	0.4962	0.9738	2.625
1816	0.4992	0.9723	2.773
1817	0.5003	0.9718	2.815
1818	0.5002	0.9722	2.782
1819	0.5000	0.9726	2.744
1820	0.4983	0.9725	2.750
1821	0.4993	0.9725	2.752
1822	0.4945	0.9745	2.545
1823	0.4960	0.9740	2.596
1824	0.4998	0.9720	2.799
1825	0.5003	0.9716	2.839
1826	0.4998	0.9723	2.767
1827	0.4982	0.9729	2.714
1828	0.4974	0.9729	2.708
1829	0.4945	0.9739	2.608
1830	0.5019	0.9709	2.914
1831	0.4986	0.9729	2.708
1832	0.4981	0.9725	2.753
1833	0.4990	0.9727	2.727
1834	0.4956	0.9741	2.593
1835	0.5006	0.9718	2.822
1836	0.4999	0.9719	2.805
1837	0.4978	0.9729	2.707
1838	0.4991	0.9723	2.768
1839	0.4957	0.9736	2.637
1840	0.4940	0.9743	2.573
1841	0.5012	0.9712	2.879
1842	0.5006	0.9718	2.822
1843	0.4989	0.9724	2.762
1844	0.4984	0.9723	2.775
1845	0.4928	0.9748	2.518
1846	0.4848	0.9791	2.087
1847	0.4991	0.9725	2.754
1848	0.5009	0.9715	2.854
1849	0.4967	0.9733	2.668
1850	0.4999	0.9723	2.771
1851	0.4982	0.9728	2.723
1852	0.4989	0.9725	2.746
1853	0.4995	0.9718	2.819
1854	0.5008	0.9716	2.844
1855	0.4984	0.9728	2.722
1856	0.4981	0.9725	2.750
1857	0.5028	0.9706	2.936
1858	0.5018	0.9709	2.912
1859	0.4998	0.9719	2.810
1860	0.4848	0.9787	2.134
1861	0.4997	0.9720	2.802
1862	0.5019	0.9715	2.854
1863	0.4888	0.9769	2.308
1864	0.4982	0.9726	2.739
1865	0.5010	0.9716	2.841
1866	0.5003	0.9715	2.845
1867	0.5001	0.9719	2.815
1868	0.4944	0.9746	2.544
1869	0.4958	0.9740	2.597
1870	0.5008	0.9717	2.826
1871	0.4931	0.9750	2.497
1872	0.4991	0.9722	2.784
1873	0.5012	0.9718	2.822
1874	0.4977	0.9731	2.691
1875	0.4939	0.9742	2.576
1876	0.4969	0.9732	2.680
1877	0.4941	0.9742	2.577
1878	0.4991	0.9722	2.776
1879	0.4990	0.9723	2.774
1880	0.5002	0.9721	2.790
1881	0.4907	0.9758	2.421
1882	0.4983	0.9723	2.770
1883	0.5024	0.9708	2.923
1884	0.4829	0.9795	2.047
1885	0.5001	0.9716	2.843
1886	0.4998	0.9726	2.741
1887	0.4964	0.9736	2.642
1888	0.5013	0.9718	2.820
1889	0.4988	0.9723	2.765
1890	0.4947	0.9740	2.603
1891	0.4997	0.9723	2.765
1892	0.4983	0.9724	2.761
1893	0.4989	0.9722	2.776
1894	0.5018	0.9710	2.903
1895	0.5010	0.9712	2.880
1896	0.4990	0.9725	2.751
1897	0.4998	0.9724	2.764
1898	0.4956	0.9740	2.597
1899	0.4959	0.9738	2.624
1900	0.5007	0.9716	2.845
1901	0.4937	0.9743	2.569
1902	0.5004	0.9718	2.819
1903	0.4946	0.9745	2.550
1904	0.4955	0.9736	2.637
1905	0.5004	0.9718	2.819
1906	0.4909	0.9754	2.458
1907	0.4994	0.9725	2.750
1908	0.4990	0.9725	2.746
1909	0.4965	0.9733	2.666
1910	0.4981	0.9726	2.738
1911	0.5004	0.9718	2.820
1912	0.4971	0.9729	2.708
1913	0.4925	0.9748	2.519
1914	0.4942	0.9740	2.604
1915	0.4987	0.9725	2.747
1916	0.4966	0.9734	2.662
1917	0.4980	0.9728	2.717
1918	0.5003	0.9718	2.816
1919	0.4999	0.9722	2.781
1920	0.4980	0.9728	2.717
1921	0.4944	0.9742	2.576
1922	0.5010	0.9712	2.879
1923	0.4972	0.9729	2.709
1924	0.4975	0.9729	2.707
1925	0.4993	0.9718	2.815
1926	0.4978	0.9725	2.753
1927	0.4844	0.9790	2.101
1928	0.4859	0.9781	2.190
1929	0.4989	0.9724	2.760
1930	0.4983	0.9722	2.779
1931	0.4963	0.9732	2.685
1932	0.5000	0.9719	2.812
1933	0.4846	0.9787	2.132
1934	0.4949	0.9736	2.638
1935	0.5004	0.9715	2.847
1936	0.4845	0.9791	2.087
1937	0.4987	0.9726	2.740
1938	0.4996	0.9723	2.773
1939	0.4983	0.9729	2.712
1940	0.5015	0.9712	2.880
1941	0.4988	0.9725	2.754
1942	0.4995	0.9717	2.827
1943	0.4953	0.9739	2.606
1944	0.5009	0.9715	2.854
1945	0.4998	0.9720	2.798
1946	0.4952	0.9740	2.599
1947	0.5015	0.9709	2.915
1948	0.4955	0.9734	2.660
1949	0.4988	0.9722	2.776
1950	0.4987	0.9722	2.776
1951	0.4868	0.9773	2.266
1952	0.4872	0.9780	2.196
1953	0.4983	0.9723	2.765
1954	0.4923	0.9749	2.511
1955	0.4992	0.9718	2.822
1956	0.4965	0.9734	2.661
1957	0.4999	0.9718	2.821
1958	0.4944	0.9745	2.550
1959	0.4955	0.9734	2.658
1960	0.5010	0.9718	2.817
1961	0.4988	0.9722	2.778
1962	0.5014	0.9709	2.913
1963	0.4923	0.9749	2.510
1964	0.4843	0.9790	2.102
1965	0.5005	0.9715	2.853
1966	0.5014	0.9709	2.914
1967	0.5008	0.9712	2.881
1968	0.5005	0.9716	2.844
1969	0.4970	0.9729	2.714
1970	0.4957	0.9738	2.623
1971	0.5002	0.9717	2.826
1972	0.5008	0.9714	2.857
1973	0.4987	0.9725	2.753
1974	0.5014	0.9712	2.878
1975	0.4994	0.9719	2.808
1976	0.4953	0.9736	2.637
1977	0.5021	0.9708	2.917
1978	0.5015	0.9710	2.903
1979	0.4997	0.9722	2.779
1980	0.4951	0.9740	2.595
1981	0.4985	0.9726	2.744
1982	0.4982	0.9722	2.776
1983	0.4977	0.9729	2.714
1984	0.4951	0.9740	2.596
1985	0.4884	0.9769	2.309
1986	0.4845	0.9787	2.129
1987	0.5001	0.9718	2.820
1988	0.4961	0.9736	2.643
1989	0.4988	0.9725	2.748
1990	0.5023	0.9706	2.936
1991	0.5002	0.9716	2.842
1992	0.4977	0.9727	2.730
1993	0.4993	0.9723	2.766
1994	0.4935	0.9743	2.573
1995	0.4978	0.9726	2.737
1996	0.4934	0.9743	2.570
1997	0.4996	0.9720	2.796
1998	0.4944	0.9740	2.602
1999	0.4906	0.9754	2.458
