0	0.5137	0.9714	2.857
1	0.4983	0.9786	2.142
2	0.5091	0.9735	2.649
3	0.5141	0.9716	2.841
4	0.4982	0.9785	2.147
5	0.5042	0.9758	2.423
6	0.5125	0.9721	2.791
7	0.5113	0.9728	2.716
8	0.5116	0.9727	2.732
9	0.5162	0.9705	2.949
10	0.5152	0.9708	2.923
11	0.5117	0.9727	2.733
12	0.5086	0.9735	2.648
13	0.5159	0.9705	2.945
14	0.5061	0.9747	2.533
15	0.5132	0.9721	2.787
16	0.5093	0.9738	2.620
17	0.5123	0.9722	2.783
18	0.4995	0.9780	2.199
19	0.5092	0.9733	2.665
20	0.5065	0.9749	2.506
21	0.5154	0.9708	2.923
22	0.5102	0.9733	2.673
23	0.4982	0.9786	2.143
24	0.5119	0.9721	2.791
25	0.5077	0.9744	2.564
26	0.5118	0.9722	2.784
27	0.5132	0.9722	2.784
28	0.5145	0.9710	2.901
29	0.5126	0.9723	2.765
30	0.5107	0.9727	2.735
31	0.4981	0.9785	2.145
32	0.5076	0.9741	2.592
33	0.5140	0.9714	2.863
34	0.5082	0.9744	2.565
35	0.5159	0.9706	2.942
36	0.5136	0.9717	2.828
37	0.5152	0.9710	2.898
38	0.5124	0.9722	2.783
39	0.5139	0.9716	2.840
40	0.5044	0.9753	2.470
41	0.5124	0.9723	2.770
42	0.5060	0.9747	2.533
43	0.5021	0.9769	2.315
44	0.5094	0.9736	2.641
45	0.5147	0.9717	2.830
46	0.5123	0.9722	2.784
47	0.4962	0.9794	2.058
48	0.5100	0.9732	2.684
49	0.5071	0.9742	2.578
50	0.5114	0.9727	2.731
51	0.5089	0.9738	2.615
52	0.5079	0.9741	2.589
53	0.5124	0.9723	2.775
54	0.5146	0.9716	2.838
55	0.5084	0.9735	2.648
56	0.5081	0.9739	2.611
57	0.5125	0.9721	2.788
58	0.5114	0.9724	2.761
59	0.5088	0.9738	2.620
60	0.5115	0.9725	2.752
61	0.5128	0.9724	2.758
62	0.5059	0.9748	2.522
63	0.5007	0.9780	2.203
64	0.5110	0.9728	2.724
65	0.5138	0.9718	2.823
66	0.5130	0.9719	2.813
67	0.5076	0.9738	2.625
68	0.5121	0.9724	2.757
69	0.5089	0.9735	2.649
70	0.5151	0.9714	2.863
71	0.5105	0.9728	2.717
72	0.5138	0.9716	2.840
73	0.5144	0.9711	2.893
74	0.5132	0.9722	2.782
75	0.5123	0.9721	2.790
76	0.5144	0.9714	2.863
77	0.5127	0.9717	2.829
78	0.5133	0.9720	2.795
79	0.5117	0.9727	2.728
80	0.5150	0.9708	2.920
81	0.5134	0.9719	2.810
82	0.5040	0.9758	2.424
83	0.5134	0.9714	2.857
84	0.5122	0.9722	2.780
85	0.5118	0.9721	2.787
86	0.5097	0.9735	2.646
87	0.5071	0.9741	2.587
88	0.5002	0.9773	2.272
89	0.5150	0.9707	2.933
90	0.5115	0.9726	2.736
91	0.5096	0.9732	2.684
92	0.5134	0.9717	2.829
93	0.5111	0.9724	2.759
94	0.5129	0.9716	2.838
95	0.5089	0.9739	2.610
96	0.5130	0.9718	2.820
97	0.5113	0.9727	2.733
98	0.5134	0.9714	2.864
99	0.5137	0.9716	2.839
100	0.5114	0.9725	2.754
101	0.4978	0.9790	2.101
102	0.5115	0.9722	2.778
103	0.5140	0.9714	2.857
104	0.5140	0.9714	2.860
105	0.5140	0.9716	2.835
106	0.5141	0.9714	2.863
107	0.5123	0.9724	2.759
108	0.5100	0.9731	2.691
109	0.5120	0.9726	2.744
110	0.4976	0.9789	2.112
111	0.5131	0.9720	2.801
112	0.5129	0.9724	2.757
113	0.5158	0.9706	2.943
114	0.5128	0.9722	2.784
115	0.5108	0.9729	2.711
116	0.5122	0.9720	2.795
117	0.5149	0.9711	2.894
118	0.5128	0.9718	2.816
119	0.5150	0.9708	2.916
120	0.4977	0.9790	2.101
121	0.5122	0.9723	2.773
122	0.5038	0.9758	2.425
123	0.5113	0.9725	2.752
124	0.5110	0.9724	2.761
125	0.5099	0.9733	2.673
126	0.5136	0.9716	2.841
127	0.4976	0.9789	2.111
128	0.5018	0.9769	2.315
129	0.5061	0.9750	2.504
130	0.5111	0.9724	2.764
131	0.5122	0.9724	2.763
132	0.5082	0.9735	2.646
133	0.4978	0.9786	2.144
134	0.5155	0.9706	2.945
135	0.5130	0.9722	2.784
136	0.5097	0.9731	2.687
137	0.5120	0.9722	2.782
138	0.5127	0.9716	2.844
139	0.5120	0.9723	2.769
140	0.5114	0.9722	2.780
141	0.5141	0.9714	2.864
142	0.5158	0.9705	2.945
143	0.5004	0.9780	2.202
144	0.5056	0.9747	2.531
145	0.5141	0.9710	2.900
146	0.5136	0.9714	2.863
147	0.5088	0.9738	2.618
148	0.5138	0.9716	2.841
149	0.5148	0.9707	2.934
150	0.5077	0.9739	2.612
151	0.5073	0.9743	2.567
152	0.5112	0.9724	2.762
153	0.5090	0.9736	2.639
154	0.5107	0.9728	2.716
155	0.5085	0.9738	2.616
156	0.5077	0.9744	2.563
157	0.5124	0.9717	2.828
158	0.5039	0.9753	2.469
159	0.5094	0.9736	2.644
160	0.5114	0.9727	2.730
161	0.5121	0.9722	2.784
162	0.5120	0.9721	2.788
163	0.5087	0.9733	2.666
164	0.5146	0.9708	2.922
165	0.5141	0.9711	2.890
166	0.5115	0.9721	2.786
167	0.5084	0.9739	2.610
168	0.4976	0.9785	2.151
169	0.5131	0.9719	2.812
170	0.5074	0.9741	2.587
171	0.5137	0.9714	2.856
172	0.5127	0.9718	2.819
173	0.5110	0.9727	2.728
174	0.5134	0.9716	2.838
175	0.5119	0.9722	2.779
176	0.5142	0.9717	2.828
177	0.5126	0.9723	2.771
178	0.5102	0.9729	2.710
179	0.5133	0.9717	2.834
180	0.5110	0.9727	2.733
181	0.5098	0.9732	2.684
182	0.5055	0.9748	2.519
183	0.5120	0.9724	2.760
184	0.5130	0.9718	2.821
185	0.5114	0.9721	2.789
186	0.4999	0.9773	2.274
187	0.5131	0.9718	2.825
188	0.5105	0.9728	2.717
189	0.5130	0.9715	2.854
190	0.5146	0.9714	2.860
191	0.5125	0.9722	2.783
192	0.5070	0.9741	2.589
193	0.5117	0.9724	2.756
194	0.5131	0.9714	2.864
195	0.5084	0.9736	2.643
196	0.5129	0.9721	2.794
197	0.5123	0.9724	2.757
198	0.5101	0.9728	2.723
199	0.5128	0.9720	2.804
200	0.5066	0.9742	2.577
201	0.5119	0.9721	2.792
202	0.5111	0.9722	2.779
203	0.5116	0.9722	2.779
204	0.4956	0.9795	2.054
205	0.5071	0.9738	2.623
206	0.4988	0.9780	2.199
207	0.5140	0.9717	2.835
208	0.5116	0.9726	2.744
209	0.5111	0.9726	2.737
210	0.5066	0.9741	2.588
211	0.5092	0.9731	2.686
212	0.5136	0.9714	2.861
213	0.5084	0.9739	2.609
214	0.5138	0.9714	2.862
215	0.5118	0.9722	2.781
216	0.5125	0.9724	2.756
217	0.5132	0.9718	2.816
218	0.5092	0.9735	2.648
219	0.5071	0.9744	2.564
220	0.5126	0.9722	2.776
221	0.5071	0.9738	2.620
222	0.5035	0.9758	2.424
223	0.5037	0.9753	2.469
224	0.5119	0.9724	2.758
225	0.5014	0.9769	2.313
226	0.4975	0.9786	2.142
227	0.5117	0.9722	2.781
228	0.5124	0.9721	2.786
229	0.4973	0.9790	2.105
230	0.5075	0.9739	2.611
231	0.5127	0.9719	2.805
232	0.5104	0.9729	2.714
233	0.5138	0.9711	2.889
234	0.5117	0.9722	2.785
235	0.5132	0.9716	2.838
236	0.5128	0.9714	2.857
237	0.5125	0.9724	2.756
238	0.5108	0.9724	2.760
239	0.5124	0.9718	2.819
240	0.5151	0.9706	2.936
241	0.5129	0.9714	2.863
242	0.5132	0.9715	2.853
243	0.5110	0.9728	2.721
244	0.5137	0.9711	2.887
245	0.5144	0.9714	2.862
246	0.5112	0.9721	2.789
247	0.4997	0.9773	2.273
248	0.5131	0.9718	2.817
249	0.5112	0.9722	2.782
250	0.4972	0.9789	2.111
251	0.5134	0.9714	2.856
252	0.5084	0.9734	2.664
253	0.5077	0.9735	2.648
254	0.5121	0.9717	2.831
255	0.5084	0.9739	2.615
256	0.5143	0.9708	2.920
257	0.5134	0.9715	2.855
258	0.5071	0.9741	2.587
259	0.5081	0.9739	2.611
260	0.4973	0.9785	2.150
261	0.4986	0.9780	2.199
262	0.5137	0.9714	2.862
263	0.5130	0.9716	2.837
264	0.5117	0.9722	2.783
265	0.5109	0.9722	2.778
266	0.5099	0.9727	2.728
267	0.5052	0.9747	2.533
268	0.5114	0.9722	2.782
269	0.5114	0.9725	2.748
270	0.5134	0.9716	2.836
271	0.5090	0.9731	2.686
272	0.5082	0.9735	2.648
273	0.5051	0.9748	2.522
274	0.5139	0.9717	2.831
275	0.5098	0.9728	2.716
276	0.5126	0.9721	2.793
277	0.5086	0.9736	2.640
278	0.5131	0.9716	2.838
279	0.5106	0.9727	2.730
280	0.5093	0.9733	2.673
281	0.5143	0.9711	2.895
282	0.4999	0.9780	2.203
283	0.5127	0.9717	2.828
284	0.5123	0.9722	2.782
285	0.5122	0.9716	2.840
286	0.5120	0.9724	2.760
287	0.5082	0.9739	2.609
288	0.5066	0.9741	2.590
289	0.5122	0.9719	2.812
290	0.5116	0.9724	2.760
291	0.5127	0.9717	2.829
292	0.5104	0.9724	2.758
293	0.5108	0.9726	2.736
294	0.5152	0.9705	2.948
295	0.5115	0.9723	2.771
296	0.5091	0.9732	2.679
297	0.5144	0.9708	2.920
298	0.5134	0.9714	2.862
299	0.5106	0.9725	2.751
300	0.5079	0.9739	2.611
301	0.5115	0.9721	2.794
302	0.5113	0.9724	2.758
303	0.5108	0.9722	2.780
304	0.5142	0.9707	2.928
305	0.5136	0.9717	2.832
306	0.5055	0.9750	2.504
307	0.5106	0.9727	2.731
308	0.5071	0.9744	2.559
309	0.5063	0.9741	2.585
310	0.4953	0.9794	2.056
311	0.5114	0.9723	2.769
312	0.5062	0.9742	2.580
313	0.5106	0.9724	2.756
314	0.5126	0.9719	2.813
315	0.5100	0.9728	2.720
316	0.5114	0.9721	2.789
317	0.5114	0.9722	2.778
318	0.5093	0.9731	2.687
319	0.5092	0.9733	2.671
320	0.5115	0.9720	2.797
321	0.5134	0.9714	2.858
322	0.5115	0.9724	2.758
323	0.5128	0.9718	2.817
324	0.5121	0.9717	2.833
325	0.5112	0.9722	2.779
326	0.5104	0.9724	2.757
327	0.5135	0.9711	2.890
328	0.5070	0.9744	2.559
329	0.5090	0.9733	2.674
330	0.5113	0.9722	2.778
331	0.5150	0.9706	2.944
332	0.5132	0.9714	2.856
333	0.5071	0.9739	2.611
334	0.5140	0.9708	2.923
335	0.5112	0.9724	2.755
336	0.5106	0.9727	2.733
337	0.5049	0.9748	2.518
338	0.5131	0.9715	2.854
339	0.4993	0.9773	2.273
340	0.5079	0.9736	2.642
341	0.5142	0.9708	2.916
342	0.5128	0.9716	2.838
343	0.5118	0.9717	2.827
344	0.5107	0.9727	2.726
345	0.5066	0.9738	2.621
346	0.5087	0.9731	2.687
347	0.5127	0.9717	2.835
348	0.5068	0.9741	2.589
349	0.5061	0.9741	2.585
350	0.5133	0.9711	2.894
351	0.5118	0.9724	2.757
352	0.5106	0.9722	2.781
353	0.5135	0.9717	2.831
354	0.5122	0.9720	2.799
355	0.5102	0.9724	2.759
356	0.4969	0.9785	2.150
357	0.5064	0.9741	2.591
358	0.5111	0.9726	2.741
359	0.5112	0.9722	2.779
360	0.5121	0.9722	2.777
361	0.5103	0.9727	2.726
362	0.4951	0.9795	2.054
363	0.5123	0.9721	2.795
364	0.5009	0.9769	2.314
365	0.5127	0.9716	2.837
366	0.5087	0.9735	2.647
367	0.5124	0.9719	2.808
368	0.4983	0.9780	2.197
369	0.5104	0.9725	2.749
370	0.5139	0.9707	2.928
371	0.4968	0.9790	2.100
372	0.5104	0.9724	2.756
373	0.5113	0.9723	2.771
374	0.4967	0.9789	2.112
375	0.5113	0.9724	2.760
376	0.5080	0.9738	2.618
377	0.5130	0.9717	2.835
378	0.5107	0.9721	2.787
379	0.5029	0.9758	2.422
380	0.5124	0.9714	2.859
381	0.5065	0.9744	2.565
382	0.5094	0.9728	2.717
383	0.5135	0.9717	2.829
384	0.5103	0.9727	2.733
385	0.5048	0.9747	2.532
386	0.5118	0.9721	2.786
387	0.5079	0.9734	2.664
388	0.5098	0.9728	2.721
389	0.5127	0.9714	2.860
390	0.5111	0.9723	2.769
391	0.5078	0.9739	2.609
392	0.5076	0.9739	2.611
393	0.5094	0.9727	2.726
394	0.5111	0.9721	2.788
395	0.5118	0.9719	2.815
396	0.4969	0.9786	2.138
397	0.5145	0.9706	2.937
398	0.5031	0.9753	2.468
399	0.5052	0.9750	2.504
400	0.5132	0.9714	2.862
401	0.5112	0.9722	2.783
402	0.5119	0.9724	2.755
403	0.5058	0.9742	2.578
404	0.5106	0.9721	2.788
405	0.5122	0.9714	2.860
406	0.5076	0.9738	2.616
407	0.5122	0.9717	2.829
408	0.5098	0.9729	2.709
409	0.5072	0.9735	2.649
410	0.5138	0.9711	2.893
411	0.5110	0.9722	2.783
412	0.5139	0.9714	2.857
413	0.5081	0.9736	2.639
414	0.5118	0.9722	2.776
415	0.5103	0.9722	2.779
416	0.4994	0.9780	2.204
417	0.5089	0.9731	2.693
418	0.5118	0.9718	2.820
419	0.5123	0.9717	2.827
420	0.5027	0.9758	2.423
421	0.5120	0.9720	2.801
422	0.5077	0.9733	2.666
423	0.5132	0.9717	2.834
424	0.5131	0.9714	2.862
425	0.5071	0.9735	2.649
426	0.5101	0.9724	2.756
427	0.5114	0.9717	2.830
428	0.4980	0.9780	2.198
429	0.5122	0.9717	2.830
430	0.5117	0.9718	2.821
431	0.5110	0.9722	2.779
432	0.5061	0.9741	2.590
433	0.5125	0.9716	2.838
434	0.5138	0.9714	2.856
435	0.5067	0.9739	2.611
436	0.5137	0.9708	2.921
437	0.5074	0.9739	2.614
438	0.5128	0.9714	2.860
439	0.5124	0.9716	2.835
440	0.5065	0.9741	2.589
441	0.5124	0.9716	2.839
442	0.5109	0.9722	2.780
443	0.5103	0.9722	2.779
444	0.5137	0.9711	2.895
445	0.5101	0.9725	2.748
446	0.5111	0.9722	2.777
447	0.5079	0.9736	2.636
448	0.5118	0.9723	2.773
449	0.5120	0.9715	2.853
450	0.5088	0.9732	2.685
451	0.5132	0.9717	2.827
452	0.5050	0.9750	2.503
453	0.5121	0.9714	2.863
454	0.5045	0.9747	2.528
455	0.5103	0.9728	2.723
456	0.5110	0.9723	2.769
457	0.5095	0.9728	2.716
458	0.5045	0.9748	2.519
459	0.5066	0.9744	2.561
460	0.5006	0.9769	2.314
461	0.5086	0.9733	2.671
462	0.5115	0.9721	2.785
463	0.5116	0.9722	2.778
464	0.5109	0.9721	2.788
465	0.4993	0.9780	2.204
466	0.5092	0.9727	2.728
467	0.5120	0.9717	2.827
468	0.5107	0.9726	2.743
469	0.5108	0.9723	2.769
470	0.5100	0.9727	2.730
471	0.5095	0.9729	2.707
472	0.5126	0.9715	2.848
473	0.5145	0.9705	2.945
474	0.5115	0.9717	2.833
475	0.5084	0.9733	2.672
476	0.5129	0.9711	2.888
477	0.5061	0.9744	2.562
478	0.4947	0.9795	2.054
479	0.5061	0.9738	2.620
480	0.5126	0.9717	2.831
481	0.5115	0.9719	2.813
482	0.4965	0.9785	2.148
483	0.5075	0.9739	2.610
484	0.5118	0.9721	2.793
485	0.4988	0.9773	2.272
486	0.5113	0.9724	2.762
487	0.5122	0.9718	2.817
488	0.5099	0.9727	2.730
489	0.5076	0.9738	2.615
490	0.5028	0.9753	2.468
491	0.5055	0.9742	2.578
492	0.5107	0.9722	2.784
493	0.5119	0.9719	2.813
494	0.5074	0.9735	2.647
495	0.5082	0.9736	2.645
496	0.5082	0.9731	2.688
497	0.5103	0.9722	2.783
498	0.5106	0.9724	2.758
499	0.5115	0.9725	2.754
500	0.5127	0.9714	2.858
501	0.5072	0.9739	2.609
502	0.5128	0.9711	2.887
503	0.4963	0.9790	2.100
504	0.5100	0.9727	2.735
505	0.5100	0.9722	2.782
506	0.5096	0.9724	2.760
507	0.5141	0.9706	2.940
508	0.5090	0.9728	2.717
509	0.5108	0.9724	2.762
510	0.4962	0.9789	2.111
511	0.5108	0.9720	2.799
512	0.5105	0.9722	2.781
513	0.5136	0.9708	2.920
514	0.5099	0.9724	2.760
515	0.5102	0.9721	2.787
516	0.5134	0.9707	2.933
517	0.4964	0.9786	2.144
518	0.5109	0.9724	2.756
519	0.5122	0.9714	2.860
520	0.5055	0.9741	2.590
521	0.5134	0.9710	2.896
522	0.5097	0.9724	2.761
523	0.5105	0.9725	2.748
524	0.4964	0.9786	2.144
525	0.5047	0.9750	2.504
526	0.5119	0.9714	2.858
527	0.5072	0.9735	2.648
528	0.5084	0.9733	2.672
529	0.5101	0.9727	2.731
530	0.5061	0.9741	2.590
531	0.5059	0.9744	2.564
532	0.5127	0.9714	2.862
533	0.5129	0.9716	2.838
534	0.5073	0.9739	2.610
535	0.5118	0.9719	2.809
536	0.5101	0.9721	2.788
537	0.5106	0.9723	2.771
538	0.5067	0.9735	2.646
539	0.5124	0.9714	2.860
540	0.4962	0.9790	2.103
541	0.5089	0.9727	2.732
542	0.5025	0.9753	2.468
543	0.5121	0.9716	2.840
544	0.5107	0.9724	2.761
545	0.4976	0.9780	2.199
546	0.5127	0.9711	2.894
547	0.5042	0.9747	2.531
548	0.5129	0.9717	2.829
549	0.5097	0.9724	2.756
550	0.5076	0.9736	2.640
551	0.5096	0.9727	2.730
552	0.5115	0.9720	2.804
553	0.5070	0.9738	2.618
554	0.5105	0.9722	2.778
555	0.5098	0.9727	2.734
556	0.5105	0.9722	2.783
557	0.5120	0.9718	2.817
558	0.5098	0.9722	2.779
559	0.5112	0.9722	2.785
560	0.5092	0.9729	2.709
561	0.5105	0.9721	2.787
562	0.5115	0.9721	2.793
563	0.4944	0.9795	2.055
564	0.5094	0.9724	2.756
565	0.5106	0.9722	2.777
566	0.5002	0.9769	2.313
567	0.5112	0.9722	2.778
568	0.5117	0.9718	2.822
569	0.5052	0.9742	2.580
570	0.5142	0.9706	2.944
571	0.5098	0.9722	2.778
572	0.5096	0.9727	2.730
573	0.5062	0.9739	2.611
574	0.5081	0.9732	2.676
575	0.5139	0.9706	2.936
576	0.5112	0.9718	2.821
577	0.5132	0.9707	2.928
578	0.5112	0.9724	2.756
579	0.5072	0.9739	2.609
580	0.5119	0.9715	2.847
581	0.5131	0.9708	2.918
582	0.5069	0.9740	2.603
583	0.5053	0.9742	2.582
584	0.5111	0.9717	2.831
585	0.5083	0.9731	2.686
586	0.5109	0.9724	2.756
587	0.5122	0.9717	2.829
588	0.5096	0.9725	2.752
589	0.5040	0.9748	2.519
590	0.4961	0.9785	2.149
591	0.4988	0.9780	2.202
592	0.5125	0.9710	2.896
593	0.5102	0.9722	2.783
594	0.5061	0.9744	2.562
595	0.5119	0.9716	2.836
596	0.5132	0.9714	2.856
597	0.5104	0.9723	2.771
598	0.5071	0.9734	2.665
599	0.4984	0.9773	2.272
600	0.5113	0.9722	2.780
601	0.5104	0.9722	2.781
602	0.5078	0.9731	2.687
603	0.5115	0.9714	2.860
604	0.5115	0.9717	2.829
605	0.5090	0.9728	2.721
606	0.5123	0.9714	2.861
607	0.5105	0.9724	2.758
608	0.5118	0.9716	2.835
609	0.5099	0.9722	2.785
610	0.5056	0.9738	2.623
611	0.5108	0.9717	2.830
612	0.5086	0.9728	2.715
613	0.5104	0.9720	2.799
614	0.5132	0.9708	2.917
615	0.5055	0.9741	2.590
616	0.5101	0.9724	2.756
617	0.5110	0.9719	2.811
618	0.4958	0.9789	2.110
619	0.5020	0.9758	2.423
620	0.5121	0.9714	2.857
621	0.5078	0.9736	2.642
622	0.5107	0.9717	2.829
623	0.5103	0.9723	2.771
624	0.5124	0.9714	2.862
625	0.5070	0.9734	2.664
626	0.5130	0.9711	2.893
627	0.5096	0.9722	2.782
628	0.5038	0.9748	2.522
629	0.5118	0.9716	2.840
630	0.5109	0.9719	2.811
631	0.5110	0.9722	2.778
632	0.4973	0.9780	2.197
633	0.5081	0.9731	2.693
634	0.4957	0.9789	2.111
635	0.5137	0.9706	2.944
636	0.5125	0.9716	2.838
637	0.5079	0.9732	2.683
638	0.5117	0.9718	2.818
639	0.5103	0.9720	2.799
640	0.5117	0.9717	2.834
641	0.5114	0.9714	2.857
642	0.5098	0.9722	2.783
643	0.4958	0.9790	2.101
644	0.5057	0.9741	2.590
645	0.5097	0.9721	2.786
646	0.5123	0.9710	2.897
647	0.5049	0.9742	2.578
648	0.4940	0.9794	2.057
649	0.5021	0.9753	2.468
650	0.5109	0.9716	2.843
651	0.5094	0.9725	2.755
652	0.5120	0.9713	2.866
653	0.5111	0.9722	2.780
654	0.5068	0.9735	2.648
655	0.5068	0.9739	2.607
656	0.5114	0.9717	2.834
657	0.5093	0.9727	2.732
658	0.5079	0.9733	2.669
659	0.5094	0.9724	2.756
660	0.5070	0.9738	2.616
661	0.5114	0.9714	2.861
662	0.5054	0.9738	2.620
663	0.5018	0.9758	2.422
664	0.5091	0.9724	2.764
665	0.5089	0.9729	2.714
666	0.5109	0.9725	2.753
667	0.5111	0.9720	2.799
668	0.4981	0.9773	2.273
669	0.5100	0.9725	2.746
670	0.5052	0.9741	2.589
671	0.5129	0.9715	2.854
672	0.5099	0.9722	2.780
673	0.4958	0.9786	2.145
674	0.5108	0.9722	2.783
675	0.5119	0.9715	2.853
676	0.5124	0.9717	2.829
677	0.5087	0.9728	2.717
678	0.5054	0.9744	2.563
679	0.5071	0.9736	2.638
680	0.5094	0.9727	2.735
681	0.5058	0.9744	2.561
682	0.5062	0.9735	2.648
683	0.5075	0.9731	2.689
684	0.5058	0.9739	2.609
685	0.5049	0.9741	2.586
686	0.5118	0.9717	2.834
687	0.5130	0.9708	2.919
688	0.5094	0.9722	2.777
689	0.5112	0.9719	2.811
690	0.5100	0.9722	2.777
691	0.4984	0.9779	2.206
692	0.5083	0.9727	2.732
693	0.5095	0.9727	2.728
694	0.5099	0.9724	2.756
695	0.5083	0.9728	2.716
696	0.5115	0.9716	2.839
697	0.5100	0.9722	2.782
698	0.5111	0.9721	2.792
699	0.5075	0.9736	2.643
700	0.5111	0.9718	2.824
701	0.5137	0.9706	2.944
702	0.4958	0.9786	2.138
703	0.5115	0.9714	2.857
704	0.5101	0.9722	2.778
705	0.5100	0.9723	2.770
706	0.5091	0.9724	2.756
707	0.5105	0.9724	2.755
708	0.5107	0.9718	2.820
709	0.5119	0.9715	2.853
710	0.5099	0.9722	2.779
711	0.5100	0.9724	2.757
712	0.5064	0.9740	2.603
713	0.5101	0.9724	2.756
714	0.5041	0.9750	2.504
715	0.5064	0.9740	2.602
716	0.4997	0.9768	2.317
717	0.5121	0.9711	2.887
718	0.5126	0.9708	2.919
719	0.5036	0.9747	2.528
720	0.5090	0.9727	2.725
721	0.5100	0.9722	2.785
722	0.5127	0.9707	2.926
723	0.5117	0.9714	2.856
724	0.5054	0.9741	2.585
725	0.5091	0.9725	2.746
726	0.5073	0.9731	2.687
727	0.5100	0.9723	2.768
728	0.5111	0.9718	2.821
729	0.4956	0.9785	2.149
730	0.5136	0.9706	2.944
731	0.5066	0.9733	2.666
732	0.5114	0.9717	2.833
733	0.5086	0.9729	2.705
734	0.5092	0.9726	2.735
735	0.5085	0.9729	2.715
736	0.5093	0.9728	2.723
737	0.4954	0.9789	2.109
738	0.5106	0.9718	2.820
739	0.5109	0.9721	2.792
740	0.4957	0.9786	2.136
741	0.4979	0.9773	2.275
742	0.5097	0.9726	2.739
743	0.5069	0.9736	2.637
744	0.5107	0.9723	2.773
745	0.5077	0.9732	2.684
746	0.5128	0.9709	2.913
747	0.5018	0.9753	2.468
748	0.5126	0.9707	2.927
749	0.5060	0.9735	2.647
750	0.5015	0.9758	2.423
751	0.5089	0.9724	2.758
752	0.5098	0.9722	2.778
753	0.5100	0.9724	2.758
754	0.5096	0.9724	2.756
755	0.5121	0.9717	2.831
756	0.4982	0.9780	2.205
757	0.5113	0.9716	2.840
758	0.5126	0.9715	2.854
759	0.5093	0.9722	2.782
760	0.5105	0.9722	2.783
761	0.5109	0.9715	2.854
762	0.5051	0.9744	2.563
763	0.4954	0.9790	2.100
764	0.5118	0.9711	2.894
765	0.5045	0.9742	2.577
766	0.5049	0.9741	2.586
767	0.5046	0.9741	2.588
768	0.5104	0.9719	2.809
769	0.5132	0.9706	2.942
770	0.5109	0.9717	2.827
771	0.5063	0.9735	2.646
772	0.5110	0.9714	2.860
773	0.5064	0.9739	2.611
774	0.5099	0.9722	2.783
775	0.5097	0.9722	2.781
776	0.5102	0.9717	2.830
777	0.5092	0.9721	2.786
778	0.5124	0.9708	2.919
779	0.5112	0.9718	2.818
780	0.5098	0.9724	2.762
781	0.5055	0.9739	2.609
782	0.5091	0.9722	2.777
783	0.5090	0.9722	2.782
784	0.5125	0.9711	2.895
785	0.5062	0.9739	2.614
786	0.5102	0.9724	2.760
787	0.5112	0.9715	2.854
788	0.5054	0.9744	2.557
789	0.4935	0.9795	2.052
790	0.5107	0.9720	2.800
791	0.5097	0.9723	2.768
792	0.5088	0.9727	2.729
793	0.5079	0.9729	2.710
794	0.5119	0.9717	2.831
795	0.5118	0.9711	2.887
796	0.5080	0.9728	2.721
797	0.5061	0.9739	2.607
798	0.5032	0.9748	2.519
799	0.5095	0.9723	2.775
800	0.4967	0.9780	2.196
801	0.5064	0.9739	2.613
802	0.5086	0.9724	2.756
803	0.5033	0.9747	2.527
804	0.5114	0.9715	2.853
805	0.5117	0.9714	2.859
806	0.5074	0.9733	2.672
807	0.5116	0.9715	2.853
808	0.5096	0.9722	2.785
809	0.5072	0.9733	2.669
810	0.5087	0.9727	2.726
811	0.5103	0.9723	2.770
812	0.5114	0.9717	2.830
813	0.5103	0.9717	2.833
814	0.5097	0.9721	2.791
815	0.5096	0.9722	2.779
816	0.4993	0.9769	2.314
817	0.5104	0.9725	2.755
818	0.5037	0.9750	2.503
819	0.5070	0.9735	2.647
820	0.5088	0.9725	2.751
821	0.5049	0.9738	2.620
822	0.5107	0.9719	2.809
823	0.5110	0.9717	2.832
824	0.5051	0.9741	2.589
825	0.5066	0.9736	2.638
826	0.5108	0.9718	2.820
827	0.5106	0.9721	2.793
828	0.4952	0.9790	2.099
829	0.5110	0.9717	2.831
830	0.5100	0.9717	2.828
831	0.5069	0.9731	2.688
832	0.5103	0.9725	2.753
833	0.5117	0.9717	2.831
834	0.4950	0.9789	2.109
835	0.4966	0.9780	2.195
836	0.5071	0.9732	2.677
837	0.5061	0.9736	2.643
838	0.5116	0.9714	2.862
839	0.5093	0.9726	2.741
840	0.4992	0.9769	2.313
841	0.4975	0.9773	2.273
842	0.5110	0.9716	2.840
843	0.5096	0.9724	2.761
844	0.5082	0.9729	2.706
845	0.5060	0.9739	2.611
846	0.5069	0.9736	2.644
847	0.5059	0.9739	2.607
848	0.5048	0.9738	2.618
849	0.5077	0.9729	2.714
850	0.4951	0.9785	2.147
851	0.5114	0.9714	2.858
852	0.5085	0.9724	2.756
853	0.5089	0.9728	2.724
854	0.5046	0.9741	2.588
855	0.5117	0.9717	2.830
856	0.5095	0.9723	2.766
857	0.5088	0.9722	2.776
858	0.5132	0.9705	2.945
859	0.5035	0.9750	2.500
860	0.5107	0.9714	2.862
861	0.4932	0.9795	2.054
862	0.5030	0.9747	2.528
863	0.5104	0.9720	2.802
864	0.5095	0.9721	2.789
865	0.5094	0.9722	2.778
866	0.5121	0.9711	2.892
867	0.5109	0.9717	2.833
868	0.5061	0.9734	2.664
869	0.5122	0.9714	2.860
870	0.5105	0.9718	2.823
871	0.5051	0.9744	2.559
872	0.4978	0.9780	2.202
873	0.5115	0.9711	2.888
874	0.5060	0.9739	2.609
875	0.5103	0.9723	2.772
876	0.5051	0.9739	2.611
877	0.5094	0.9722	2.778
878	0.5047	0.9744	2.564
879	0.5105	0.9715	2.855
880	0.5086	0.9727	2.733
881	0.5093	0.9722	2.782
882	0.4951	0.9786	2.140
883	0.5094	0.9720	2.797
884	0.5076	0.9727	2.728
885	0.5086	0.9724	2.758
886	0.5085	0.9727	2.731
887	0.5111	0.9714	2.859
888	0.5109	0.9714	2.858
889	0.5041	0.9742	2.578
890	0.5093	0.9723	2.767
891	0.5108	0.9718	2.817
892	0.5089	0.9722	2.783
893	0.5095	0.9722	2.778
894	0.5029	0.9748	2.520
895	0.5085	0.9725	2.746
896	0.5086	0.9722	2.778
897	0.5105	0.9719	2.809
898	0.5079	0.9728	2.717
899	0.5054	0.9735	2.648
900	0.5100	0.9722	2.783
901	0.5091	0.9724	2.756
902	0.5127	0.9706	2.937
903	0.5088	0.9721	2.787
904	0.5012	0.9753	2.466
905	0.5082	0.9724	2.760
906	0.5122	0.9708	2.919
907	0.5110	0.9716	2.835
908	0.5100	0.9716	2.839
909	0.5098	0.9724	2.761
910	0.5091	0.9722	2.780
911	0.5070	0.9733	2.670
912	0.5119	0.9708	2.920
913	0.5083	0.9727	2.727
914	0.5099	0.9719	2.810
915	0.5041	0.9741	2.586
916	0.5094	0.9724	2.757
917	0.5100	0.9718	2.816
918	0.5120	0.9707	2.926
919	0.5071	0.9731	2.688
920	0.5060	0.9739	2.611
921	0.5110	0.9715	2.852
922	0.5113	0.9711	2.889
923	0.5009	0.9758	2.423
924	0.5099	0.9723	2.774
925	0.5009	0.9758	2.424
926	0.5059	0.9739	2.608
927	0.5113	0.9711	2.888
928	0.5099	0.9716	2.837
929	0.5087	0.9721	2.787
930	0.5085	0.9727	2.730
931	0.5092	0.9723	2.767
932	0.5057	0.9739	2.613
933	0.5093	0.9722	2.779
934	0.5107	0.9715	2.854
935	0.5082	0.9727	2.727
936	0.5103	0.9715	2.853
937	0.5085	0.9722	2.776
938	0.5044	0.9738	2.620
939	0.5098	0.9722	2.783
940	0.5059	0.9739	2.611
941	0.5056	0.9740	2.605
942	0.5109	0.9714	2.855
943	0.4948	0.9785	2.147
944	0.5119	0.9714	2.859
945	0.5069	0.9733	2.670
946	0.5102	0.9718	2.823
947	0.5078	0.9730	2.704
948	0.4988	0.9769	2.311
949	0.5070	0.9731	2.686
950	0.5049	0.9739	2.610
951	0.5042	0.9741	2.589
952	0.5077	0.9728	2.719
953	0.5067	0.9732	2.679
954	0.5082	0.9724	2.758
955	0.5099	0.9725	2.753
956	0.5091	0.9722	2.778
957	0.5090	0.9722	2.781
958	0.5011	0.9753	2.467
959	0.5092	0.9720	2.798
960	0.5074	0.9727	2.725
961	0.5114	0.9717	2.828
962	0.5111	0.9711	2.892
963	0.5084	0.9722	2.779
964	0.5105	0.9716	2.838
965	0.5090	0.9722	2.778
966	0.5108	0.9717	2.831
967	0.5117	0.9708	2.918
968	0.5064	0.9731	2.688
969	0.5098	0.9723	2.773
970	0.5060	0.9736	2.636
971	0.5089	0.9724	2.756
972	0.5118	0.9711	2.892
973	0.5082	0.9727	2.727
974	0.5095	0.9717	2.827
975	0.5095	0.9724	2.757
976	0.5097	0.9719	2.811
977	0.5092	0.9725	2.755
978	0.5056	0.9736	2.642
979	0.5105	0.9717	2.831
980	0.5097	0.9718	2.818
981	0.4961	0.9780	2.195
982	0.5082	0.9725	2.754
983	0.5064	0.9735	2.646
984	0.4945	0.9789	2.108
985	0.5102	0.9718	2.824
986	0.5037	0.9742	2.578
987	0.5107	0.9715	2.853
988	0.5085	0.9722	2.781
989	0.5090	0.9721	2.787
990	0.5127	0.9706	2.940
991	0.5105	0.9717	2.833
992	0.5100	0.9721	2.792
993	0.5099	0.9720	2.800
994	0.5098	0.9723	2.769
995	0.5043	0.9744	2.559
996	0.4948	0.9787	2.134
997	0.4946	0.9790	2.099
998	0.5124	0.9706	2.937
999	0.5109	0.9715	2.855
1000	0.5025	0.9748	2.520
1001	0.5087	0.9722	2.778
1002	0.5057	0.9734	2.663
1003	0.5118	0.9709	2.914
1004	0.5090	0.9723	2.768
1005	0.4969	0.9773	2.273
1006	0.5088	0.9725	2.747
1007	0.5078	0.9724	2.757
1008	0.4973	0.9780	2.203
1009	0.4927	0.9794	2.057
1010	0.5050	0.9735	2.647
1011	0.5029	0.9749	2.506
1012	0.5117	0.9707	2.933
1013	0.5037	0.9741	2.593
1014	0.5101	0.9714	2.864
1015	0.5025	0.9747	2.528
1016	0.5110	0.9713	2.867
1017	0.5046	0.9743	2.566
1018	0.5103	0.9718	2.822
1019	0.5044	0.9741	2.589
1020	0.5071	0.9728	2.717
1021	0.5101	0.9720	2.805
1022	0.5090	0.9724	2.761
1023	0.5111	0.9716	2.835
1024	0.5080	0.9725	2.751
1025	0.5083	0.9728	2.724
1026	0.5080	0.9725	2.746
1027	0.4968	0.9773	2.273
1028	0.5063	0.9735	2.645
1029	0.5089	0.9721	2.788
1030	0.5024	0.9748	2.520
1031	0.5083	0.9721	2.786
1032	0.5088	0.9722	2.777
1033	0.5096	0.9725	2.752
1034	0.4985	0.9769	2.312
1035	0.5089	0.9724	2.760
1036	0.5089	0.9723	2.768
1037	0.5005	0.9758	2.422
1038	0.5111	0.9717	2.826
1039	0.5075	0.9729	2.708
1040	0.5115	0.9707	2.928
1041	0.5098	0.9720	2.800
1042	0.5053	0.9739	2.610
1043	0.5095	0.9723	2.773
1044	0.5052	0.9739	2.606
1045	0.5080	0.9725	2.748
1046	0.5039	0.9741	2.586
1047	0.5095	0.9717	2.835
1048	0.5105	0.9715	2.852
1049	0.4945	0.9786	2.137
1050	0.4958	0.9781	2.195
1051	0.5102	0.9718	2.817
1052	0.5122	0.9706	2.936
1053	0.5077	0.9724	2.757
1054	0.5036	0.9742	2.584
1055	0.5102	0.9717	2.832
1056	0.5061	0.9731	2.688
1057	0.5089	0.9724	2.759
1058	0.5055	0.9739	2.611
1059	0.5044	0.9744	2.561
1060	0.5063	0.9733	2.673
1061	0.5045	0.9739	2.611
1062	0.5098	0.9718	2.824
1063	0.5102	0.9717	2.828
1064	0.5073	0.9728	2.715
1065	0.5040	0.9738	2.618
1066	0.5102	0.9715	2.852
1067	0.5082	0.9722	2.780
1068	0.5086	0.9722	2.779
1069	0.5028	0.9750	2.501
1070	0.5087	0.9721	2.792
1071	0.5053	0.9739	2.609
1072	0.5094	0.9718	2.817
1073	0.5054	0.9734	2.663
1074	0.4942	0.9789	2.107
1075	0.5093	0.9719	2.813
1076	0.5048	0.9735	2.647
1077	0.5079	0.9727	2.731
1078	0.5098	0.9715	2.853
1079	0.5091	0.9717	2.827
1080	0.5115	0.9709	2.914
1081	0.5088	0.9722	2.780
1082	0.5113	0.9708	2.917
1083	0.5077	0.9724	2.756
1084	0.5069	0.9729	2.713
1085	0.5097	0.9721	2.793
1086	0.5034	0.9742	2.576
1087	0.5056	0.9736	2.637
1088	0.5052	0.9736	2.642
1089	0.5086	0.9722	2.776
1090	0.5084	0.9722	2.779
1091	0.5107	0.9711	2.887
1092	0.5006	0.9753	2.467
1093	0.5106	0.9714	2.857
1094	0.5114	0.9714	2.856
1095	0.5098	0.9714	2.859
1096	0.4942	0.9790	2.099
1097	0.5022	0.9747	2.529
1098	0.4942	0.9786	2.144
1099	0.5106	0.9711	2.893
1100	0.5098	0.9719	2.807
1101	0.5069	0.9727	2.726
1102	0.5091	0.9724	2.760
1103	0.5077	0.9727	2.730
1104	0.5094	0.9723	2.772
1105	0.5079	0.9723	2.774
1106	0.5063	0.9733	2.670
1107	0.5092	0.9722	2.784
1108	0.5097	0.9718	2.821
1109	0.5040	0.9741	2.586
1110	0.5113	0.9711	2.894
1111	0.5107	0.9717	2.828
1112	0.5100	0.9717	2.832
1113	0.5122	0.9706	2.940
1114	0.5079	0.9728	2.720
1115	0.5076	0.9727	2.726
1116	0.5103	0.9717	2.826
1117	0.4969	0.9780	2.201
1118	0.5085	0.9723	2.768
1119	0.5106	0.9714	2.860
1120	0.5078	0.9722	2.778
1121	0.5083	0.9726	2.737
1122	0.4923	0.9795	2.050
1123	0.5064	0.9731	2.687
1124	0.5083	0.9725	2.755
1125	0.5103	0.9714	2.857
1126	0.5038	0.9744	2.560
1127	0.5099	0.9718	2.816
1128	0.5072	0.9729	2.708
1129	0.5092	0.9716	2.838
1130	0.5107	0.9717	2.832
1131	0.5097	0.9714	2.860
1132	0.5077	0.9725	2.753
1133	0.5071	0.9728	2.717
1134	0.5059	0.9736	2.641
1135	0.5097	0.9718	2.821
1136	0.5085	0.9724	2.756
1137	0.4941	0.9790	2.098
1138	0.5075	0.9727	2.729
1139	0.5032	0.9742	2.577
1140	0.4942	0.9786	2.141
1141	0.5076	0.9727	2.728
1142	0.5086	0.9722	2.781
1143	0.5049	0.9738	2.617
1144	0.5082	0.9725	2.755
1145	0.5042	0.9739	2.610
1146	0.5054	0.9736	2.637
1147	0.5037	0.9738	2.618
1148	0.5041	0.9744	2.561
1149	0.5077	0.9727	2.730
1150	0.5084	0.9723	2.766
1151	0.5094	0.9721	2.793
1152	0.5074	0.9725	2.755
1153	0.5060	0.9733	2.674
1154	0.5083	0.9722	2.777
1155	0.5098	0.9717	2.828
1156	0.5035	0.9741	2.586
1157	0.5077	0.9722	2.778
1158	0.5039	0.9741	2.589
1159	0.5050	0.9736	2.642
1160	0.5099	0.9714	2.856
1161	0.5092	0.9723	2.771
1162	0.5050	0.9739	2.608
1163	0.5019	0.9748	2.519
1164	0.5079	0.9722	2.780
1165	0.5101	0.9714	2.856
1166	0.5003	0.9753	2.466
1167	0.5077	0.9722	2.777
1168	0.5084	0.9721	2.787
1169	0.5024	0.9750	2.501
1170	0.4967	0.9779	2.205
1171	0.5083	0.9722	2.783
1172	0.5111	0.9715	2.855
1173	0.5095	0.9719	2.809
1174	0.4953	0.9781	2.194
1175	0.5094	0.9717	2.828
1176	0.5112	0.9708	2.918
1177	0.5036	0.9744	2.560
1178	0.5088	0.9724	2.762
1179	0.5081	0.9726	2.743
1180	0.5120	0.9706	2.944
1181	0.5031	0.9742	2.581
1182	0.4939	0.9786	2.144
1183	0.5044	0.9735	2.648
1184	0.5083	0.9721	2.795
1185	0.5094	0.9714	2.857
1186	0.5110	0.9711	2.892
1187	0.5100	0.9715	2.851
1188	0.5074	0.9726	2.745
1189	0.5065	0.9728	2.722
1190	0.5103	0.9714	2.860
1191	0.5090	0.9718	2.817
1192	0.5060	0.9733	2.669
1193	0.5082	0.9722	2.777
1194	0.5050	0.9739	2.611
1195	0.5019	0.9747	2.527
1196	0.5089	0.9722	2.783
1197	0.5084	0.9724	2.756
1198	0.4937	0.9789	2.107
1199	0.5049	0.9734	2.664
1200	0.5076	0.9727	2.725
1201	0.5080	0.9722	2.777
1202	0.5092	0.9720	2.796
1203	0.4999	0.9758	2.422
1204	0.5082	0.9723	2.766
1205	0.5109	0.9708	2.925
1206	0.5090	0.9725	2.752
1207	0.5088	0.9719	2.812
1208	0.5109	0.9708	2.917
1209	0.5056	0.9731	2.688
1210	0.5064	0.9729	2.712
1211	0.5101	0.9715	2.854
1212	0.5102	0.9711	2.889
1213	0.5097	0.9717	2.833
1214	0.5086	0.9717	2.827
1215	0.4920	0.9795	2.050
1216	0.5103	0.9711	2.887
1217	0.5089	0.9723	2.774
1218	0.5071	0.9724	2.756
1219	0.4961	0.9773	2.274
1220	0.5076	0.9721	2.786
1221	0.5046	0.9739	2.610
1222	0.5060	0.9731	2.687
1223	0.5099	0.9716	2.836
1224	0.5104	0.9717	2.825
1225	0.5096	0.9716	2.838
1226	0.5115	0.9707	2.935
1227	0.4978	0.9769	2.313
1228	0.5102	0.9711	2.890
1229	0.5086	0.9724	2.758
1230	0.5088	0.9722	2.782
1231	0.5082	0.9724	2.757
1232	0.5029	0.9742	2.580
1233	0.5110	0.9709	2.911
1234	0.4961	0.9773	2.271
1235	0.5081	0.9722	2.777
1236	0.5108	0.9708	2.918
1237	0.5058	0.9733	2.669
1238	0.5060	0.9731	2.687
1239	0.4937	0.9790	2.099
1240	0.5071	0.9727	2.726
1241	0.4964	0.9780	2.203
1242	0.5076	0.9722	2.782
1243	0.4997	0.9758	2.422
1244	0.5021	0.9749	2.506
1245	0.5046	0.9738	2.625
1246	0.5063	0.9728	2.718
1247	0.4937	0.9786	2.143
1248	0.5079	0.9724	2.758
1249	0.5071	0.9723	2.765
1250	0.4977	0.9769	2.314
1251	0.5081	0.9723	2.774
1252	0.5073	0.9722	2.784
1253	0.5078	0.9722	2.778
1254	0.5067	0.9728	2.723
1255	0.5031	0.9741	2.591
1256	0.5072	0.9724	2.755
1257	0.5032	0.9738	2.623
1258	0.5117	0.9705	2.946
1259	0.5035	0.9741	2.590
1260	0.5084	0.9717	2.832
1261	0.5095	0.9715	2.847
1262	0.5088	0.9718	2.821
1263	0.5100	0.9714	2.855
1264	0.5092	0.9717	2.827
1265	0.5079	0.9722	2.782
1266	0.5092	0.9720	2.802
1267	0.5086	0.9720	2.805
1268	0.4918	0.9795	2.054
1269	0.5071	0.9725	2.749
1270	0.5067	0.9729	2.713
1271	0.5081	0.9724	2.755
1272	0.5094	0.9718	2.816
1273	0.5089	0.9720	2.800
1274	0.5101	0.9712	2.885
1275	0.5062	0.9728	2.722
1276	0.5088	0.9723	2.772
1277	0.4937	0.9786	2.138
1278	0.5047	0.9734	2.663
1279	0.4999	0.9754	2.465
1280	0.4949	0.9781	2.195
1281	0.5053	0.9731	2.690
1282	0.5113	0.9706	2.940
1283	0.5094	0.9717	2.834
1284	0.5072	0.9727	2.726
1285	0.5106	0.9707	2.930
1286	0.5079	0.9721	2.786
1287	0.5080	0.9720	2.796
1288	0.5036	0.9739	2.608
1289	0.5014	0.9748	2.520
1290	0.5091	0.9714	2.859
1291	0.5080	0.9722	2.779
1292	0.5049	0.9736	2.638
1293	0.5073	0.9727	2.725
1294	0.5070	0.9727	2.729
1295	0.5072	0.9722	2.777
1296	0.5039	0.9735	2.646
1297	0.5026	0.9742	2.575
1298	0.5086	0.9722	2.777
1299	0.5046	0.9739	2.609
1300	0.5085	0.9716	2.836
1301	0.5068	0.9724	2.757
1302	0.5079	0.9723	2.768
1303	0.5045	0.9739	2.607
1304	0.5035	0.9744	2.561
1305	0.5096	0.9717	2.833
1306	0.5089	0.9721	2.789
1307	0.5053	0.9736	2.644
1308	0.5079	0.9721	2.787
1309	0.5101	0.9717	2.828
1310	0.5044	0.9736	2.641
1311	0.5089	0.9718	2.824
1312	0.5054	0.9733	2.672
1313	0.5076	0.9727	2.735
1314	0.5106	0.9714	2.861
1315	0.5095	0.9716	2.844
1316	0.5086	0.9724	2.756
1317	0.5093	0.9716	2.843
1318	0.5096	0.9715	2.852
1319	0.5098	0.9714	2.857
1320	0.5031	0.9744	2.555
1321	0.5092	0.9717	2.828
1322	0.5042	0.9740	2.602
1323	0.5089	0.9715	2.846
1324	0.5073	0.9721	2.786
1325	0.5099	0.9717	2.829
1326	0.4933	0.9789	2.107
1327	0.5105	0.9711	2.890
1328	0.5014	0.9747	2.527
1329	0.5044	0.9739	2.608
1330	0.5085	0.9725	2.750
1331	0.5052	0.9735	2.647
1332	0.5056	0.9732	2.684
1333	0.5072	0.9721	2.785
1334	0.5073	0.9722	2.780
1335	0.5098	0.9711	2.887
1336	0.5098	0.9711	2.888
1337	0.5055	0.9733	2.669
1338	0.5071	0.9728	2.721
1339	0.5025	0.9742	2.576
1340	0.5084	0.9719	2.812
1341	0.5082	0.9724	2.756
1342	0.5032	0.9741	2.585
1343	0.5078	0.9722	2.776
1344	0.4933	0.9790	2.098
1345	0.5104	0.9707	2.926
1346	0.5066	0.9724	2.758
1347	0.5018	0.9750	2.501
1348	0.5075	0.9725	2.754
1349	0.5060	0.9728	2.723
1350	0.5089	0.9718	2.822
1351	0.5034	0.9739	2.610
1352	0.5104	0.9708	2.919
1353	0.5077	0.9723	2.765
1354	0.5076	0.9721	2.786
1355	0.5088	0.9717	2.828
1356	0.5077	0.9721	2.795
1357	0.5063	0.9728	2.718
1358	0.4934	0.9786	2.139
1359	0.5070	0.9722	2.777
1360	0.5083	0.9716	2.837
1361	0.5091	0.9716	2.840
1362	0.5089	0.9714	2.858
1363	0.5077	0.9721	2.790
1364	0.5110	0.9707	2.934
1365	0.5069	0.9727	2.731
1366	0.5029	0.9738	2.618
1367	0.5104	0.9715	2.855
1368	0.5098	0.9717	2.831
1369	0.5078	0.9724	2.756
1370	0.5037	0.9735	2.647
1371	0.5042	0.9736	2.645
1372	0.5090	0.9717	2.831
1373	0.5024	0.9742	2.584
1374	0.5067	0.9728	2.724
1375	0.5074	0.9726	2.742
1376	0.5041	0.9739	2.614
1377	0.5103	0.9711	2.892
1378	0.5040	0.9740	2.604
1379	0.5027	0.9741	2.585
1380	0.5069	0.9722	2.779
1381	0.5098	0.9717	2.829
1382	0.5011	0.9748	2.520
1383	0.5094	0.9714	2.856
1384	0.5083	0.9718	2.817
1385	0.5096	0.9714	2.859
1386	0.5075	0.9722	2.778
1387	0.5066	0.9725	2.755
1388	0.5095	0.9715	2.851
1389	0.5104	0.9709	2.910
1390	0.5067	0.9726	2.743
1391	0.4931	0.9789	2.107
1392	0.5089	0.9718	2.816
1393	0.4932	0.9786	2.144
1394	0.4992	0.9758	2.421
1395	0.5079	0.9717	2.828
1396	0.5075	0.9723	2.774
1397	0.5067	0.9725	2.751
1398	0.5112	0.9706	2.945
1399	0.5085	0.9721	2.789
1400	0.5043	0.9739	2.609
1401	0.5028	0.9744	2.562
1402	0.5042	0.9734	2.663
1403	0.5049	0.9731	2.688
1404	0.4913	0.9795	2.051
1405	0.5090	0.9715	2.854
1406	0.5011	0.9747	2.529
1407	0.5045	0.9736	2.637
1408	0.5062	0.9730	2.703
1409	0.5086	0.9720	2.805
1410	0.4972	0.9769	2.311
1411	0.4954	0.9773	2.274
1412	0.5092	0.9715	2.850
1413	0.5074	0.9723	2.768
1414	0.5075	0.9724	2.757
1415	0.5066	0.9727	2.727
1416	0.5031	0.9744	2.559
1417	0.4959	0.9780	2.202
1418	0.5072	0.9722	2.778
1419	0.5050	0.9733	2.675
1420	0.5081	0.9722	2.780
1421	0.5084	0.9720	2.798
1422	0.5083	0.9723	2.768
1423	0.5057	0.9729	2.710
1424	0.4994	0.9753	2.467
1425	0.4945	0.9781	2.192
1426	0.5092	0.9717	2.834
1427	0.5085	0.9715	2.853
1428	0.5081	0.9722	2.776
1429	0.5089	0.9717	2.834
1430	0.5072	0.9725	2.754
1431	0.5093	0.9715	2.852
1432	0.5086	0.9718	2.819
1433	0.5085	0.9719	2.806
1434	0.5061	0.9730	2.700
1435	0.5081	0.9723	2.771
1436	0.5010	0.9747	2.527
1437	0.5038	0.9740	2.604
1438	0.5052	0.9732	2.684
1439	0.5101	0.9708	2.923
1440	0.4930	0.9790	2.096
1441	0.5080	0.9722	2.781
1442	0.5080	0.9719	2.810
1443	0.5056	0.9728	2.721
1444	0.5085	0.9715	2.852
1445	0.5102	0.9709	2.911
1446	0.5067	0.9728	2.721
1447	0.5078	0.9717	2.825
1448	0.5039	0.9736	2.641
1449	0.5038	0.9740	2.604
1450	0.5021	0.9742	2.576
1451	0.5080	0.9716	2.835
1452	0.5047	0.9736	2.645
1453	0.5059	0.9728	2.717
1454	0.5068	0.9721	2.785
1455	0.5073	0.9722	2.784
1456	0.5093	0.9711	2.889
1457	0.5049	0.9733	2.671
1458	0.5073	0.9722	2.777
1459	0.5014	0.9750	2.499
1460	0.5100	0.9711	2.891
1461	0.5110	0.9706	2.941
1462	0.5030	0.9739	2.608
1463	0.5084	0.9718	2.822
1464	0.5026	0.9738	2.617
1465	0.5062	0.9724	2.755
1466	0.5090	0.9717	2.827
1467	0.5082	0.9720	2.796
1468	0.4953	0.9773	2.273
1469	0.5064	0.9726	2.743
1470	0.5074	0.9724	2.756
1471	0.5029	0.9744	2.559
1472	0.5080	0.9719	2.815
1473	0.4929	0.9785	2.146
1474	0.5063	0.9727	2.725
1475	0.4956	0.9780	2.202
1476	0.5046	0.9731	2.689
1477	0.5081	0.9723	2.774
1478	0.4969	0.9769	2.310
1479	0.5087	0.9717	2.832
1480	0.5020	0.9742	2.585
1481	0.5073	0.9722	2.778
1482	0.5090	0.9714	2.858
1483	0.5072	0.9723	2.765
1484	0.5033	0.9735	2.648
1485	0.4927	0.9789	2.109
1486	0.5095	0.9717	2.828
1487	0.4991	0.9753	2.467
1488	0.5065	0.9727	2.726
1489	0.5093	0.9714	2.861
1490	0.5023	0.9741	2.588
1491	0.5094	0.9717	2.835
1492	0.5071	0.9722	2.782
1493	0.5073	0.9724	2.759
1494	0.5062	0.9724	2.760
1495	0.5038	0.9739	2.606
1496	0.5049	0.9733	2.668
1497	0.5070	0.9725	2.748
1498	0.5071	0.9722	2.778
1499	0.5063	0.9727	2.730
1500	0.5039	0.9739	2.607
1501	0.5076	0.9725	2.755
1502	0.5041	0.9737	2.634
1503	0.5099	0.9714	2.862
1504	0.5083	0.9714	2.860
1505	0.5086	0.9718	2.824
1506	0.5069	0.9723	2.775
1507	0.5072	0.9721	2.786
1508	0.5071	0.9723	2.767
1509	0.5064	0.9723	2.774
1510	0.5079	0.9725	2.754
1511	0.5063	0.9725	2.747
1512	0.5053	0.9729	2.711
1513	0.5088	0.9716	2.843
1514	0.4942	0.9781	2.194
1515	0.5098	0.9708	2.916
1516	0.5105	0.9707	2.929
1517	0.5085	0.9719	2.815
1518	0.5007	0.9748	2.518
1519	0.5081	0.9721	2.788
1520	0.4909	0.9795	2.050
1521	0.5066	0.9722	2.778
1522	0.5085	0.9717	2.827
1523	0.5086	0.9715	2.848
1524	0.5064	0.9722	2.775
1525	0.5024	0.9744	2.562
1526	0.4988	0.9758	2.420
1527	0.4928	0.9786	2.136
1528	0.5038	0.9734	2.663
1529	0.5091	0.9711	2.885
1530	0.5025	0.9741	2.588
1531	0.5093	0.9718	2.825
1532	0.4987	0.9758	2.421
1533	0.5035	0.9738	2.617
1534	0.5082	0.9714	2.858
1535	0.5091	0.9711	2.889
1536	0.5070	0.9722	2.781
1537	0.4927	0.9786	2.142
1538	0.4967	0.9769	2.311
1539	0.5107	0.9705	2.945
1540	0.5079	0.9723	2.774
1541	0.5065	0.9722	2.783
1542	0.5056	0.9728	2.719
1543	0.5036	0.9739	2.606
1544	0.5062	0.9725	2.754
1545	0.5097	0.9707	2.929
1546	0.5070	0.9722	2.778
1547	0.5071	0.9722	2.778
1548	0.5062	0.9727	2.730
1549	0.5064	0.9728	2.721
1550	0.5070	0.9723	2.766
1551	0.5070	0.9721	2.788
1552	0.5098	0.9709	2.913
1553	0.4940	0.9781	2.191
1554	0.5085	0.9714	2.855
1555	0.5076	0.9719	2.808
1556	0.5084	0.9719	2.815
1557	0.5081	0.9718	2.819
1558	0.5074	0.9724	2.756
1559	0.5084	0.9717	2.827
1560	0.5047	0.9733	2.666
1561	0.5060	0.9727	2.725
1562	0.5021	0.9741	2.587
1563	0.4924	0.9789	2.106
1564	0.5022	0.9738	2.617
1565	0.5060	0.9724	2.756
1566	0.5087	0.9715	2.853
1567	0.5045	0.9733	2.672
1568	0.4925	0.9790	2.097
1569	0.5043	0.9736	2.642
1570	0.5026	0.9744	2.560
1571	0.5068	0.9723	2.766
1572	0.5097	0.9714	2.858
1573	0.5088	0.9715	2.849
1574	0.5089	0.9714	2.858
1575	0.5078	0.9720	2.799
1576	0.5073	0.9718	2.822
1577	0.5059	0.9727	2.725
1578	0.5079	0.9721	2.789
1579	0.5067	0.9723	2.774
1580	0.5086	0.9715	2.852
1581	0.5076	0.9719	2.812
1582	0.5102	0.9707	2.926
1583	0.5036	0.9740	2.603
1584	0.5080	0.9720	2.803
1585	0.5042	0.9731	2.685
1586	0.5095	0.9709	2.914
1587	0.5057	0.9725	2.754
1588	0.5079	0.9716	2.845
1589	0.5035	0.9734	2.661
1590	0.5069	0.9721	2.787
1591	0.5016	0.9742	2.576
1592	0.5075	0.9723	2.769
1593	0.5061	0.9723	2.774
1594	0.5051	0.9729	2.711
1595	0.5029	0.9735	2.646
1596	0.5004	0.9747	2.528
1597	0.5016	0.9742	2.577
1598	0.5004	0.9748	2.520
1599	0.5086	0.9716	2.835
1600	0.5089	0.9712	2.884
1601	0.5059	0.9725	2.746
1602	0.4948	0.9773	2.274
1603	0.5008	0.9750	2.502
1604	0.5066	0.9726	2.745
1605	0.5021	0.9744	2.557
1606	0.5060	0.9722	2.781
1607	0.5046	0.9731	2.689
1608	0.5095	0.9711	2.892
1609	0.5038	0.9736	2.637
1610	0.5025	0.9739	2.609
1611	0.5069	0.9725	2.755
1612	0.5068	0.9724	2.759
1613	0.5033	0.9735	2.645
1614	0.5063	0.9722	2.775
1615	0.5022	0.9741	2.588
1616	0.5082	0.9717	2.831
1617	0.5074	0.9722	2.780
1618	0.4925	0.9786	2.138
1619	0.5078	0.9717	2.827
1620	0.4950	0.9780	2.200
1621	0.4986	0.9753	2.468
1622	0.5050	0.9727	2.730
1623	0.5032	0.9738	2.620
1624	0.5075	0.9725	2.749
1625	0.5089	0.9717	2.833
1626	0.5054	0.9729	2.710
1627	0.5065	0.9725	2.755
1628	0.5082	0.9717	2.832
1629	0.4905	0.9795	2.052
1630	0.5074	0.9716	2.836
1631	0.5066	0.9722	2.779
1632	0.5094	0.9711	2.892
1633	0.5073	0.9716	2.837
1634	0.5037	0.9736	2.636
1635	0.5003	0.9747	2.526
1636	0.4922	0.9790	2.098
1637	0.5031	0.9738	2.617
1638	0.5075	0.9725	2.748
1639	0.5089	0.9717	2.832
1640	0.5081	0.9716	2.837
1641	0.5064	0.9725	2.754
1642	0.5041	0.9736	2.641
1643	0.5027	0.9735	2.645
1644	0.5021	0.9741	2.589
1645	0.5084	0.9717	2.834
1646	0.5103	0.9706	2.944
1647	0.5040	0.9731	2.688
1648	0.4983	0.9758	2.421
1649	0.5066	0.9722	2.778
1650	0.5086	0.9715	2.854
1651	0.5058	0.9725	2.754
1652	0.5095	0.9708	2.917
1653	0.5081	0.9715	2.854
1654	0.5045	0.9731	2.687
1655	0.4949	0.9780	2.203
1656	0.5061	0.9722	2.776
1657	0.4945	0.9773	2.273
1658	0.5034	0.9739	2.610
1659	0.5078	0.9718	2.825
1660	0.5076	0.9721	2.788
1661	0.5066	0.9723	2.768
1662	0.4936	0.9781	2.192
1663	0.5023	0.9744	2.560
1664	0.5064	0.9725	2.748
1665	0.5100	0.9706	2.937
1666	0.4962	0.9769	2.312
1667	0.5057	0.9727	2.728
1668	0.5018	0.9738	2.620
1669	0.5073	0.9718	2.818
1670	0.5030	0.9739	2.612
1671	0.5086	0.9714	2.859
1672	0.5018	0.9744	2.557
1673	0.5070	0.9724	2.761
1674	0.5066	0.9721	2.787
1675	0.5079	0.9717	2.827
1676	0.5052	0.9730	2.701
1677	0.5051	0.9728	2.717
1678	0.4922	0.9786	2.142
1679	0.5083	0.9715	2.850
1680	0.5072	0.9723	2.769
1681	0.4985	0.9753	2.466
1682	0.5077	0.9714	2.860
1683	0.5069	0.9717	2.827
1684	0.5076	0.9715	2.851
1685	0.5013	0.9742	2.578
1686	0.5059	0.9728	2.722
1687	0.5031	0.9736	2.641
1688	0.5057	0.9727	2.730
1689	0.4920	0.9789	2.105
1690	0.5055	0.9724	2.757
1691	0.5055	0.9728	2.722
1692	0.5012	0.9742	2.578
1693	0.5091	0.9708	2.919
1694	0.5092	0.9714	2.856
1695	0.5005	0.9750	2.500
1696	0.5065	0.9724	2.760
1697	0.5057	0.9722	2.783
1698	0.5056	0.9725	2.747
1699	0.5087	0.9717	2.826
1700	0.4922	0.9786	2.137
1701	0.5074	0.9720	2.797
1702	0.5022	0.9739	2.608
1703	0.5015	0.9742	2.585
1704	0.5078	0.9718	2.817
1705	0.5040	0.9733	2.673
1706	0.5057	0.9722	2.776
1707	0.5065	0.9722	2.778
1708	0.5059	0.9722	2.784
1709	0.5030	0.9739	2.607
1710	0.5085	0.9711	2.885
1711	0.5064	0.9722	2.782
1712	0.4902	0.9795	2.051
1713	0.5041	0.9733	2.668
1714	0.5031	0.9734	2.662
1715	0.4999	0.9748	2.515
1716	0.5062	0.9722	2.778
1717	0.5047	0.9727	2.726
1718	0.5075	0.9717	2.826
1719	0.5064	0.9723	2.766
1720	0.5075	0.9720	2.802
1721	0.5064	0.9721	2.794
1722	0.5078	0.9717	2.832
1723	0.5091	0.9708	2.924
1724	0.5052	0.9724	2.757
1725	0.5070	0.9722	2.777
1726	0.5081	0.9715	2.855
1727	0.5063	0.9722	2.777
1728	0.5083	0.9711	2.889
1729	0.5045	0.9729	2.713
1730	0.5072	0.9723	2.770
1731	0.5070	0.9719	2.809
1732	0.5064	0.9724	2.757
1733	0.5056	0.9722	2.777
1734	0.5077	0.9718	2.818
1735	0.5030	0.9734	2.661
1736	0.5061	0.9727	2.734
1737	0.5090	0.9708	2.922
1738	0.5090	0.9711	2.887
1739	0.5018	0.9742	2.584
1740	0.5082	0.9715	2.848
1741	0.5055	0.9725	2.747
1742	0.5053	0.9725	2.754
1743	0.5053	0.9728	2.724
1744	0.5067	0.9724	2.755
1745	0.5019	0.9744	2.557
1746	0.5069	0.9717	2.832
1747	0.5020	0.9740	2.603
1748	0.5024	0.9736	2.643
1749	0.5070	0.9725	2.750
1750	0.5090	0.9714	2.860
1751	0.4920	0.9786	2.137
1752	0.5030	0.9739	2.610
1753	0.5011	0.9742	2.578
1754	0.5099	0.9706	2.939
1755	0.5089	0.9708	2.916
1756	0.5080	0.9717	2.828
1757	0.5080	0.9715	2.847
1758	0.4933	0.9781	2.193
1759	0.5077	0.9715	2.850
1760	0.4900	0.9795	2.050
1761	0.5038	0.9733	2.672
1762	0.5036	0.9732	2.685
1763	0.5062	0.9723	2.766
1764	0.5062	0.9722	2.780
1765	0.5062	0.9723	2.767
1766	0.4917	0.9789	2.105
1767	0.5084	0.9717	2.831
1768	0.4919	0.9786	2.141
1769	0.5027	0.9739	2.613
1770	0.5063	0.9724	2.759
1771	0.5084	0.9717	2.827
1772	0.4946	0.9780	2.203
1773	0.5072	0.9721	2.790
1774	0.5069	0.9723	2.775
1775	0.5057	0.9722	2.777
1776	0.5062	0.9721	2.794
1777	0.5059	0.9723	2.774
1778	0.5044	0.9729	2.714
1779	0.5055	0.9722	2.776
1780	0.5076	0.9716	2.836
1781	0.5072	0.9718	2.824
1782	0.5063	0.9722	2.776
1783	0.4997	0.9748	2.520
1784	0.5009	0.9742	2.575
1785	0.5039	0.9733	2.666
1786	0.5055	0.9728	2.721
1787	0.5047	0.9728	2.719
1788	0.5061	0.9722	2.780
1789	0.5072	0.9715	2.851
1790	0.5067	0.9719	2.806
1791	0.5035	0.9736	2.642
1792	0.5052	0.9726	2.745
1793	0.5082	0.9712	2.882
1794	0.5090	0.9709	2.913
1795	0.5081	0.9714	2.857
1796	0.5025	0.9740	2.604
1797	0.5065	0.9717	2.826
1798	0.5052	0.9727	2.726
1799	0.5044	0.9728	2.715
1800	0.5081	0.9711	2.888
1801	0.5001	0.9750	2.498
1802	0.5069	0.9723	2.769
1803	0.5060	0.9723	2.771
1804	0.5072	0.9720	2.804
1805	0.4978	0.9758	2.422
1806	0.5012	0.9742	2.584
1807	0.5094	0.9707	2.933
1808	0.5049	0.9725	2.753
1809	0.5075	0.9717	2.825
1810	0.5062	0.9724	2.756
1811	0.4997	0.9747	2.527
1812	0.5072	0.9714	2.860
1813	0.5072	0.9718	2.818
1814	0.5078	0.9715	2.853
1815	0.5060	0.9722	2.781
1816	0.5027	0.9739	2.607
1817	0.5058	0.9725	2.751
1818	0.5013	0.9739	2.614
1819	0.4980	0.9754	2.465
1820	0.5067	0.9719	2.814
1821	0.4916	0.9790	2.096
1822	0.5075	0.9717	2.833
1823	0.5053	0.9727	2.731
1824	0.5066	0.9722	2.776
1825	0.5038	0.9732	2.685
1826	0.5055	0.9722	2.783
1827	0.5025	0.9736	2.644
1828	0.4939	0.9773	2.274
1829	0.4956	0.9769	2.311
1830	0.5012	0.9744	2.558
1831	0.5047	0.9729	2.710
1832	0.5069	0.9720	2.800
1833	0.5030	0.9736	2.637
1834	0.5046	0.9728	2.717
1835	0.4995	0.9749	2.515
1836	0.4939	0.9773	2.273
1837	0.5060	0.9723	2.767
1838	0.5071	0.9717	2.827
1839	0.5030	0.9736	2.637
1840	0.5067	0.9722	2.776
1841	0.5080	0.9711	2.888
1842	0.5052	0.9722	2.783
1843	0.5082	0.9718	2.823
1844	0.5066	0.9717	2.834
1845	0.4956	0.9769	2.309
1846	0.4915	0.9790	2.098
1847	0.5027	0.9739	2.609
1848	0.5067	0.9725	2.748
1849	0.5074	0.9715	2.855
1850	0.5069	0.9720	2.798
1851	0.5086	0.9711	2.890
1852	0.5024	0.9739	2.609
1853	0.5081	0.9717	2.830
1854	0.5050	0.9727	2.726
1855	0.4917	0.9786	2.135
1856	0.5058	0.9723	2.774
1857	0.5063	0.9724	2.755
1858	0.5070	0.9715	2.850
1859	0.5078	0.9715	2.847
1860	0.5025	0.9739	2.607
1861	0.4929	0.9781	2.193
1862	0.4978	0.9754	2.464
1863	0.5041	0.9728	2.720
1864	0.5071	0.9714	2.858
1865	0.5085	0.9709	2.915
1866	0.5076	0.9714	2.856
1867	0.5085	0.9708	2.922
1868	0.5019	0.9735	2.645
1869	0.5073	0.9717	2.829
1870	0.5079	0.9712	2.884
1871	0.5058	0.9723	2.767
1872	0.5056	0.9725	2.754
1873	0.5011	0.9738	2.616
1874	0.5059	0.9721	2.792
1875	0.5047	0.9724	2.756
1876	0.4942	0.9780	2.202
1877	0.5048	0.9724	2.758
1878	0.5051	0.9728	2.723
1879	0.4896	0.9795	2.048
1880	0.5049	0.9728	2.724
1881	0.5056	0.9725	2.748
1882	0.5087	0.9708	2.918
1883	0.5051	0.9722	2.777
1884	0.5022	0.9738	2.615
1885	0.5010	0.9744	2.555
1886	0.5052	0.9722	2.779
1887	0.5005	0.9743	2.574
1888	0.5057	0.9722	2.782
1889	0.4974	0.9758	2.422
1890	0.5067	0.9722	2.776
1891	0.5092	0.9706	2.936
1892	0.5014	0.9744	2.559
1893	0.5068	0.9721	2.787
1894	0.5058	0.9721	2.789
1895	0.5057	0.9722	2.780
1896	0.5040	0.9729	2.712
1897	0.5072	0.9717	2.833
1898	0.5094	0.9706	2.943
1899	0.4993	0.9747	2.526
1900	0.5024	0.9734	2.662
1901	0.5034	0.9733	2.666
1902	0.5085	0.9715	2.854
1903	0.5064	0.9722	2.777
1904	0.4998	0.9750	2.497
1905	0.5078	0.9714	2.857
1906	0.5012	0.9741	2.588
1907	0.5031	0.9731	2.687
1908	0.5064	0.9718	2.817
1909	0.5074	0.9715	2.849
1910	0.5055	0.9723	2.775
1911	0.5063	0.9719	2.809
1912	0.4912	0.9789	2.106
1913	0.5048	0.9726	2.744
1914	0.5057	0.9724	2.757
1915	0.5061	0.9717	2.827
1916	0.5068	0.9718	2.820
1917	0.5068	0.9720	2.800
1918	0.5008	0.9742	2.584
1919	0.5052	0.9722	2.777
1920	0.5035	0.9731	2.685
1921	0.5074	0.9717	2.831
1922	0.4913	0.9786	2.138
1923	0.5031	0.9736	2.643
1924	0.5057	0.9722	2.776
1925	0.5050	0.9728	2.721
1926	0.5032	0.9733	2.672
1927	0.5057	0.9724	2.756
1928	0.5043	0.9730	2.699
1929	0.5022	0.9736	2.638
1930	0.5070	0.9718	2.818
1931	0.5014	0.9739	2.607
1932	0.5004	0.9742	2.576
1933	0.5048	0.9725	2.747
1934	0.5071	0.9717	2.829
1935	0.5047	0.9726	2.739
1936	0.5078	0.9717	2.827
1937	0.5046	0.9725	2.754
1938	0.5004	0.9742	2.576
1939	0.5060	0.9725	2.754
1940	0.5049	0.9728	2.717
1941	0.5065	0.9720	2.798
1942	0.5022	0.9736	2.640
1943	0.5048	0.9727	2.729
1944	0.5057	0.9725	2.754
1945	0.4894	0.9795	2.048
1946	0.5062	0.9722	2.777
1947	0.5029	0.9731	2.686
1948	0.4953	0.9769	2.312
1949	0.5060	0.9717	2.826
1950	0.5067	0.9714	2.858
1951	0.4935	0.9773	2.273
1952	0.5082	0.9708	2.917
1953	0.5037	0.9729	2.713
1954	0.5031	0.9733	2.673
1955	0.5055	0.9724	2.765
1956	0.5042	0.9730	2.702
1957	0.5053	0.9725	2.753
1958	0.5070	0.9717	2.830
1959	0.5032	0.9734	2.664
1960	0.5064	0.9723	2.769
1961	0.5070	0.9715	2.846
1962	0.5067	0.9718	2.818
1963	0.5061	0.9719	2.806
1964	0.5047	0.9725	2.746
1965	0.5034	0.9732	2.681
1966	0.5056	0.9725	2.754
1967	0.5008	0.9739	2.615
1968	0.5082	0.9711	2.887
1969	0.4990	0.9748	2.519
1970	0.5066	0.9720	2.800
1971	0.5054	0.9723	2.765
1972	0.5019	0.9740	2.600
1973	0.5072	0.9717	2.827
1974	0.5050	0.9722	2.776
1975	0.5009	0.9742	2.583
1976	0.4972	0.9758	2.421
1977	0.5047	0.9722	2.780
1978	0.5066	0.9715	2.851
1979	0.5002	0.9742	2.576
1980	0.5072	0.9715	2.852
1981	0.5021	0.9734	2.660
1982	0.5043	0.9724	2.756
1983	0.5061	0.9719	2.815
1984	0.5088	0.9707	2.933
1985	0.5045	0.9728	2.723
1986	0.5062	0.9725	2.748
1987	0.5022	0.9739	2.608
1988	0.5007	0.9744	2.556
1989	0.4995	0.9750	2.498
1990	0.5045	0.9727	2.726
1991	0.5076	0.9717	2.826
1992	0.5073	0.9715	2.847
1993	0.5064	0.9721	2.788
1994	0.5068	0.9719	2.814
1995	0.5055	0.9723	2.774
1996	0.5037	0.9729	2.713
1997	0.5064	0.9718	2.817
1998	0.4990	0.9747	2.527
1999	0.4924	0.9781	2.190
