0	0.4940	0.9716	2.836
1	0.4780	0.9791	2.085
2	0.4902	0.9733	2.670
3	0.4913	0.9725	2.748
4	0.4906	0.9729	2.706
5	0.4940	0.9718	2.822
6	0.4927	0.9725	2.749
7	0.4878	0.9743	2.575
8	0.4905	0.9730	2.701
9	0.4913	0.9729	2.710
10	0.4910	0.9731	2.687
11	0.4937	0.9718	2.815
12	0.4889	0.9741	2.593
13	0.4920	0.9724	2.758
14	0.4933	0.9721	2.792
15	0.4900	0.9734	2.656
16	0.4912	0.9725	2.749
17	0.4924	0.9723	2.766
18	0.4933	0.9719	2.814
19	0.4943	0.9715	2.850
20	0.4900	0.9734	2.657
21	0.4887	0.9741	2.594
22	0.4780	0.9787	2.128
23	0.4933	0.9717	2.835
24	0.4897	0.9732	2.681
25	0.4858	0.9749	2.507
26	0.4930	0.9719	2.806
27	0.4930	0.9723	2.768
28	0.4890	0.9734	2.655
29	0.4806	0.9781	2.194
30	0.4951	0.9710	2.902
31	0.4909	0.9731	2.686
32	0.4901	0.9733	2.669
33	0.4889	0.9741	2.593
34	0.4922	0.9723	2.768
35	0.4923	0.9722	2.778
36	0.4802	0.9774	2.261
37	0.4950	0.9715	2.853
38	0.4945	0.9719	2.809
39	0.4933	0.9722	2.782
40	0.4917	0.9725	2.753
41	0.4915	0.9723	2.768
42	0.4939	0.9716	2.837
43	0.4879	0.9745	2.546
44	0.4913	0.9727	2.726
45	0.4939	0.9718	2.821
46	0.4923	0.9727	2.735
47	0.4931	0.9724	2.763
48	0.4922	0.9724	2.756
49	0.4955	0.9710	2.905
50	0.4936	0.9718	2.816
51	0.4928	0.9721	2.794
52	0.4869	0.9744	2.564
53	0.4819	0.9770	2.305
54	0.4922	0.9725	2.749
55	0.4922	0.9725	2.749
56	0.4948	0.9713	2.870
57	0.4870	0.9743	2.569
58	0.4933	0.9720	2.803
59	0.4882	0.9737	2.629
60	0.4760	0.9796	2.044
61	0.4913	0.9728	2.724
62	0.4777	0.9790	2.097
63	0.4942	0.9712	2.880
64	0.4941	0.9716	2.836
65	0.4904	0.9729	2.708
66	0.4874	0.9746	2.537
67	0.4857	0.9749	2.514
68	0.4920	0.9723	2.774
69	0.4919	0.9724	2.761
70	0.4777	0.9792	2.084
71	0.4916	0.9723	2.769
72	0.4791	0.9781	2.189
73	0.4872	0.9742	2.580
74	0.4929	0.9726	2.739
75	0.4941	0.9712	2.877
76	0.4922	0.9722	2.780
77	0.4925	0.9718	2.818
78	0.4936	0.9716	2.839
79	0.4914	0.9724	2.759
80	0.4915	0.9729	2.709
81	0.4933	0.9716	2.843
82	0.4840	0.9755	2.454
83	0.4927	0.9717	2.825
84	0.4911	0.9729	2.711
85	0.4913	0.9728	2.718
86	0.4877	0.9740	2.597
87	0.4891	0.9738	2.620
88	0.4928	0.9723	2.766
89	0.4907	0.9730	2.701
90	0.4873	0.9740	2.599
91	0.4947	0.9710	2.900
92	0.4930	0.9721	2.792
93	0.4938	0.9716	2.843
94	0.4886	0.9737	2.632
95	0.4895	0.9736	2.638
96	0.4911	0.9729	2.709
97	0.4885	0.9740	2.597
98	0.4911	0.9725	2.747
99	0.4934	0.9719	2.812
100	0.4947	0.9710	2.905
101	0.4934	0.9719	2.810
102	0.4918	0.9726	2.742
103	0.4837	0.9759	2.414
104	0.4957	0.9707	2.932
105	0.4920	0.9723	2.774
106	0.4861	0.9751	2.494
107	0.4924	0.9726	2.745
108	0.4778	0.9788	2.124
109	0.4918	0.9727	2.733
110	0.4930	0.9723	2.773
111	0.4875	0.9743	2.573
112	0.4887	0.9741	2.594
113	0.4934	0.9719	2.814
114	0.4902	0.9730	2.700
115	0.4942	0.9718	2.818
116	0.4896	0.9734	2.664
117	0.4937	0.9716	2.840
118	0.4953	0.9709	2.907
119	0.4800	0.9774	2.259
120	0.4935	0.9716	2.835
121	0.4919	0.9723	2.765
122	0.4906	0.9730	2.699
123	0.4775	0.9790	2.096
124	0.4920	0.9725	2.749
125	0.4937	0.9717	2.834
126	0.4884	0.9741	2.590
127	0.4931	0.9716	2.844
128	0.4933	0.9719	2.813
129	0.4946	0.9713	2.870
130	0.4868	0.9743	2.569
131	0.4920	0.9723	2.769
132	0.4876	0.9740	2.596
133	0.4928	0.9724	2.762
134	0.4919	0.9724	2.757
135	0.4889	0.9738	2.617
136	0.4909	0.9726	2.743
137	0.4906	0.9732	2.682
138	0.4947	0.9711	2.894
139	0.4938	0.9717	2.830
140	0.4928	0.9721	2.787
141	0.4886	0.9734	2.656
142	0.4902	0.9730	2.704
143	0.4914	0.9725	2.750
144	0.4925	0.9724	2.760
145	0.4870	0.9743	2.572
146	0.4919	0.9725	2.748
147	0.4913	0.9730	2.703
148	0.4839	0.9755	2.452
149	0.4860	0.9751	2.491
150	0.4912	0.9723	2.765
151	0.4874	0.9743	2.575
152	0.4758	0.9795	2.046
153	0.4939	0.9713	2.875
154	0.4925	0.9721	2.795
155	0.4939	0.9715	2.848
156	0.4929	0.9719	2.809
157	0.4893	0.9732	2.678
158	0.4919	0.9727	2.733
159	0.4854	0.9749	2.506
160	0.4936	0.9718	2.819
161	0.4789	0.9781	2.188
162	0.4836	0.9759	2.415
163	0.4929	0.9723	2.772
164	0.4918	0.9723	2.767
165	0.4909	0.9729	2.708
166	0.4933	0.9718	2.823
167	0.4894	0.9733	2.669
168	0.4895	0.9734	2.657
169	0.4879	0.9737	2.630
170	0.4929	0.9716	2.835
171	0.4946	0.9715	2.851
172	0.4925	0.9718	2.822
173	0.4897	0.9733	2.670
174	0.4911	0.9729	2.712
175	0.4945	0.9709	2.905
176	0.4930	0.9720	2.804
177	0.4900	0.9730	2.699
178	0.4926	0.9726	2.739
179	0.4775	0.9792	2.085
180	0.4912	0.9723	2.766
181	0.4918	0.9722	2.780
182	0.4885	0.9740	2.597
183	0.4909	0.9728	2.724
184	0.4954	0.9706	2.936
185	0.4919	0.9723	2.766
186	0.4882	0.9740	2.596
187	0.4940	0.9718	2.818
188	0.4909	0.9729	2.707
189	0.4922	0.9726	2.744
190	0.4929	0.9722	2.779
191	0.4937	0.9713	2.869
192	0.4775	0.9787	2.129
193	0.4870	0.9740	2.599
194	0.4908	0.9727	2.726
195	0.4915	0.9724	2.757
196	0.4815	0.9770	2.304
197	0.4944	0.9710	2.901
198	0.4906	0.9725	2.748
199	0.4874	0.9746	2.543
200	0.4931	0.9719	2.808
201	0.4921	0.9718	2.816
202	0.4917	0.9723	2.772
203	0.4870	0.9747	2.531
204	0.4883	0.9737	2.634
205	0.4925	0.9723	2.768
206	0.4915	0.9727	2.731
207	0.4865	0.9744	2.564
208	0.4884	0.9741	2.593
209	0.4931	0.9719	2.814
210	0.4891	0.9736	2.636
211	0.4801	0.9781	2.191
212	0.4924	0.9719	2.805
213	0.4915	0.9726	2.741
214	0.4775	0.9787	2.125
215	0.4910	0.9725	2.754
216	0.4940	0.9719	2.809
217	0.4853	0.9749	2.513
218	0.4899	0.9730	2.701
219	0.4867	0.9742	2.577
220	0.4916	0.9723	2.772
221	0.4932	0.9718	2.822
222	0.4857	0.9751	2.495
223	0.4928	0.9716	2.836
224	0.4943	0.9713	2.872
225	0.4882	0.9737	2.631
226	0.4943	0.9710	2.899
227	0.4814	0.9770	2.304
228	0.4911	0.9723	2.769
229	0.4800	0.9781	2.189
230	0.4931	0.9719	2.814
231	0.4907	0.9725	2.748
232	0.4887	0.9738	2.620
233	0.4950	0.9709	2.912
234	0.4773	0.9787	2.126
235	0.4939	0.9718	2.817
236	0.4917	0.9722	2.779
237	0.4833	0.9759	2.414
238	0.4907	0.9729	2.711
239	0.4914	0.9727	2.733
240	0.4909	0.9724	2.759
241	0.4916	0.9724	2.758
242	0.4930	0.9719	2.812
243	0.4787	0.9781	2.189
244	0.4944	0.9710	2.903
245	0.4953	0.9706	2.939
246	0.4907	0.9728	2.724
247	0.4917	0.9723	2.769
248	0.4772	0.9792	2.084
249	0.4873	0.9745	2.546
250	0.4880	0.9740	2.599
251	0.4916	0.9722	2.779
252	0.4851	0.9749	2.507
253	0.4898	0.9729	2.711
254	0.4902	0.9730	2.701
255	0.4935	0.9716	2.837
256	0.4835	0.9755	2.453
257	0.4890	0.9732	2.681
258	0.4927	0.9722	2.782
259	0.4936	0.9712	2.879
260	0.4926	0.9723	2.771
261	0.4923	0.9726	2.738
262	0.4933	0.9718	2.820
263	0.4892	0.9734	2.656
264	0.4910	0.9730	2.704
265	0.4916	0.9726	2.735
266	0.4933	0.9717	2.835
267	0.4922	0.9724	2.760
268	0.4923	0.9723	2.766
269	0.4868	0.9747	2.531
270	0.4864	0.9743	2.570
271	0.4921	0.9721	2.795
272	0.4930	0.9719	2.815
273	0.4889	0.9736	2.635
274	0.4935	0.9713	2.869
275	0.4862	0.9744	2.562
276	0.4927	0.9720	2.801
277	0.4795	0.9774	2.258
278	0.4880	0.9740	2.598
279	0.4904	0.9725	2.748
280	0.4881	0.9741	2.591
281	0.4771	0.9790	2.097
282	0.4922	0.9719	2.807
283	0.4872	0.9740	2.596
284	0.4906	0.9727	2.726
285	0.4941	0.9709	2.905
286	0.4870	0.9742	2.575
287	0.4924	0.9721	2.791
288	0.4912	0.9726	2.742
289	0.4905	0.9729	2.707
290	0.4914	0.9724	2.765
291	0.4882	0.9735	2.653
292	0.4907	0.9723	2.767
293	0.4930	0.9716	2.835
294	0.4753	0.9796	2.043
295	0.4875	0.9737	2.630
296	0.4918	0.9718	2.817
297	0.4773	0.9787	2.126
298	0.4893	0.9733	2.669
299	0.4923	0.9723	2.766
300	0.4914	0.9723	2.772
301	0.4891	0.9733	2.667
302	0.4912	0.9724	2.756
303	0.4919	0.9725	2.746
304	0.4942	0.9715	2.852
305	0.4921	0.9718	2.822
306	0.4915	0.9725	2.750
307	0.4932	0.9716	2.839
308	0.4926	0.9716	2.840
309	0.4881	0.9741	2.590
310	0.4936	0.9720	2.799
311	0.4914	0.9725	2.748
312	0.4909	0.9725	2.752
313	0.4907	0.9729	2.710
314	0.4925	0.9719	2.807
315	0.4866	0.9740	2.598
316	0.4900	0.9732	2.683
317	0.4934	0.9715	2.845
318	0.4850	0.9749	2.510
319	0.4879	0.9737	2.633
320	0.4881	0.9735	2.652
321	0.4940	0.9709	2.906
322	0.4896	0.9729	2.708
323	0.4933	0.9713	2.869
324	0.4913	0.9723	2.774
325	0.4850	0.9749	2.511
326	0.4878	0.9741	2.594
327	0.4942	0.9710	2.899
328	0.4892	0.9733	2.669
329	0.4833	0.9755	2.455
330	0.4934	0.9712	2.876
331	0.4904	0.9729	2.707
332	0.4870	0.9740	2.596
333	0.4918	0.9725	2.747
334	0.4922	0.9723	2.767
335	0.4895	0.9730	2.699
336	0.4874	0.9737	2.631
337	0.4771	0.9787	2.127
338	0.4887	0.9732	2.682
339	0.4908	0.9725	2.754
340	0.4908	0.9729	2.708
341	0.4906	0.9723	2.768
342	0.4927	0.9719	2.814
343	0.4866	0.9746	2.537
344	0.4931	0.9716	2.841
345	0.4911	0.9727	2.733
346	0.4913	0.9723	2.766
347	0.4906	0.9729	2.714
348	0.4904	0.9727	2.725
349	0.4932	0.9716	2.836
350	0.4923	0.9721	2.790
351	0.4907	0.9723	2.767
352	0.4913	0.9723	2.770
353	0.4919	0.9724	2.760
354	0.4914	0.9725	2.747
355	0.4904	0.9730	2.702
356	0.4904	0.9727	2.727
357	0.4830	0.9759	2.412
358	0.4920	0.9723	2.766
359	0.4924	0.9720	2.800
360	0.4927	0.9719	2.810
361	0.4927	0.9718	2.816
362	0.4919	0.9718	2.822
363	0.4888	0.9733	2.666
364	0.4867	0.9743	2.573
365	0.4865	0.9740	2.598
366	0.4901	0.9725	2.747
367	0.4880	0.9741	2.589
368	0.4916	0.9719	2.814
369	0.4935	0.9720	2.797
370	0.4912	0.9724	2.757
371	0.4898	0.9730	2.702
372	0.4946	0.9710	2.904
373	0.4912	0.9725	2.748
374	0.4902	0.9726	2.745
375	0.4793	0.9774	2.260
376	0.4769	0.9792	2.085
377	0.4918	0.9720	2.795
378	0.4910	0.9726	2.742
379	0.4860	0.9743	2.572
380	0.4768	0.9790	2.097
381	0.4889	0.9734	2.657
382	0.4847	0.9749	2.506
383	0.4927	0.9716	2.836
384	0.4876	0.9740	2.599
385	0.4862	0.9742	2.576
386	0.4920	0.9726	2.739
387	0.4878	0.9741	2.591
388	0.4795	0.9781	2.190
389	0.4809	0.9770	2.302
390	0.4939	0.9712	2.877
391	0.4934	0.9718	2.817
392	0.4852	0.9751	2.494
393	0.4869	0.9745	2.546
394	0.4929	0.9716	2.839
395	0.4922	0.9717	2.834
396	0.4913	0.9726	2.737
397	0.4750	0.9796	2.043
398	0.4923	0.9722	2.782
399	0.4948	0.9706	2.936
400	0.4886	0.9736	2.638
401	0.4939	0.9715	2.853
402	0.4921	0.9723	2.772
403	0.4782	0.9781	2.188
404	0.4923	0.9716	2.838
405	0.4912	0.9722	2.777
406	0.4910	0.9723	2.769
407	0.4881	0.9738	2.616
408	0.4929	0.9718	2.819
409	0.4912	0.9723	2.767
410	0.4769	0.9787	2.125
411	0.4904	0.9725	2.754
412	0.4909	0.9724	2.760
413	0.4858	0.9744	2.562
414	0.4931	0.9715	2.849
415	0.4925	0.9719	2.812
416	0.4922	0.9718	2.817
417	0.4918	0.9719	2.806
418	0.4937	0.9710	2.901
419	0.4897	0.9732	2.682
420	0.4905	0.9730	2.704
421	0.4828	0.9759	2.413
422	0.4878	0.9735	2.652
423	0.4875	0.9741	2.595
424	0.4911	0.9723	2.768
425	0.4901	0.9729	2.710
426	0.4903	0.9729	2.712
427	0.4921	0.9723	2.772
428	0.4868	0.9740	2.596
429	0.4932	0.9718	2.818
430	0.4947	0.9707	2.927
431	0.4917	0.9724	2.761
432	0.4901	0.9725	2.747
433	0.4920	0.9721	2.790
434	0.4931	0.9715	2.845
435	0.4916	0.9721	2.794
436	0.4886	0.9734	2.664
437	0.4918	0.9726	2.743
438	0.4944	0.9710	2.903
439	0.4928	0.9718	2.819
440	0.4808	0.9770	2.304
441	0.4905	0.9723	2.770
442	0.4911	0.9725	2.749
443	0.4910	0.9724	2.760
444	0.4893	0.9729	2.706
445	0.4905	0.9725	2.751
446	0.4830	0.9755	2.453
447	0.4857	0.9744	2.561
448	0.4884	0.9732	2.680
449	0.4931	0.9712	2.875
450	0.4862	0.9740	2.599
451	0.4938	0.9710	2.900
452	0.4846	0.9749	2.511
453	0.4914	0.9725	2.747
454	0.4922	0.9716	2.838
455	0.4909	0.9723	2.771
456	0.4845	0.9749	2.507
457	0.4924	0.9718	2.821
458	0.4909	0.9723	2.766
459	0.4879	0.9739	2.611
460	0.4896	0.9732	2.683
461	0.4892	0.9730	2.699
462	0.4908	0.9727	2.730
463	0.4924	0.9719	2.810
464	0.4767	0.9787	2.128
465	0.4902	0.9725	2.749
466	0.4909	0.9724	2.758
467	0.4916	0.9718	2.822
468	0.4918	0.9724	2.763
469	0.4924	0.9716	2.835
470	0.4900	0.9728	2.722
471	0.4910	0.9723	2.774
472	0.4766	0.9791	2.087
473	0.4898	0.9725	2.746
474	0.4900	0.9730	2.704
475	0.4929	0.9713	2.867
476	0.4928	0.9717	2.833
477	0.4870	0.9737	2.629
478	0.4901	0.9727	2.725
479	0.4768	0.9788	2.122
480	0.4789	0.9774	2.258
481	0.4920	0.9719	2.814
482	0.4917	0.9723	2.767
483	0.4780	0.9781	2.188
484	0.4913	0.9718	2.817
485	0.4862	0.9746	2.536
486	0.4906	0.9724	2.756
487	0.4857	0.9743	2.572
488	0.4936	0.9713	2.874
489	0.4864	0.9742	2.575
490	0.4859	0.9742	2.577
491	0.4916	0.9719	2.809
492	0.4792	0.9781	2.190
493	0.4926	0.9716	2.840
494	0.4885	0.9734	2.659
495	0.4923	0.9719	2.813
496	0.4906	0.9726	2.740
497	0.4895	0.9730	2.700
498	0.4908	0.9726	2.741
499	0.4931	0.9719	2.809
500	0.4883	0.9736	2.636
501	0.4764	0.9790	2.098
502	0.4875	0.9741	2.591
503	0.4901	0.9723	2.769
504	0.4747	0.9796	2.041
505	0.4876	0.9740	2.595
506	0.4935	0.9709	2.907
507	0.4887	0.9733	2.669
508	0.4909	0.9726	2.741
509	0.4874	0.9737	2.629
510	0.4865	0.9745	2.546
511	0.4919	0.9722	2.780
512	0.4909	0.9722	2.777
513	0.4922	0.9719	2.812
514	0.4936	0.9715	2.853
515	0.4934	0.9710	2.901
516	0.4872	0.9740	2.596
517	0.4926	0.9716	2.839
518	0.4919	0.9717	2.832
519	0.4919	0.9720	2.800
520	0.4849	0.9751	2.493
521	0.4898	0.9725	2.745
522	0.4922	0.9719	2.810
523	0.4865	0.9741	2.595
524	0.4909	0.9723	2.767
525	0.4792	0.9781	2.191
526	0.4894	0.9730	2.700
527	0.4918	0.9717	2.834
528	0.4919	0.9722	2.781
529	0.4919	0.9720	2.803
530	0.4925	0.9718	2.820
531	0.4889	0.9730	2.700
532	0.4911	0.9718	2.817
533	0.4922	0.9719	2.812
534	0.4902	0.9729	2.706
535	0.4900	0.9729	2.712
536	0.4881	0.9732	2.680
537	0.4873	0.9737	2.632
538	0.4894	0.9732	2.684
539	0.4929	0.9718	2.818
540	0.4778	0.9781	2.188
541	0.4871	0.9741	2.594
542	0.4872	0.9741	2.594
543	0.4927	0.9713	2.868
544	0.4890	0.9729	2.707
545	0.4905	0.9724	2.755
546	0.4930	0.9720	2.798
547	0.4902	0.9725	2.751
548	0.4907	0.9723	2.769
549	0.4940	0.9709	2.905
550	0.4918	0.9720	2.805
551	0.4922	0.9717	2.830
552	0.4919	0.9716	2.844
553	0.4913	0.9721	2.794
554	0.4914	0.9724	2.765
555	0.4934	0.9715	2.846
556	0.4898	0.9727	2.727
557	0.4913	0.9718	2.822
558	0.4921	0.9719	2.815
559	0.4924	0.9716	2.840
560	0.4897	0.9730	2.699
561	0.4883	0.9734	2.658
562	0.4933	0.9713	2.869
563	0.4921	0.9719	2.812
564	0.4927	0.9716	2.841
565	0.4907	0.9723	2.773
566	0.4933	0.9710	2.903
567	0.4901	0.9723	2.769
568	0.4764	0.9792	2.085
569	0.4746	0.9795	2.045
570	0.4863	0.9746	2.545
571	0.4916	0.9721	2.791
572	0.4854	0.9744	2.563
573	0.4762	0.9790	2.097
574	0.4883	0.9734	2.655
575	0.4935	0.9710	2.900
576	0.4842	0.9749	2.511
577	0.4826	0.9755	2.451
578	0.4927	0.9712	2.878
579	0.4895	0.9725	2.747
580	0.4874	0.9741	2.592
581	0.4910	0.9726	2.745
582	0.4906	0.9724	2.763
583	0.4913	0.9720	2.805
584	0.4906	0.9726	2.743
585	0.4914	0.9726	2.739
586	0.4861	0.9742	2.576
587	0.4884	0.9733	2.669
588	0.4859	0.9747	2.533
589	0.4932	0.9710	2.905
590	0.4903	0.9726	2.741
591	0.4898	0.9723	2.768
592	0.4873	0.9735	2.653
593	0.4904	0.9727	2.733
594	0.4876	0.9739	2.614
595	0.4925	0.9717	2.832
596	0.4841	0.9749	2.506
597	0.4823	0.9759	2.414
598	0.4942	0.9706	2.936
599	0.4866	0.9737	2.630
600	0.4923	0.9717	2.834
601	0.4803	0.9769	2.305
602	0.4898	0.9725	2.754
603	0.4846	0.9751	2.492
604	0.4906	0.9725	2.748
605	0.4872	0.9741	2.591
606	0.4764	0.9788	2.124
607	0.4896	0.9727	2.730
608	0.4854	0.9743	2.573
609	0.4914	0.9723	2.768
610	0.4906	0.9726	2.737
611	0.4879	0.9736	2.638
612	0.4915	0.9723	2.771
613	0.4896	0.9729	2.708
614	0.4904	0.9723	2.774
615	0.4857	0.9740	2.598
616	0.4912	0.9724	2.760
617	0.4785	0.9774	2.259
618	0.4904	0.9723	2.767
619	0.4905	0.9724	2.759
620	0.4856	0.9742	2.576
621	0.4762	0.9787	2.127
622	0.4916	0.9719	2.815
623	0.4905	0.9723	2.775
624	0.4913	0.9723	2.766
625	0.4895	0.9729	2.708
626	0.4883	0.9733	2.669
627	0.4869	0.9740	2.596
628	0.4896	0.9727	2.726
629	0.4909	0.9726	2.742
630	0.4905	0.9727	2.734
631	0.4916	0.9722	2.777
632	0.4933	0.9710	2.898
633	0.4870	0.9737	2.632
634	0.4789	0.9781	2.189
635	0.4840	0.9749	2.507
636	0.4922	0.9718	2.822
637	0.4840	0.9749	2.512
638	0.4927	0.9719	2.810
639	0.4911	0.9718	2.823
640	0.4895	0.9729	2.708
641	0.4890	0.9730	2.700
642	0.4897	0.9725	2.754
643	0.4912	0.9719	2.806
644	0.4911	0.9724	2.761
645	0.4899	0.9725	2.750
646	0.4874	0.9739	2.613
647	0.4868	0.9740	2.596
648	0.4921	0.9717	2.831
649	0.4878	0.9733	2.674
650	0.4855	0.9743	2.575
651	0.4904	0.9726	2.744
652	0.4912	0.9726	2.742
653	0.4937	0.9709	2.906
654	0.4915	0.9720	2.800
655	0.4918	0.9719	2.812
656	0.4930	0.9713	2.871
657	0.4775	0.9781	2.188
658	0.4918	0.9719	2.806
659	0.4871	0.9741	2.588
660	0.4743	0.9795	2.045
661	0.4784	0.9774	2.259
662	0.4940	0.9707	2.928
663	0.4915	0.9716	2.837
664	0.4919	0.9717	2.833
665	0.4886	0.9729	2.707
666	0.4904	0.9725	2.748
667	0.4930	0.9710	2.902
668	0.4923	0.9713	2.866
669	0.4759	0.9790	2.097
670	0.4870	0.9741	2.590
671	0.4924	0.9712	2.876
672	0.4904	0.9723	2.765
673	0.4913	0.9721	2.792
674	0.4851	0.9744	2.563
675	0.4893	0.9726	2.744
676	0.4760	0.9792	2.085
677	0.4923	0.9715	2.847
678	0.4879	0.9733	2.668
679	0.4901	0.9727	2.732
680	0.4901	0.9724	2.756
681	0.4894	0.9727	2.726
682	0.4864	0.9737	2.630
683	0.4903	0.9724	2.757
684	0.4760	0.9787	2.127
685	0.4902	0.9723	2.767
686	0.4844	0.9751	2.492
687	0.4870	0.9735	2.652
688	0.4896	0.9729	2.712
689	0.4822	0.9755	2.452
690	0.4914	0.9717	2.834
691	0.4880	0.9734	2.657
692	0.4920	0.9716	2.841
693	0.4897	0.9729	2.709
694	0.4902	0.9723	2.772
695	0.4902	0.9724	2.764
696	0.4897	0.9723	2.765
697	0.4895	0.9723	2.768
698	0.4859	0.9746	2.541
699	0.4900	0.9726	2.741
700	0.4917	0.9718	2.821
701	0.4922	0.9717	2.832
702	0.4877	0.9737	2.635
703	0.4903	0.9722	2.777
704	0.4884	0.9730	2.697
705	0.4851	0.9743	2.571
706	0.4859	0.9741	2.595
707	0.4857	0.9743	2.574
708	0.4855	0.9740	2.599
709	0.4913	0.9723	2.771
710	0.4799	0.9770	2.304
711	0.4929	0.9710	2.898
712	0.4855	0.9747	2.532
713	0.4760	0.9788	2.124
714	0.4891	0.9725	2.748
715	0.4930	0.9715	2.852
716	0.4924	0.9719	2.814
717	0.4916	0.9719	2.812
718	0.4889	0.9732	2.682
719	0.4908	0.9721	2.791
720	0.4906	0.9718	2.817
721	0.4819	0.9759	2.413
722	0.4911	0.9723	2.768
723	0.4884	0.9730	2.699
724	0.4908	0.9718	2.822
725	0.4854	0.9740	2.598
726	0.4858	0.9741	2.595
727	0.4910	0.9723	2.767
728	0.4928	0.9713	2.875
729	0.4901	0.9723	2.765
730	0.4902	0.9722	2.777
731	0.4901	0.9723	2.765
732	0.4903	0.9725	2.749
733	0.4892	0.9726	2.743
734	0.4921	0.9713	2.869
735	0.4858	0.9746	2.542
736	0.4910	0.9724	2.764
737	0.4912	0.9720	2.805
738	0.4915	0.9719	2.810
739	0.4799	0.9770	2.304
740	0.4902	0.9727	2.735
741	0.4888	0.9732	2.682
742	0.4912	0.9717	2.831
743	0.4929	0.9710	2.898
744	0.4920	0.9717	2.831
745	0.4902	0.9723	2.773
746	0.4935	0.9710	2.905
747	0.4919	0.9716	2.841
748	0.4821	0.9755	2.452
749	0.4911	0.9723	2.769
750	0.4923	0.9719	2.813
751	0.4915	0.9718	2.816
752	0.4918	0.9717	2.827
753	0.4891	0.9729	2.710
754	0.4928	0.9715	2.846
755	0.4899	0.9727	2.731
756	0.4848	0.9744	2.561
757	0.4902	0.9724	2.762
758	0.4891	0.9728	2.723
759	0.4865	0.9741	2.594
760	0.4916	0.9718	2.823
761	0.4757	0.9790	2.095
762	0.4818	0.9759	2.410
763	0.4905	0.9726	2.739
764	0.4900	0.9724	2.756
765	0.4898	0.9725	2.752
766	0.4895	0.9725	2.749
767	0.4862	0.9737	2.629
768	0.4759	0.9788	2.123
769	0.4875	0.9737	2.632
770	0.4921	0.9713	2.875
771	0.4921	0.9716	2.843
772	0.4912	0.9720	2.800
773	0.4918	0.9718	2.819
774	0.4841	0.9751	2.492
775	0.4757	0.9792	2.085
776	0.4927	0.9710	2.902
777	0.4870	0.9739	2.612
778	0.4865	0.9740	2.596
779	0.4915	0.9719	2.809
780	0.4899	0.9723	2.772
781	0.4906	0.9721	2.792
782	0.4908	0.9726	2.743
783	0.4879	0.9733	2.668
784	0.4889	0.9725	2.746
785	0.4867	0.9741	2.589
786	0.4784	0.9781	2.190
787	0.4923	0.9720	2.803
788	0.4895	0.9723	2.766
789	0.4835	0.9749	2.506
790	0.4848	0.9743	2.572
791	0.4910	0.9721	2.792
792	0.4898	0.9727	2.732
793	0.4892	0.9723	2.769
794	0.4912	0.9716	2.838
795	0.4865	0.9737	2.629
796	0.4893	0.9725	2.754
797	0.4836	0.9749	2.512
798	0.4936	0.9706	2.936
799	0.4780	0.9774	2.260
800	0.4886	0.9730	2.701
801	0.4876	0.9733	2.669
802	0.4903	0.9718	2.817
803	0.4874	0.9732	2.680
804	0.4891	0.9729	2.707
805	0.4892	0.9729	2.714
806	0.4891	0.9728	2.722
807	0.4867	0.9741	2.593
808	0.4882	0.9729	2.708
809	0.4926	0.9710	2.903
810	0.4899	0.9726	2.742
811	0.4894	0.9729	2.709
812	0.4867	0.9735	2.653
813	0.4913	0.9719	2.812
814	0.4854	0.9743	2.575
815	0.4738	0.9796	2.044
816	0.4906	0.9724	2.763
817	0.4910	0.9722	2.779
818	0.4906	0.9720	2.805
819	0.4876	0.9735	2.654
820	0.4756	0.9787	2.127
821	0.4850	0.9742	2.575
822	0.4770	0.9781	2.187
823	0.4852	0.9746	2.536
824	0.4920	0.9712	2.878
825	0.4925	0.9709	2.906
826	0.4866	0.9734	2.655
827	0.4890	0.9728	2.721
828	0.4856	0.9746	2.542
829	0.4921	0.9720	2.805
830	0.4899	0.9724	2.759
831	0.4916	0.9717	2.833
832	0.4910	0.9722	2.777
833	0.4889	0.9729	2.708
834	0.4902	0.9719	2.814
835	0.4855	0.9741	2.594
836	0.4893	0.9730	2.704
837	0.4756	0.9787	2.128
838	0.4796	0.9770	2.305
839	0.4909	0.9719	2.813
840	0.4899	0.9723	2.773
841	0.4903	0.9726	2.742
842	0.4893	0.9723	2.768
843	0.4847	0.9743	2.571
844	0.4877	0.9733	2.668
845	0.4905	0.9724	2.760
846	0.4924	0.9710	2.902
847	0.4899	0.9723	2.768
848	0.4910	0.9720	2.800
849	0.4913	0.9717	2.831
850	0.4778	0.9774	2.258
851	0.4864	0.9737	2.632
852	0.4906	0.9726	2.738
853	0.4849	0.9742	2.576
854	0.4874	0.9733	2.666
855	0.4904	0.9721	2.793
856	0.4853	0.9742	2.576
857	0.4769	0.9781	2.186
858	0.4899	0.9727	2.735
859	0.4918	0.9713	2.870
860	0.4815	0.9759	2.411
861	0.4872	0.9736	2.637
862	0.4907	0.9721	2.791
863	0.4892	0.9725	2.751
864	0.4907	0.9723	2.766
865	0.4926	0.9710	2.897
866	0.4891	0.9725	2.748
867	0.4850	0.9740	2.599
868	0.4817	0.9755	2.453
869	0.4915	0.9718	2.820
870	0.4895	0.9726	2.739
871	0.4845	0.9744	2.563
872	0.4904	0.9718	2.824
873	0.4754	0.9792	2.082
874	0.4833	0.9749	2.515
875	0.4880	0.9729	2.714
876	0.4879	0.9730	2.704
877	0.4912	0.9717	2.825
878	0.4909	0.9716	2.844
879	0.4908	0.9723	2.774
880	0.4862	0.9740	2.598
881	0.4838	0.9751	2.493
882	0.4911	0.9719	2.811
883	0.4886	0.9725	2.747
884	0.4887	0.9726	2.743
885	0.4832	0.9749	2.508
886	0.4895	0.9727	2.734
887	0.4865	0.9741	2.592
888	0.4911	0.9719	2.810
889	0.4850	0.9747	2.534
890	0.4863	0.9741	2.590
891	0.4889	0.9723	2.768
892	0.4898	0.9725	2.750
893	0.4914	0.9716	2.838
894	0.4925	0.9715	2.852
895	0.4752	0.9790	2.096
896	0.4916	0.9716	2.835
897	0.4919	0.9719	2.814
898	0.4755	0.9788	2.123
899	0.4736	0.9796	2.040
900	0.4917	0.9715	2.848
901	0.4883	0.9730	2.699
902	0.4896	0.9723	2.767
903	0.4894	0.9724	2.755
904	0.4933	0.9706	2.936
905	0.4873	0.9734	2.657
906	0.4896	0.9723	2.765
907	0.4861	0.9740	2.601
908	0.4904	0.9719	2.806
909	0.4896	0.9723	2.773
910	0.4907	0.9717	2.835
911	0.4866	0.9739	2.611
912	0.4923	0.9713	2.868
913	0.4930	0.9710	2.904
914	0.4883	0.9732	2.681
915	0.4857	0.9737	2.629
916	0.4870	0.9732	2.676
917	0.4910	0.9719	2.806
918	0.4896	0.9726	2.744
919	0.4889	0.9729	2.711
920	0.4780	0.9781	2.188
921	0.4904	0.9723	2.766
922	0.4896	0.9723	2.774
923	0.4887	0.9730	2.705
924	0.4887	0.9728	2.724
925	0.4890	0.9723	2.765
926	0.4848	0.9740	2.598
927	0.4900	0.9725	2.747
928	0.4907	0.9720	2.800
929	0.4754	0.9788	2.123
930	0.4793	0.9770	2.304
931	0.4870	0.9732	2.679
932	0.4915	0.9716	2.836
933	0.4924	0.9710	2.899
934	0.4896	0.9723	2.774
935	0.4907	0.9717	2.835
936	0.4893	0.9726	2.742
937	0.4916	0.9715	2.847
938	0.4909	0.9719	2.810
939	0.4888	0.9725	2.749
940	0.4852	0.9746	2.542
941	0.4907	0.9722	2.777
942	0.4894	0.9723	2.766
943	0.4896	0.9723	2.768
944	0.4813	0.9759	2.413
945	0.4918	0.9720	2.802
946	0.4893	0.9727	2.729
947	0.4886	0.9729	2.707
948	0.4923	0.9715	2.851
949	0.4848	0.9747	2.532
950	0.4903	0.9726	2.740
951	0.4852	0.9741	2.594
952	0.4843	0.9743	2.570
953	0.4899	0.9718	2.818
954	0.4917	0.9719	2.813
955	0.4915	0.9713	2.866
956	0.4842	0.9744	2.559
957	0.4902	0.9719	2.806
958	0.4845	0.9742	2.575
959	0.4877	0.9730	2.697
960	0.4903	0.9723	2.767
961	0.4887	0.9723	2.769
962	0.4921	0.9710	2.904
963	0.4906	0.9719	2.813
964	0.4905	0.9723	2.769
965	0.4895	0.9724	2.758
966	0.4855	0.9737	2.628
967	0.4883	0.9726	2.745
968	0.4765	0.9781	2.189
969	0.4889	0.9725	2.749
970	0.4901	0.9718	2.820
971	0.4814	0.9755	2.454
972	0.4886	0.9728	2.723
973	0.4860	0.9737	2.629
974	0.4861	0.9741	2.590
975	0.4895	0.9722	2.776
976	0.4862	0.9735	2.652
977	0.4895	0.9725	2.748
978	0.4909	0.9718	2.819
979	0.4884	0.9726	2.742
980	0.4912	0.9718	2.817
981	0.4750	0.9790	2.097
982	0.4881	0.9732	2.681
983	0.4859	0.9740	2.598
984	0.4920	0.9710	2.902
985	0.4931	0.9707	2.928
986	0.4880	0.9730	2.697
987	0.4908	0.9719	2.812
988	0.4868	0.9736	2.635
989	0.4888	0.9730	2.702
990	0.4900	0.9721	2.792
991	0.4864	0.9739	2.612
992	0.4830	0.9749	2.506
993	0.4891	0.9725	2.754
994	0.4905	0.9717	2.832
995	0.4893	0.9724	2.760
996	0.4774	0.9774	2.258
997	0.4885	0.9730	2.704
998	0.4903	0.9721	2.792
999	0.4902	0.9724	2.761
1000	0.4893	0.9723	2.771
1001	0.4861	0.9742	2.583
1002	0.4900	0.9724	2.761
1003	0.4894	0.9725	2.747
1004	0.4920	0.9713	2.870
1005	0.4834	0.9751	2.489
1006	0.4911	0.9716	2.840
1007	0.4848	0.9743	2.573
1008	0.4778	0.9781	2.187
1009	0.4732	0.9796	2.044
1010	0.4908	0.9719	2.812
1011	0.4884	0.9728	2.723
1012	0.4876	0.9729	2.708
1013	0.4927	0.9709	2.906
1014	0.4872	0.9733	2.667
1015	0.4751	0.9788	2.124
1016	0.4886	0.9728	2.715
1017	0.4870	0.9734	2.656
1018	0.4911	0.9716	2.837
1019	0.4894	0.9727	2.734
1020	0.4908	0.9717	2.832
1021	0.4914	0.9712	2.876
1022	0.4828	0.9749	2.507
1023	0.4750	0.9792	2.083
1024	0.4869	0.9733	2.668
1025	0.4857	0.9741	2.594
1026	0.4751	0.9788	2.122
1027	0.4902	0.9723	2.766
1028	0.4885	0.9723	2.768
1029	0.4773	0.9774	2.258
1030	0.4886	0.9725	2.753
1031	0.4907	0.9719	2.812
1032	0.4915	0.9719	2.813
1033	0.4899	0.9721	2.791
1034	0.4829	0.9749	2.511
1035	0.4901	0.9726	2.739
1036	0.4875	0.9729	2.708
1037	0.4857	0.9740	2.597
1038	0.4828	0.9749	2.507
1039	0.4885	0.9729	2.715
1040	0.4903	0.9717	2.833
1041	0.4893	0.9724	2.761
1042	0.4763	0.9782	2.185
1043	0.4919	0.9710	2.904
1044	0.4881	0.9725	2.747
1045	0.4915	0.9720	2.803
1046	0.4883	0.9730	2.704
1047	0.4847	0.9743	2.574
1048	0.4869	0.9735	2.653
1049	0.4849	0.9740	2.596
1050	0.4919	0.9713	2.873
1051	0.4884	0.9728	2.723
1052	0.4840	0.9743	2.571
1053	0.4910	0.9716	2.836
1054	0.4929	0.9707	2.935
1055	0.4857	0.9740	2.600
1056	0.4868	0.9733	2.668
1057	0.4789	0.9770	2.303
1058	0.4887	0.9725	2.749
1059	0.4906	0.9719	2.812
1060	0.4903	0.9719	2.813
1061	0.4857	0.9737	2.631
1062	0.4891	0.9723	2.773
1063	0.4848	0.9746	2.542
1064	0.4886	0.9723	2.769
1065	0.4749	0.9787	2.125
1066	0.4844	0.9740	2.598
1067	0.4811	0.9755	2.453
1068	0.4775	0.9781	2.190
1069	0.4907	0.9718	2.824
1070	0.4899	0.9719	2.810
1071	0.4886	0.9729	2.709
1072	0.4911	0.9716	2.837
1073	0.4892	0.9723	2.774
1074	0.4878	0.9732	2.681
1075	0.4809	0.9759	2.411
1076	0.4882	0.9729	2.706
1077	0.4901	0.9721	2.788
1078	0.4748	0.9792	2.085
1079	0.4899	0.9723	2.766
1080	0.4730	0.9796	2.039
1081	0.4890	0.9723	2.767
1082	0.4891	0.9724	2.764
1083	0.4852	0.9737	2.631
1084	0.4903	0.9719	2.805
1085	0.4906	0.9719	2.812
1086	0.4881	0.9726	2.743
1087	0.4832	0.9751	2.493
1088	0.4844	0.9746	2.536
1089	0.4889	0.9726	2.741
1090	0.4917	0.9710	2.898
1091	0.4869	0.9733	2.667
1092	0.4911	0.9715	2.848
1093	0.4895	0.9718	2.816
1094	0.4858	0.9734	2.656
1095	0.4912	0.9712	2.877
1096	0.4865	0.9732	2.679
1097	0.4865	0.9736	2.636
1098	0.4892	0.9724	2.762
1099	0.4897	0.9718	2.821
1100	0.4898	0.9724	2.763
1101	0.4857	0.9741	2.591
1102	0.4918	0.9715	2.853
1103	0.4919	0.9710	2.897
1104	0.4890	0.9726	2.739
1105	0.4910	0.9713	2.869
1106	0.4902	0.9722	2.778
1107	0.4838	0.9744	2.559
1108	0.4906	0.9716	2.835
1109	0.4746	0.9790	2.097
1110	0.4888	0.9725	2.754
1111	0.4895	0.9725	2.747
1112	0.4876	0.9730	2.699
1113	0.4891	0.9727	2.733
1114	0.4902	0.9717	2.834
1115	0.4924	0.9709	2.906
1116	0.4888	0.9727	2.730
1117	0.4872	0.9730	2.697
1118	0.4881	0.9728	2.724
1119	0.4907	0.9718	2.817
1120	0.4841	0.9743	2.573
1121	0.4891	0.9725	2.747
1122	0.4858	0.9741	2.589
1123	0.4900	0.9723	2.768
1124	0.4860	0.9739	2.610
1125	0.4890	0.9723	2.769
1126	0.4908	0.9716	2.840
1127	0.4911	0.9713	2.874
1128	0.4916	0.9710	2.902
1129	0.4746	0.9790	2.096
1130	0.4891	0.9725	2.747
1131	0.4880	0.9729	2.708
1132	0.4889	0.9724	2.758
1133	0.4923	0.9710	2.903
1134	0.4916	0.9710	2.899
1135	0.4890	0.9723	2.770
1136	0.4901	0.9720	2.800
1137	0.4842	0.9740	2.597
1138	0.4847	0.9741	2.592
1139	0.4868	0.9733	2.665
1140	0.4880	0.9728	2.723
1141	0.4872	0.9730	2.699
1142	0.4876	0.9732	2.681
1143	0.4890	0.9727	2.730
1144	0.4898	0.9724	2.761
1145	0.4896	0.9718	2.821
1146	0.4826	0.9750	2.505
1147	0.4888	0.9724	2.764
1148	0.4863	0.9737	2.630
1149	0.4904	0.9717	2.832
1150	0.4893	0.9719	2.812
1151	0.4900	0.9722	2.776
1152	0.4774	0.9781	2.186
1153	0.4747	0.9787	2.126
1154	0.4880	0.9730	2.703
1155	0.4889	0.9726	2.739
1156	0.4875	0.9730	2.698
1157	0.4872	0.9729	2.708
1158	0.4857	0.9741	2.589
1159	0.4889	0.9723	2.773
1160	0.4904	0.9718	2.818
1161	0.4909	0.9714	2.865
1162	0.4883	0.9730	2.703
1163	0.4911	0.9719	2.809
1164	0.4865	0.9734	2.660
1165	0.4760	0.9781	2.187
1166	0.4906	0.9718	2.818
1167	0.4889	0.9724	2.759
1168	0.4908	0.9717	2.828
1169	0.4883	0.9725	2.748
1170	0.4844	0.9743	2.571
1171	0.4808	0.9755	2.451
1172	0.4856	0.9735	2.649
1173	0.4917	0.9710	2.898
1174	0.4902	0.9719	2.809
1175	0.4896	0.9720	2.800
1176	0.4841	0.9747	2.526
1177	0.4886	0.9727	2.731
1178	0.4894	0.9721	2.791
1179	0.4903	0.9719	2.810
1180	0.4881	0.9725	2.746
1181	0.4886	0.9726	2.737
1182	0.4745	0.9792	2.084
1183	0.4854	0.9737	2.630
1184	0.4883	0.9723	2.768
1185	0.4895	0.9724	2.760
1186	0.4855	0.9741	2.590
1187	0.4899	0.9719	2.812
1188	0.4900	0.9716	2.837
1189	0.4898	0.9723	2.766
1190	0.4853	0.9741	2.592
1191	0.4880	0.9727	2.726
1192	0.4881	0.9723	2.768
1193	0.4910	0.9720	2.800
1194	0.4924	0.9707	2.926
1195	0.4727	0.9796	2.043
1196	0.4915	0.9713	2.871
1197	0.4839	0.9742	2.575
1198	0.4829	0.9751	2.492
1199	0.4899	0.9716	2.835
1200	0.4896	0.9726	2.738
1201	0.4823	0.9749	2.506
1202	0.4865	0.9735	2.652
1203	0.4885	0.9724	2.756
1204	0.4746	0.9788	2.123
1205	0.4785	0.9770	2.304
1206	0.4836	0.9743	2.572
1207	0.4880	0.9728	2.716
1208	0.4835	0.9744	2.560
1209	0.4898	0.9721	2.794
1210	0.4878	0.9726	2.743
1211	0.4892	0.9725	2.751
1212	0.4888	0.9723	2.765
1213	0.4915	0.9715	2.852
1214	0.4887	0.9723	2.772
1215	0.4876	0.9725	2.746
1216	0.4844	0.9746	2.541
1217	0.4804	0.9759	2.412
1218	0.4901	0.9719	2.811
1219	0.4848	0.9737	2.630
1220	0.4904	0.9717	2.834
1221	0.4767	0.9774	2.258
1222	0.4851	0.9740	2.596
1223	0.4907	0.9715	2.845
1224	0.4857	0.9739	2.612
1225	0.4895	0.9723	2.766
1226	0.4905	0.9716	2.839
1227	0.4861	0.9732	2.675
1228	0.4896	0.9724	2.762
1229	0.4901	0.9719	2.810
1230	0.4891	0.9726	2.739
1231	0.4844	0.9741	2.593
1232	0.4852	0.9737	2.631
1233	0.4880	0.9729	2.710
1234	0.4907	0.9713	2.865
1235	0.4863	0.9734	2.662
1236	0.4887	0.9723	2.772
1237	0.4840	0.9747	2.528
1238	0.4843	0.9746	2.541
1239	0.4869	0.9729	2.706
1240	0.4908	0.9719	2.812
1241	0.4907	0.9716	2.844
1242	0.4913	0.9710	2.899
1243	0.4920	0.9710	2.901
1244	0.4758	0.9781	2.188
1245	0.4905	0.9717	2.829
1246	0.4878	0.9728	2.725
1247	0.4850	0.9741	2.595
1248	0.4771	0.9781	2.186
1249	0.4868	0.9730	2.696
1250	0.4742	0.9790	2.097
1251	0.4886	0.9723	2.772
1252	0.4877	0.9728	2.723
1253	0.4860	0.9736	2.635
1254	0.4887	0.9727	2.732
1255	0.4898	0.9716	2.836
1256	0.4863	0.9735	2.651
1257	0.4898	0.9720	2.798
1258	0.4847	0.9737	2.631
1259	0.4876	0.9726	2.741
1260	0.4822	0.9749	2.507
1261	0.4856	0.9739	2.614
1262	0.4892	0.9718	2.819
1263	0.4872	0.9730	2.697
1264	0.4897	0.9716	2.835
1265	0.4890	0.9719	2.814
1266	0.4852	0.9741	2.589
1267	0.4893	0.9719	2.806
1268	0.4895	0.9721	2.789
1269	0.4886	0.9723	2.771
1270	0.4906	0.9713	2.873
1271	0.4885	0.9724	2.765
1272	0.4841	0.9743	2.569
1273	0.4864	0.9733	2.665
1274	0.4896	0.9723	2.767
1275	0.4822	0.9749	2.505
1276	0.4742	0.9792	2.084
1277	0.4880	0.9725	2.748
1278	0.4900	0.9718	2.817
1279	0.4892	0.9724	2.760
1280	0.4853	0.9735	2.651
1281	0.4803	0.9759	2.414
1282	0.4878	0.9725	2.747
1283	0.4783	0.9770	2.303
1284	0.4872	0.9732	2.680
1285	0.4896	0.9719	2.813
1286	0.4886	0.9723	2.767
1287	0.4911	0.9710	2.900
1288	0.4832	0.9744	2.558
1289	0.4883	0.9726	2.738
1290	0.4883	0.9727	2.731
1291	0.4885	0.9726	2.739
1292	0.4836	0.9743	2.573
1293	0.4878	0.9723	2.767
1294	0.4913	0.9715	2.851
1295	0.4913	0.9710	2.897
1296	0.4724	0.9796	2.041
1297	0.4804	0.9755	2.453
1298	0.4874	0.9725	2.745
1299	0.4882	0.9725	2.753
1300	0.4886	0.9725	2.751
1301	0.4833	0.9743	2.569
1302	0.4885	0.9724	2.761
1303	0.4899	0.9719	2.809
1304	0.4902	0.9716	2.837
1305	0.4837	0.9740	2.596
1306	0.4893	0.9724	2.764
1307	0.4743	0.9788	2.123
1308	0.4900	0.9717	2.834
1309	0.4884	0.9724	2.762
1310	0.4890	0.9721	2.788
1311	0.4921	0.9707	2.932
1312	0.4879	0.9730	2.705
1313	0.4858	0.9732	2.676
1314	0.4898	0.9719	2.807
1315	0.4892	0.9726	2.739
1316	0.4911	0.9713	2.869
1317	0.4902	0.9718	2.816
1318	0.4879	0.9723	2.769
1319	0.4849	0.9740	2.596
1320	0.4852	0.9741	2.590
1321	0.4875	0.9729	2.709
1322	0.4907	0.9720	2.800
1323	0.4875	0.9730	2.699
1324	0.4742	0.9787	2.128
1325	0.4901	0.9717	2.829
1326	0.4825	0.9751	2.489
1327	0.4764	0.9774	2.258
1328	0.4895	0.9722	2.776
1329	0.4883	0.9724	2.759
1330	0.4892	0.9723	2.765
1331	0.4884	0.9723	2.771
1332	0.4862	0.9733	2.666
1333	0.4834	0.9743	2.573
1334	0.4820	0.9749	2.507
1335	0.4901	0.9717	2.831
1336	0.4781	0.9770	2.303
1337	0.4885	0.9723	2.766
1338	0.4910	0.9713	2.873
1339	0.4903	0.9717	2.831
1340	0.4911	0.9715	2.849
1341	0.4890	0.9718	2.821
1342	0.4740	0.9790	2.096
1343	0.4874	0.9729	2.707
1344	0.4858	0.9736	2.636
1345	0.4884	0.9727	2.730
1346	0.4903	0.9714	2.862
1347	0.4891	0.9720	2.799
1348	0.4865	0.9730	2.698
1349	0.4742	0.9788	2.121
1350	0.4851	0.9735	2.650
1351	0.4898	0.9717	2.831
1352	0.4920	0.9708	2.924
1353	0.4906	0.9720	2.799
1354	0.4767	0.9782	2.185
1355	0.4894	0.9723	2.775
1356	0.4800	0.9759	2.412
1357	0.4900	0.9718	2.818
1358	0.4882	0.9724	2.765
1359	0.4904	0.9712	2.877
1360	0.4883	0.9726	2.737
1361	0.4848	0.9740	2.601
1362	0.4882	0.9723	2.771
1363	0.4897	0.9719	2.809
1364	0.4911	0.9710	2.896
1365	0.4877	0.9723	2.769
1366	0.4835	0.9740	2.596
1367	0.4876	0.9729	2.714
1368	0.4838	0.9743	2.572
1369	0.4894	0.9719	2.815
1370	0.4850	0.9741	2.588
1371	0.4853	0.9739	2.613
1372	0.4883	0.9723	2.771
1373	0.4883	0.9724	2.758
1374	0.4873	0.9730	2.699
1375	0.4869	0.9730	2.698
1376	0.4740	0.9787	2.128
1377	0.4892	0.9721	2.790
1378	0.4904	0.9719	2.809
1379	0.4848	0.9737	2.631
1380	0.4883	0.9725	2.746
1381	0.4874	0.9727	2.725
1382	0.4846	0.9741	2.595
1383	0.4831	0.9743	2.567
1384	0.4739	0.9792	2.084
1385	0.4839	0.9741	2.593
1386	0.4900	0.9716	2.838
1387	0.4880	0.9727	2.728
1388	0.4849	0.9741	2.588
1389	0.4839	0.9746	2.541
1390	0.4902	0.9716	2.845
1391	0.4858	0.9734	2.663
1392	0.4763	0.9774	2.256
1393	0.4880	0.9726	2.736
1394	0.4873	0.9728	2.723
1395	0.4856	0.9733	2.674
1396	0.4875	0.9725	2.747
1397	0.4890	0.9726	2.739
1398	0.4818	0.9749	2.506
1399	0.4843	0.9737	2.631
1400	0.4886	0.9719	2.813
1401	0.4915	0.9710	2.904
1402	0.4893	0.9720	2.798
1403	0.4888	0.9721	2.790
1404	0.4753	0.9781	2.186
1405	0.4879	0.9725	2.755
1406	0.4858	0.9735	2.651
1407	0.4876	0.9725	2.748
1408	0.4895	0.9719	2.808
1409	0.4892	0.9717	2.835
1410	0.4892	0.9723	2.770
1411	0.4876	0.9730	2.703
1412	0.4868	0.9732	2.680
1413	0.4908	0.9710	2.901
1414	0.4834	0.9747	2.528
1415	0.4896	0.9718	2.818
1416	0.4829	0.9744	2.558
1417	0.4870	0.9726	2.744
1418	0.4721	0.9796	2.042
1419	0.4896	0.9719	2.809
1420	0.4801	0.9755	2.450
1421	0.4822	0.9751	2.490
1422	0.4908	0.9710	2.904
1423	0.4893	0.9717	2.834
1424	0.4864	0.9729	2.708
1425	0.4874	0.9723	2.766
1426	0.4890	0.9723	2.765
1427	0.4888	0.9724	2.759
1428	0.4871	0.9726	2.740
1429	0.4885	0.9726	2.742
1430	0.4851	0.9739	2.610
1431	0.4903	0.9719	2.809
1432	0.4837	0.9746	2.539
1433	0.4891	0.9723	2.765
1434	0.4880	0.9723	2.770
1435	0.4864	0.9730	2.704
1436	0.4882	0.9727	2.729
1437	0.4917	0.9708	2.923
1438	0.4895	0.9720	2.802
1439	0.4895	0.9719	2.807
1440	0.4848	0.9735	2.649
1441	0.4739	0.9787	2.130
1442	0.4816	0.9749	2.505
1443	0.4871	0.9730	2.696
1444	0.4891	0.9717	2.829
1445	0.4878	0.9727	2.730
1446	0.4761	0.9774	2.256
1447	0.4720	0.9796	2.043
1448	0.4862	0.9730	2.699
1449	0.4901	0.9716	2.844
1450	0.4899	0.9717	2.829
1451	0.4841	0.9737	2.630
1452	0.4892	0.9722	2.775
1453	0.4857	0.9735	2.651
1454	0.4845	0.9741	2.594
1455	0.4869	0.9726	2.745
1456	0.4828	0.9744	2.559
1457	0.4872	0.9728	2.722
1458	0.4892	0.9720	2.799
1459	0.4737	0.9792	2.083
1460	0.4907	0.9710	2.903
1461	0.4881	0.9723	2.772
1462	0.4881	0.9723	2.765
1463	0.4828	0.9743	2.568
1464	0.4880	0.9723	2.771
1465	0.4895	0.9717	2.832
1466	0.4879	0.9724	2.761
1467	0.4888	0.9724	2.763
1468	0.4900	0.9714	2.863
1469	0.4870	0.9726	2.741
1470	0.4872	0.9723	2.767
1471	0.4889	0.9724	2.762
1472	0.4897	0.9717	2.830
1473	0.4837	0.9741	2.594
1474	0.4886	0.9718	2.821
1475	0.4797	0.9759	2.413
1476	0.4854	0.9736	2.636
1477	0.4845	0.9737	2.629
1478	0.4750	0.9781	2.187
1479	0.4856	0.9733	2.667
1480	0.4872	0.9729	2.712
1481	0.4887	0.9726	2.737
1482	0.4883	0.9719	2.814
1483	0.4884	0.9726	2.743
1484	0.4886	0.9724	2.761
1485	0.4872	0.9725	2.746
1486	0.4880	0.9725	2.746
1487	0.4900	0.9713	2.874
1488	0.4874	0.9725	2.749
1489	0.4865	0.9730	2.697
1490	0.4891	0.9716	2.840
1491	0.4890	0.9720	2.802
1492	0.4897	0.9718	2.817
1493	0.4907	0.9715	2.846
1494	0.4897	0.9716	2.840
1495	0.4878	0.9724	2.764
1496	0.4777	0.9770	2.303
1497	0.4905	0.9710	2.901
1498	0.4906	0.9713	2.868
1499	0.4830	0.9743	2.574
1500	0.4738	0.9788	2.120
1501	0.4846	0.9741	2.588
1502	0.4832	0.9747	2.529
1503	0.4886	0.9720	2.802
1504	0.4888	0.9721	2.789
1505	0.4885	0.9721	2.790
1506	0.4869	0.9729	2.708
1507	0.4798	0.9755	2.450
1508	0.4834	0.9743	2.572
1509	0.4901	0.9720	2.801
1510	0.4845	0.9741	2.588
1511	0.4869	0.9728	2.723
1512	0.4857	0.9733	2.665
1513	0.4876	0.9725	2.753
1514	0.4843	0.9741	2.594
1515	0.4912	0.9710	2.901
1516	0.4819	0.9751	2.489
1517	0.4852	0.9733	2.674
1518	0.4814	0.9749	2.506
1519	0.4892	0.9719	2.809
1520	0.4878	0.9724	2.758
1521	0.4831	0.9740	2.595
1522	0.4873	0.9723	2.769
1523	0.4865	0.9732	2.679
1524	0.4906	0.9710	2.895
1525	0.4878	0.9726	2.737
1526	0.4893	0.9718	2.816
1527	0.4876	0.9727	2.730
1528	0.4762	0.9781	2.186
1529	0.4873	0.9729	2.707
1530	0.4734	0.9790	2.097
1531	0.4825	0.9744	2.560
1532	0.4839	0.9737	2.631
1533	0.4845	0.9741	2.591
1534	0.4813	0.9749	2.508
1535	0.4906	0.9715	2.853
1536	0.4888	0.9723	2.770
1537	0.4748	0.9781	2.185
1538	0.4895	0.9716	2.836
1539	0.4814	0.9749	2.508
1540	0.4876	0.9727	2.731
1541	0.4834	0.9741	2.593
1542	0.4900	0.9719	2.812
1543	0.4797	0.9755	2.453
1544	0.4870	0.9723	2.767
1545	0.4845	0.9735	2.655
1546	0.4886	0.9726	2.739
1547	0.4734	0.9792	2.080
1548	0.4842	0.9740	2.597
1549	0.4885	0.9723	2.766
1550	0.4889	0.9716	2.835
1551	0.4870	0.9729	2.713
1552	0.4828	0.9743	2.572
1553	0.4876	0.9723	2.765
1554	0.4852	0.9737	2.634
1555	0.4856	0.9733	2.666
1556	0.4872	0.9729	2.707
1557	0.4868	0.9730	2.704
1558	0.4867	0.9726	2.741
1559	0.4829	0.9740	2.596
1560	0.4851	0.9732	2.676
1561	0.4842	0.9740	2.600
1562	0.4761	0.9781	2.190
1563	0.4847	0.9738	2.616
1564	0.4883	0.9721	2.791
1565	0.4892	0.9716	2.835
1566	0.4886	0.9723	2.765
1567	0.4870	0.9725	2.749
1568	0.4830	0.9747	2.532
1569	0.4825	0.9743	2.571
1570	0.4900	0.9720	2.804
1571	0.4732	0.9790	2.097
1572	0.4894	0.9718	2.820
1573	0.4883	0.9718	2.820
1574	0.4904	0.9712	2.876
1575	0.4891	0.9719	2.809
1576	0.4894	0.9716	2.835
1577	0.4868	0.9728	2.724
1578	0.4890	0.9719	2.809
1579	0.4817	0.9751	2.491
1580	0.4877	0.9722	2.776
1581	0.4871	0.9725	2.748
1582	0.4793	0.9759	2.407
1583	0.4858	0.9730	2.699
1584	0.4876	0.9723	2.772
1585	0.4715	0.9796	2.035
1586	0.4733	0.9788	2.121
1587	0.4887	0.9717	2.831
1588	0.4905	0.9710	2.902
1589	0.4756	0.9775	2.254
1590	0.4877	0.9722	2.777
1591	0.4842	0.9737	2.628
1592	0.4874	0.9726	2.739
1593	0.4862	0.9730	2.699
1594	0.4887	0.9718	2.817
1595	0.4888	0.9722	2.777
1596	0.4902	0.9710	2.900
1597	0.4876	0.9723	2.766
1598	0.4876	0.9726	2.736
1599	0.4734	0.9788	2.122
1600	0.4831	0.9743	2.574
1601	0.4833	0.9745	2.546
1602	0.4913	0.9707	2.934
1603	0.4895	0.9716	2.836
1604	0.4863	0.9732	2.682
1605	0.4883	0.9720	2.805
1606	0.4877	0.9727	2.733
1607	0.4867	0.9730	2.701
1608	0.4895	0.9713	2.867
1609	0.4909	0.9710	2.904
1610	0.4773	0.9770	2.303
1611	0.4883	0.9724	2.760
1612	0.4877	0.9725	2.747
1613	0.4866	0.9728	2.722
1614	0.4843	0.9741	2.588
1615	0.4880	0.9726	2.739
1616	0.4879	0.9719	2.810
1617	0.4876	0.9724	2.765
1618	0.4896	0.9716	2.841
1619	0.4864	0.9726	2.743
1620	0.4858	0.9730	2.704
1621	0.4875	0.9724	2.757
1622	0.4870	0.9724	2.765
1623	0.4889	0.9719	2.807
1624	0.4885	0.9721	2.790
1625	0.4887	0.9720	2.796
1626	0.4890	0.9718	2.815
1627	0.4896	0.9713	2.871
1628	0.4901	0.9710	2.898
1629	0.4851	0.9734	2.655
1630	0.4873	0.9725	2.750
1631	0.4852	0.9735	2.650
1632	0.4874	0.9723	2.769
1633	0.4876	0.9727	2.731
1634	0.4892	0.9718	2.816
1635	0.4714	0.9796	2.041
1636	0.4731	0.9791	2.095
1637	0.4895	0.9716	2.843
1638	0.4866	0.9730	2.696
1639	0.4882	0.9720	2.800
1640	0.4810	0.9749	2.506
1641	0.4886	0.9723	2.772
1642	0.4885	0.9717	2.829
1643	0.4865	0.9728	2.722
1644	0.4892	0.9716	2.839
1645	0.4849	0.9733	2.672
1646	0.4875	0.9726	2.745
1647	0.4911	0.9708	2.924
1648	0.4883	0.9724	2.759
1649	0.4879	0.9726	2.738
1650	0.4746	0.9782	2.185
1651	0.4888	0.9719	2.806
1652	0.4894	0.9714	2.860
1653	0.4851	0.9735	2.651
1654	0.4872	0.9727	2.726
1655	0.4874	0.9725	2.755
1656	0.4831	0.9741	2.593
1657	0.4755	0.9774	2.256
1658	0.4886	0.9720	2.798
1659	0.4901	0.9713	2.869
1660	0.4867	0.9723	2.767
1661	0.4867	0.9729	2.709
1662	0.4875	0.9723	2.766
1663	0.4829	0.9743	2.568
1664	0.4891	0.9717	2.829
1665	0.4869	0.9723	2.766
1666	0.4841	0.9741	2.588
1667	0.4900	0.9710	2.899
1668	0.4835	0.9737	2.629
1669	0.4839	0.9737	2.628
1670	0.4900	0.9710	2.898
1671	0.4880	0.9721	2.788
1672	0.4826	0.9740	2.595
1673	0.4838	0.9740	2.595
1674	0.4882	0.9724	2.765
1675	0.4848	0.9737	2.633
1676	0.4884	0.9720	2.804
1677	0.4873	0.9724	2.763
1678	0.4902	0.9710	2.897
1679	0.4868	0.9725	2.747
1680	0.4896	0.9719	2.807
1681	0.4810	0.9750	2.504
1682	0.4883	0.9721	2.790
1683	0.4885	0.9716	2.836
1684	0.4874	0.9725	2.753
1685	0.4731	0.9787	2.128
1686	0.4791	0.9759	2.411
1687	0.4894	0.9713	2.874
1688	0.4852	0.9733	2.665
1689	0.4868	0.9730	2.702
1690	0.4841	0.9735	2.649
1691	0.4860	0.9732	2.680
1692	0.4873	0.9726	2.743
1693	0.4896	0.9720	2.799
1694	0.4880	0.9724	2.761
1695	0.4730	0.9792	2.082
1696	0.4907	0.9710	2.901
1697	0.4822	0.9744	2.565
1698	0.4880	0.9718	2.821
1699	0.4887	0.9719	2.806
1700	0.4826	0.9747	2.528
1701	0.4849	0.9734	2.662
1702	0.4871	0.9726	2.735
1703	0.4888	0.9718	2.818
1704	0.4870	0.9725	2.748
1705	0.4757	0.9781	2.186
1706	0.4838	0.9740	2.598
1707	0.4856	0.9730	2.704
1708	0.4859	0.9730	2.698
1709	0.4864	0.9728	2.722
1710	0.4792	0.9755	2.450
1711	0.4873	0.9723	2.772
1712	0.4901	0.9715	2.852
1713	0.4883	0.9723	2.766
1714	0.4887	0.9719	2.807
1715	0.4866	0.9725	2.748
1716	0.4823	0.9743	2.573
1717	0.4880	0.9726	2.740
1718	0.4829	0.9746	2.537
1719	0.4855	0.9730	2.696
1720	0.4887	0.9717	2.829
1721	0.4770	0.9770	2.304
1722	0.4842	0.9739	2.609
1723	0.4873	0.9723	2.773
1724	0.4863	0.9729	2.709
1725	0.4876	0.9719	2.810
1726	0.4861	0.9726	2.744
1727	0.4891	0.9717	2.826
1728	0.4840	0.9741	2.586
1729	0.4862	0.9726	2.739
1730	0.4813	0.9751	2.489
1731	0.4820	0.9744	2.555
1732	0.4731	0.9788	2.119
1733	0.4887	0.9718	2.816
1734	0.4808	0.9749	2.505
1735	0.4863	0.9728	2.721
1736	0.4866	0.9730	2.704
1737	0.4792	0.9755	2.451
1738	0.4909	0.9707	2.927
1739	0.4824	0.9741	2.595
1740	0.4862	0.9728	2.722
1741	0.4839	0.9741	2.588
1742	0.4892	0.9716	2.843
1743	0.4900	0.9715	2.851
1744	0.4848	0.9734	2.662
1745	0.4813	0.9751	2.489
1746	0.4898	0.9710	2.899
1747	0.4860	0.9726	2.744
1748	0.4863	0.9730	2.697
1749	0.4841	0.9739	2.609
1750	0.4729	0.9792	2.083
1751	0.4892	0.9713	2.875
1752	0.4889	0.9719	2.814
1753	0.4894	0.9720	2.800
1754	0.4898	0.9710	2.899
1755	0.4756	0.9781	2.186
1756	0.4824	0.9747	2.531
1757	0.4870	0.9724	2.764
1758	0.4822	0.9743	2.571
1759	0.4887	0.9717	2.833
1760	0.4893	0.9719	2.810
1761	0.4850	0.9733	2.665
1762	0.4820	0.9743	2.569
1763	0.4881	0.9721	2.788
1764	0.4905	0.9710	2.905
1765	0.4828	0.9741	2.592
1766	0.4864	0.9724	2.764
1767	0.4879	0.9724	2.763
1768	0.4864	0.9729	2.712
1769	0.4728	0.9788	2.124
1770	0.4861	0.9726	2.742
1771	0.4742	0.9781	2.185
1772	0.4854	0.9729	2.707
1773	0.4872	0.9727	2.734
1774	0.4870	0.9726	2.736
1775	0.4848	0.9735	2.654
1776	0.4890	0.9716	2.836
1777	0.4835	0.9740	2.599
1778	0.4888	0.9716	2.836
1779	0.4874	0.9718	2.815
1780	0.4831	0.9737	2.631
1781	0.4838	0.9735	2.653
1782	0.4869	0.9727	2.730
1783	0.4870	0.9723	2.771
1784	0.4870	0.9724	2.763
1785	0.4865	0.9723	2.769
1786	0.4825	0.9743	2.570
1787	0.4885	0.9719	2.809
1788	0.4857	0.9732	2.678
1789	0.4878	0.9726	2.739
1790	0.4884	0.9719	2.809
1791	0.4806	0.9749	2.506
1792	0.4865	0.9725	2.748
1793	0.4888	0.9716	2.839
1794	0.4751	0.9774	2.257
1795	0.4818	0.9744	2.557
1796	0.4871	0.9725	2.748
1797	0.4868	0.9725	2.753
1798	0.4877	0.9724	2.759
1799	0.4863	0.9725	2.746
1800	0.4879	0.9724	2.762
1801	0.4836	0.9737	2.629
1802	0.4898	0.9711	2.894
1803	0.4884	0.9719	2.807
1804	0.4870	0.9724	2.761
1805	0.4882	0.9716	2.836
1806	0.4827	0.9746	2.538
1807	0.4870	0.9723	2.771
1808	0.4877	0.9720	2.800
1809	0.4852	0.9731	2.695
1810	0.4767	0.9770	2.304
1811	0.4844	0.9733	2.672
1812	0.4870	0.9724	2.765
1813	0.4881	0.9720	2.798
1814	0.4856	0.9730	2.697
1815	0.4726	0.9791	2.095
1816	0.4876	0.9718	2.819
1817	0.4889	0.9714	2.862
1818	0.4880	0.9723	2.766
1819	0.4880	0.9720	2.804
1820	0.4728	0.9788	2.119
1821	0.4880	0.9717	2.833
1822	0.4834	0.9741	2.594
1823	0.4870	0.9723	2.771
1824	0.4836	0.9741	2.587
1825	0.4896	0.9713	2.868
1826	0.4787	0.9759	2.411
1827	0.4843	0.9737	2.634
1828	0.4867	0.9727	2.734
1829	0.4860	0.9729	2.708
1830	0.4873	0.9726	2.739
1831	0.4709	0.9796	2.042
1832	0.4880	0.9723	2.774
1833	0.4875	0.9721	2.789
1834	0.4897	0.9715	2.848
1835	0.4822	0.9747	2.527
1836	0.4833	0.9741	2.595
1837	0.4821	0.9741	2.595
1838	0.4858	0.9726	2.744
1839	0.4805	0.9749	2.506
1840	0.4830	0.9737	2.631
1841	0.4895	0.9710	2.899
1842	0.4877	0.9724	2.764
1843	0.4859	0.9726	2.740
1844	0.4862	0.9725	2.746
1845	0.4766	0.9770	2.303
1846	0.4868	0.9727	2.734
1847	0.4888	0.9717	2.834
1848	0.4880	0.9723	2.774
1849	0.4886	0.9718	2.816
1850	0.4727	0.9788	2.122
1851	0.4880	0.9719	2.806
1852	0.4886	0.9716	2.836
1853	0.4855	0.9732	2.681
1854	0.4883	0.9719	2.806
1855	0.4884	0.9717	2.832
1856	0.4863	0.9725	2.748
1857	0.4902	0.9710	2.901
1858	0.4847	0.9734	2.664
1859	0.4869	0.9723	2.773
1860	0.4836	0.9741	2.587
1861	0.4863	0.9723	2.767
1862	0.4869	0.9723	2.771
1863	0.4833	0.9741	2.594
1864	0.4845	0.9735	2.649
1865	0.4872	0.9719	2.812
1866	0.4863	0.9730	2.700
1867	0.4879	0.9717	2.828
1868	0.4726	0.9787	2.126
1869	0.4874	0.9721	2.787
1870	0.4867	0.9723	2.773
1871	0.4905	0.9708	2.924
1872	0.4739	0.9781	2.188
1873	0.4880	0.9716	2.835
1874	0.4890	0.9719	2.809
1875	0.4866	0.9726	2.735
1876	0.4865	0.9725	2.750
1877	0.4854	0.9730	2.697
1878	0.4878	0.9723	2.767
1879	0.4842	0.9733	2.671
1880	0.4788	0.9755	2.450
1881	0.4872	0.9726	2.740
1882	0.4859	0.9728	2.722
1883	0.4896	0.9710	2.895
1884	0.4804	0.9750	2.505
1885	0.4866	0.9727	2.731
1886	0.4876	0.9724	2.761
1887	0.4842	0.9737	2.633
1888	0.4894	0.9710	2.899
1889	0.4881	0.9719	2.807
1890	0.4868	0.9727	2.728
1891	0.4785	0.9759	2.411
1892	0.4837	0.9739	2.609
1893	0.4881	0.9720	2.805
1894	0.4874	0.9718	2.819
1895	0.4725	0.9792	2.082
1896	0.4751	0.9781	2.186
1897	0.4849	0.9730	2.699
1898	0.4866	0.9724	2.764
1899	0.4818	0.9743	2.572
1900	0.4875	0.9726	2.739
1901	0.4868	0.9725	2.748
1902	0.4860	0.9729	2.712
1903	0.4815	0.9743	2.569
1904	0.4858	0.9730	2.703
1905	0.4894	0.9713	2.873
1906	0.4832	0.9737	2.627
1907	0.4860	0.9724	2.764
1908	0.4888	0.9713	2.874
1909	0.4858	0.9728	2.723
1910	0.4885	0.9716	2.837
1911	0.4887	0.9715	2.847
1912	0.4882	0.9718	2.818
1913	0.4849	0.9730	2.705
1914	0.4723	0.9790	2.097
1915	0.4878	0.9719	2.814
1916	0.4821	0.9743	2.569
1917	0.4747	0.9774	2.255
1918	0.4843	0.9733	2.667
1919	0.4866	0.9724	2.763
1920	0.4807	0.9751	2.489
1921	0.4889	0.9720	2.799
1922	0.4874	0.9720	2.804
1923	0.4823	0.9746	2.540
1924	0.4706	0.9796	2.040
1925	0.4873	0.9724	2.760
1926	0.4833	0.9741	2.587
1927	0.4823	0.9741	2.592
1928	0.4814	0.9744	2.558
1929	0.4876	0.9721	2.788
1930	0.4857	0.9730	2.700
1931	0.4866	0.9724	2.760
1932	0.4886	0.9714	2.862
1933	0.4834	0.9735	2.649
1934	0.4867	0.9724	2.765
1935	0.4872	0.9721	2.787
1936	0.4867	0.9727	2.729
1937	0.4866	0.9723	2.772
1938	0.4722	0.9790	2.095
1939	0.4874	0.9726	2.738
1940	0.4802	0.9749	2.507
1941	0.4867	0.9723	2.765
1942	0.4853	0.9732	2.678
1943	0.4814	0.9744	2.564
1944	0.4849	0.9730	2.704
1945	0.4860	0.9730	2.703
1946	0.4875	0.9724	2.760
1947	0.4880	0.9719	2.809
1948	0.4750	0.9781	2.186
1949	0.4892	0.9710	2.899
1950	0.4859	0.9725	2.746
1951	0.4785	0.9755	2.450
1952	0.4865	0.9724	2.761
1953	0.4899	0.9710	2.904
1954	0.4880	0.9718	2.817
1955	0.4832	0.9741	2.587
1956	0.4858	0.9729	2.709
1957	0.4831	0.9737	2.627
1958	0.4866	0.9725	2.746
1959	0.4746	0.9774	2.257
1960	0.4876	0.9719	2.813
1961	0.4863	0.9726	2.736
1962	0.4886	0.9715	2.846
1963	0.4736	0.9781	2.187
1964	0.4856	0.9730	2.701
1965	0.4902	0.9707	2.929
1966	0.4865	0.9727	2.734
1967	0.4865	0.9724	2.759
1968	0.4723	0.9788	2.124
1969	0.4816	0.9743	2.571
1970	0.4833	0.9735	2.653
1971	0.4892	0.9713	2.873
1972	0.4864	0.9724	2.763
1973	0.4822	0.9746	2.540
1974	0.4812	0.9744	2.556
1975	0.4882	0.9717	2.835
1976	0.4817	0.9741	2.593
1977	0.4857	0.9724	2.765
1978	0.4722	0.9792	2.080
1979	0.4829	0.9740	2.598
1980	0.4882	0.9718	2.817
1981	0.4704	0.9796	2.036
1982	0.4817	0.9747	2.532
1983	0.4839	0.9732	2.678
1984	0.4872	0.9724	2.765
1985	0.4841	0.9733	2.667
1986	0.4871	0.9718	2.820
1987	0.4829	0.9740	2.601
1988	0.4841	0.9735	2.651
1989	0.4893	0.9711	2.895
1990	0.4821	0.9741	2.589
1991	0.4869	0.9726	2.744
1992	0.4892	0.9715	2.852
1993	0.4880	0.9717	2.831
1994	0.4862	0.9727	2.730
1995	0.4876	0.9716	2.836
1996	0.4865	0.9723	2.772
1997	0.4834	0.9739	2.609
1998	0.4872	0.9724	2.763
1999	0.4883	0.9718	2.825
