0	0.5151	0.9740	2.599
1	0.5202	0.9722	2.780
2	0.5072	0.9779	2.206
3	0.5059	0.9785	2.148
4	0.5158	0.9740	2.602
5	0.5240	0.9704	2.961
6	0.5194	0.9726	2.742
7	0.5209	0.9715	2.853
8	0.5230	0.9709	2.908
9	0.5173	0.9735	2.646
10	0.5215	0.9715	2.852
11	0.5198	0.9720	2.795
12	0.5201	0.9724	2.762
13	0.5119	0.9757	2.426
14	0.5224	0.9710	2.902
15	0.5203	0.9720	2.797
16	0.5057	0.9789	2.113
17	0.5197	0.9720	2.800
18	0.5142	0.9749	2.510
19	0.5155	0.9737	2.635
20	0.5159	0.9738	2.621
21	0.5209	0.9721	2.793
22	0.5138	0.9746	2.542
23	0.5217	0.9717	2.827
24	0.5223	0.9713	2.871
25	0.5214	0.9713	2.873
26	0.5206	0.9716	2.839
27	0.5202	0.9721	2.794
28	0.5193	0.9726	2.741
29	0.5154	0.9742	2.577
30	0.5200	0.9721	2.791
31	0.5170	0.9737	2.625
32	0.5209	0.9721	2.792
33	0.5224	0.9716	2.841
34	0.5194	0.9721	2.785
35	0.5166	0.9737	2.627
36	0.5195	0.9721	2.790
37	0.5203	0.9721	2.791
38	0.5222	0.9710	2.901
39	0.5162	0.9735	2.653
40	0.5217	0.9714	2.855
41	0.5055	0.9788	2.122
42	0.5195	0.9726	2.741
43	0.5221	0.9713	2.871
44	0.5057	0.9785	2.153
45	0.5176	0.9735	2.655
46	0.5229	0.9706	2.937
47	0.5193	0.9723	2.769
48	0.5158	0.9743	2.568
49	0.5167	0.9738	2.620
50	0.5215	0.9715	2.848
51	0.5219	0.9714	2.862
52	0.5177	0.9732	2.680
53	0.5174	0.9731	2.694
54	0.5152	0.9741	2.591
55	0.5212	0.9717	2.831
56	0.5183	0.9726	2.737
57	0.5208	0.9717	2.828
58	0.5080	0.9772	2.276
59	0.5235	0.9705	2.948
60	0.5211	0.9720	2.796
61	0.5212	0.9718	2.816
62	0.5148	0.9742	2.582
63	0.5222	0.9716	2.838
64	0.5207	0.9718	2.823
65	0.5165	0.9739	2.612
66	0.5208	0.9723	2.769
67	0.5227	0.9707	2.929
68	0.5193	0.9726	2.735
69	0.5198	0.9724	2.764
70	0.5211	0.9714	2.858
71	0.5209	0.9722	2.779
72	0.5201	0.9720	2.804
73	0.5218	0.9716	2.842
74	0.5209	0.9720	2.802
75	0.5205	0.9724	2.761
76	0.5136	0.9748	2.520
77	0.5167	0.9733	2.670
78	0.5229	0.9707	2.928
79	0.5186	0.9727	2.725
80	0.5200	0.9723	2.765
81	0.5038	0.9794	2.065
82	0.5178	0.9730	2.697
83	0.5119	0.9752	2.475
84	0.5189	0.9723	2.767
85	0.5218	0.9713	2.870
86	0.5190	0.9724	2.764
87	0.5182	0.9728	2.721
88	0.5083	0.9779	2.206
89	0.5214	0.9715	2.850
90	0.5186	0.9728	2.720
91	0.5165	0.9734	2.655
92	0.5177	0.9732	2.685
93	0.5227	0.9714	2.862
94	0.5096	0.9768	2.319
95	0.5200	0.9721	2.785
96	0.5214	0.9713	2.868
97	0.5036	0.9794	2.064
98	0.5227	0.9706	2.938
99	0.5192	0.9721	2.787
100	0.5166	0.9733	2.672
101	0.5199	0.9722	2.779
102	0.5214	0.9715	2.852
103	0.5167	0.9737	2.627
104	0.5192	0.9726	2.740
105	0.5160	0.9735	2.653
106	0.5198	0.9722	2.777
107	0.5177	0.9730	2.698
108	0.5197	0.9724	2.758
109	0.5203	0.9716	2.835
110	0.5156	0.9738	2.615
111	0.5219	0.9710	2.900
112	0.5054	0.9785	2.153
113	0.5210	0.9717	2.835
114	0.5181	0.9726	2.740
115	0.5199	0.9721	2.792
116	0.5218	0.9713	2.870
117	0.5213	0.9718	2.821
118	0.5193	0.9720	2.799
119	0.5216	0.9714	2.862
120	0.5054	0.9789	2.111
121	0.5082	0.9780	2.205
122	0.5206	0.9723	2.773
123	0.5191	0.9726	2.739
124	0.5190	0.9726	2.739
125	0.5164	0.9734	2.655
126	0.5133	0.9748	2.525
127	0.5216	0.9713	2.870
128	0.5151	0.9743	2.575
129	0.5210	0.9713	2.867
130	0.5227	0.9707	2.932
131	0.5052	0.9788	2.122
132	0.5067	0.9779	2.205
133	0.5175	0.9731	2.685
134	0.5188	0.9726	2.740
135	0.5114	0.9757	2.428
136	0.5054	0.9785	2.148
137	0.5145	0.9740	2.599
138	0.5137	0.9749	2.513
139	0.5209	0.9714	2.863
140	0.5219	0.9710	2.901
141	0.5196	0.9722	2.775
142	0.5116	0.9752	2.476
143	0.5198	0.9721	2.793
144	0.5187	0.9723	2.771
145	0.5163	0.9736	2.642
146	0.5220	0.9715	2.853
147	0.5212	0.9715	2.850
148	0.5188	0.9723	2.773
149	0.5204	0.9715	2.851
150	0.5205	0.9717	2.828
151	0.5202	0.9723	2.767
152	0.5162	0.9738	2.616
153	0.5203	0.9721	2.789
154	0.5207	0.9720	2.797
155	0.5197	0.9719	2.806
156	0.5234	0.9705	2.954
157	0.5203	0.9718	2.822
158	0.5144	0.9742	2.583
159	0.5224	0.9714	2.864
160	0.5224	0.9710	2.900
161	0.5172	0.9732	2.680
162	0.5183	0.9727	2.726
163	0.5171	0.9735	2.651
164	0.5203	0.9722	2.781
165	0.5217	0.9713	2.866
166	0.5197	0.9724	2.765
167	0.5076	0.9772	2.276
168	0.5223	0.9707	2.933
169	0.5197	0.9722	2.781
170	0.5214	0.9716	2.842
171	0.5188	0.9724	2.765
172	0.5198	0.9721	2.791
173	0.5183	0.9728	2.721
174	0.5170	0.9731	2.694
175	0.5132	0.9746	2.535
176	0.5093	0.9768	2.320
177	0.5194	0.9721	2.789
178	0.5162	0.9738	2.616
179	0.5178	0.9728	2.718
180	0.5191	0.9721	2.795
181	0.5147	0.9740	2.596
182	0.5208	0.9718	2.817
183	0.5148	0.9737	2.631
184	0.5166	0.9736	2.644
185	0.5205	0.9721	2.787
186	0.5195	0.9721	2.787
187	0.5208	0.9716	2.843
188	0.5210	0.9715	2.847
189	0.5211	0.9714	2.862
190	0.5230	0.9705	2.948
191	0.5150	0.9741	2.592
192	0.5197	0.9724	2.762
193	0.5205	0.9719	2.806
194	0.5188	0.9722	2.783
195	0.5152	0.9743	2.566
196	0.5218	0.9717	2.832
197	0.5187	0.9724	2.758
198	0.5193	0.9725	2.747
199	0.5202	0.9718	2.823
200	0.5148	0.9737	2.631
201	0.5169	0.9730	2.695
202	0.5196	0.9724	2.765
203	0.5174	0.9730	2.696
204	0.5161	0.9735	2.653
205	0.5146	0.9741	2.591
206	0.5162	0.9738	2.622
207	0.5114	0.9753	2.473
208	0.5201	0.9721	2.789
209	0.5165	0.9735	2.647
210	0.5190	0.9720	2.797
211	0.5207	0.9716	2.838
212	0.5209	0.9716	2.844
213	0.5210	0.9715	2.849
214	0.5186	0.9724	2.760
215	0.5159	0.9738	2.620
216	0.5184	0.9724	2.764
217	0.5205	0.9717	2.827
218	0.5074	0.9772	2.276
219	0.5215	0.9710	2.898
220	0.5170	0.9732	2.677
221	0.5135	0.9749	2.508
222	0.5142	0.9742	2.583
223	0.5231	0.9705	2.954
224	0.5180	0.9727	2.730
225	0.5201	0.9718	2.822
226	0.5176	0.9728	2.723
227	0.5206	0.9718	2.815
228	0.5216	0.9716	2.840
229	0.5206	0.9713	2.870
230	0.5223	0.9708	2.925
231	0.5187	0.9721	2.787
232	0.5185	0.9726	2.739
233	0.5031	0.9794	2.063
234	0.5214	0.9710	2.899
235	0.5193	0.9722	2.780
236	0.5194	0.9719	2.805
237	0.5168	0.9735	2.652
238	0.5211	0.9714	2.862
239	0.5198	0.9724	2.760
240	0.5200	0.9722	2.781
241	0.5142	0.9740	2.595
242	0.5194	0.9722	2.780
243	0.5160	0.9733	2.669
244	0.5216	0.9717	2.835
245	0.5201	0.9723	2.769
246	0.5146	0.9742	2.576
247	0.5186	0.9727	2.734
248	0.5048	0.9788	2.116
249	0.5221	0.9714	2.862
250	0.5194	0.9724	2.762
251	0.5193	0.9721	2.790
252	0.5191	0.9721	2.791
253	0.5110	0.9757	2.432
254	0.5129	0.9746	2.535
255	0.5202	0.9719	2.806
256	0.5186	0.9721	2.785
257	0.5202	0.9722	2.784
258	0.5227	0.9705	2.945
259	0.5186	0.9727	2.734
260	0.5154	0.9735	2.655
261	0.5063	0.9780	2.203
262	0.5193	0.9721	2.791
263	0.5211	0.9713	2.871
264	0.5220	0.9710	2.900
265	0.5076	0.9779	2.207
266	0.5207	0.9718	2.822
267	0.5128	0.9748	2.523
268	0.5157	0.9738	2.616
269	0.5183	0.9726	2.737
270	0.5089	0.9768	2.320
271	0.5208	0.9713	2.867
272	0.5159	0.9738	2.616
273	0.5150	0.9738	2.616
274	0.5197	0.9716	2.835
275	0.5192	0.9722	2.775
276	0.5048	0.9785	2.154
277	0.5220	0.9706	2.937
278	0.5184	0.9723	2.768
279	0.5190	0.9723	2.774
280	0.5203	0.9714	2.864
281	0.5213	0.9713	2.869
282	0.5207	0.9715	2.847
283	0.5210	0.9715	2.845
284	0.5212	0.9713	2.871
285	0.5182	0.9723	2.765
286	0.5193	0.9721	2.791
287	0.5179	0.9728	2.722
288	0.5047	0.9789	2.111
289	0.5169	0.9732	2.683
290	0.5192	0.9721	2.791
291	0.5198	0.9715	2.849
292	0.5187	0.9721	2.794
293	0.5174	0.9726	2.741
294	0.5219	0.9707	2.933
295	0.5148	0.9743	2.568
296	0.5048	0.9786	2.144
297	0.5202	0.9720	2.802
298	0.5146	0.9740	2.595
299	0.5144	0.9737	2.631
300	0.5209	0.9715	2.847
301	0.5159	0.9737	2.626
302	0.5132	0.9749	2.508
303	0.5209	0.9713	2.869
304	0.5184	0.9721	2.787
305	0.5156	0.9737	2.630
306	0.5157	0.9734	2.655
307	0.5182	0.9726	2.738
308	0.5206	0.9713	2.868
309	0.5156	0.9738	2.616
310	0.5074	0.9779	2.206
311	0.5198	0.9717	2.828
312	0.5087	0.9768	2.320
313	0.5206	0.9715	2.853
314	0.5185	0.9720	2.800
315	0.5218	0.9710	2.902
316	0.5182	0.9723	2.771
317	0.5126	0.9747	2.526
318	0.5191	0.9721	2.788
319	0.5164	0.9730	2.696
320	0.5189	0.9724	2.759
321	0.5143	0.9743	2.573
322	0.5142	0.9740	2.597
323	0.5180	0.9723	2.769
324	0.5186	0.9721	2.794
325	0.5199	0.9721	2.786
326	0.5151	0.9735	2.651
327	0.5060	0.9780	2.204
328	0.5205	0.9715	2.853
329	0.5182	0.9726	2.740
330	0.5190	0.9722	2.779
331	0.5147	0.9738	2.617
332	0.5205	0.9718	2.824
333	0.5197	0.9717	2.827
334	0.5213	0.9716	2.840
335	0.5208	0.9714	2.863
336	0.5145	0.9740	2.595
337	0.5217	0.9707	2.935
338	0.5166	0.9732	2.683
339	0.5217	0.9707	2.933
340	0.5196	0.9715	2.848
341	0.5183	0.9721	2.789
342	0.5146	0.9743	2.565
343	0.5189	0.9722	2.783
344	0.5044	0.9788	2.116
345	0.5182	0.9723	2.767
346	0.5211	0.9716	2.841
347	0.5187	0.9721	2.789
348	0.5106	0.9757	2.427
349	0.5204	0.9716	2.845
350	0.5069	0.9772	2.276
351	0.5136	0.9742	2.582
352	0.5125	0.9746	2.536
353	0.5189	0.9722	2.777
354	0.5183	0.9726	2.737
355	0.5201	0.9713	2.870
356	0.5108	0.9753	2.474
357	0.5199	0.9720	2.799
358	0.5045	0.9785	2.152
359	0.5187	0.9723	2.770
360	0.5179	0.9723	2.765
361	0.5189	0.9721	2.792
362	0.5163	0.9735	2.651
363	0.5190	0.9724	2.762
364	0.5137	0.9740	2.598
365	0.5171	0.9728	2.722
366	0.5218	0.9707	2.928
367	0.5026	0.9794	2.063
368	0.5181	0.9726	2.737
369	0.5200	0.9714	2.864
370	0.5226	0.9704	2.955
371	0.5155	0.9738	2.616
372	0.5208	0.9713	2.871
373	0.5189	0.9724	2.764
374	0.5199	0.9717	2.830
375	0.5193	0.9717	2.834
376	0.5166	0.9732	2.681
377	0.5198	0.9719	2.807
378	0.5200	0.9716	2.836
379	0.5174	0.9727	2.727
380	0.5209	0.9710	2.897
381	0.5194	0.9721	2.790
382	0.5189	0.9722	2.779
383	0.5208	0.9710	2.898
384	0.5043	0.9789	2.112
385	0.5166	0.9730	2.696
386	0.5195	0.9721	2.788
387	0.5193	0.9724	2.762
388	0.5209	0.9713	2.870
389	0.5195	0.9723	2.766
390	0.5158	0.9736	2.644
391	0.5170	0.9727	2.734
392	0.5215	0.9713	2.867
393	0.5222	0.9706	2.944
394	0.5045	0.9786	2.145
395	0.5188	0.9720	2.805
396	0.5154	0.9733	2.670
397	0.5174	0.9728	2.718
398	0.5199	0.9719	2.813
399	0.5189	0.9721	2.789
400	0.5170	0.9728	2.715
401	0.5145	0.9738	2.617
402	0.5179	0.9724	2.764
403	0.5208	0.9713	2.866
404	0.5179	0.9724	2.760
405	0.5104	0.9757	2.430
406	0.5152	0.9738	2.620
407	0.5043	0.9785	2.152
408	0.5084	0.9768	2.321
409	0.5170	0.9726	2.736
410	0.5195	0.9723	2.767
411	0.5165	0.9731	2.695
412	0.5161	0.9735	2.652
413	0.5153	0.9738	2.617
414	0.5198	0.9717	2.831
415	0.5123	0.9747	2.534
416	0.5194	0.9721	2.788
417	0.5224	0.9705	2.954
418	0.5201	0.9715	2.845
419	0.5207	0.9710	2.898
420	0.5197	0.9720	2.796
421	0.5179	0.9727	2.735
422	0.5221	0.9705	2.945
423	0.5208	0.9710	2.897
424	0.5208	0.9716	2.837
425	0.5195	0.9722	2.782
426	0.5187	0.9724	2.763
427	0.5177	0.9724	2.763
428	0.5192	0.9721	2.790
429	0.5186	0.9722	2.782
430	0.5177	0.9727	2.734
431	0.5201	0.9716	2.840
432	0.5193	0.9715	2.845
433	0.5193	0.9718	2.822
434	0.5214	0.9707	2.933
435	0.5042	0.9789	2.109
436	0.5187	0.9722	2.778
437	0.5151	0.9739	2.613
438	0.5186	0.9720	2.804
439	0.5200	0.9718	2.819
440	0.5187	0.9721	2.791
441	0.5142	0.9743	2.567
442	0.5201	0.9716	2.844
443	0.5137	0.9741	2.590
444	0.5215	0.9707	2.926
445	0.5155	0.9736	2.644
446	0.5184	0.9724	2.762
447	0.5177	0.9726	2.737
448	0.5190	0.9724	2.760
449	0.5056	0.9780	2.202
450	0.5105	0.9753	2.471
451	0.5153	0.9738	2.622
452	0.5212	0.9707	2.928
453	0.5179	0.9722	2.784
454	0.5161	0.9732	2.676
455	0.5121	0.9748	2.520
456	0.5185	0.9721	2.787
457	0.5178	0.9722	2.783
458	0.5040	0.9788	2.116
459	0.5133	0.9740	2.598
460	0.5171	0.9727	2.730
461	0.5212	0.9710	2.902
462	0.5203	0.9713	2.868
463	0.5213	0.9714	2.863
464	0.5159	0.9731	2.692
465	0.5172	0.9728	2.720
466	0.5163	0.9732	2.680
467	0.5200	0.9714	2.862
468	0.5138	0.9743	2.574
469	0.5196	0.9714	2.862
470	0.5042	0.9786	2.143
471	0.5197	0.9713	2.870
472	0.5184	0.9722	2.781
473	0.5152	0.9733	2.671
474	0.5180	0.9720	2.796
475	0.5197	0.9716	2.836
476	0.5179	0.9720	2.796
477	0.5202	0.9714	2.861
478	0.5189	0.9717	2.833
479	0.5184	0.9722	2.775
480	0.5178	0.9727	2.732
481	0.5184	0.9721	2.792
482	0.5173	0.9724	2.762
483	0.5125	0.9749	2.507
484	0.5207	0.9717	2.830
485	0.5139	0.9741	2.586
486	0.5182	0.9725	2.750
487	0.5064	0.9773	2.275
488	0.5204	0.9713	2.867
489	0.5195	0.9719	2.813
490	0.5202	0.9716	2.840
491	0.5193	0.9720	2.802
492	0.5022	0.9794	2.063
493	0.5131	0.9742	2.582
494	0.5150	0.9735	2.652
495	0.5145	0.9735	2.652
496	0.5067	0.9779	2.205
497	0.5191	0.9717	2.830
498	0.5182	0.9721	2.791
499	0.5185	0.9724	2.764
500	0.5136	0.9737	2.631
501	0.5185	0.9721	2.789
502	0.5185	0.9724	2.762
503	0.5195	0.9714	2.862
504	0.5141	0.9738	2.616
505	0.5190	0.9721	2.791
506	0.5183	0.9722	2.781
507	0.5172	0.9724	2.765
508	0.5038	0.9789	2.109
509	0.5178	0.9720	2.800
510	0.5175	0.9724	2.764
511	0.5211	0.9710	2.900
512	0.5151	0.9738	2.625
513	0.5183	0.9721	2.790
514	0.5174	0.9726	2.737
515	0.5153	0.9736	2.643
516	0.5157	0.9731	2.694
517	0.5150	0.9733	2.669
518	0.5189	0.9721	2.788
519	0.5187	0.9717	2.834
520	0.5197	0.9716	2.844
521	0.5131	0.9740	2.598
522	0.5148	0.9735	2.652
523	0.5200	0.9714	2.861
524	0.5161	0.9730	2.696
525	0.5143	0.9735	2.652
526	0.5181	0.9724	2.756
527	0.5204	0.9710	2.895
528	0.5181	0.9723	2.768
529	0.5039	0.9786	2.144
530	0.5192	0.9719	2.811
531	0.5139	0.9743	2.565
532	0.5165	0.9726	2.737
533	0.5187	0.9724	2.762
534	0.5205	0.9717	2.834
535	0.5202	0.9713	2.866
536	0.5102	0.9753	2.471
537	0.5192	0.9720	2.796
538	0.5189	0.9718	2.819
539	0.5133	0.9741	2.592
540	0.5052	0.9780	2.203
541	0.5137	0.9741	2.595
542	0.5189	0.9718	2.825
543	0.5164	0.9728	2.722
544	0.5129	0.9742	2.580
545	0.5065	0.9779	2.205
546	0.5194	0.9713	2.866
547	0.5159	0.9732	2.681
548	0.5197	0.9715	2.851
549	0.5180	0.9721	2.790
550	0.5181	0.9722	2.776
551	0.5194	0.9716	2.844
552	0.5209	0.9714	2.860
553	0.5098	0.9757	2.426
554	0.5173	0.9723	2.769
555	0.5182	0.9721	2.793
556	0.5189	0.9724	2.765
557	0.5134	0.9737	2.628
558	0.5193	0.9718	2.815
559	0.5167	0.9727	2.730
560	0.5147	0.9738	2.618
561	0.5168	0.9728	2.720
562	0.5134	0.9743	2.573
563	0.5174	0.9722	2.784
564	0.5209	0.9707	2.934
565	0.5215	0.9705	2.949
566	0.5195	0.9718	2.822
567	0.5174	0.9721	2.787
568	0.5060	0.9772	2.276
569	0.5190	0.9722	2.784
570	0.5201	0.9713	2.869
571	0.5218	0.9705	2.954
572	0.5203	0.9716	2.836
573	0.5077	0.9768	2.319
574	0.5174	0.9727	2.732
575	0.5117	0.9747	2.534
576	0.5035	0.9788	2.116
577	0.5145	0.9738	2.615
578	0.5210	0.9707	2.927
579	0.5171	0.9724	2.763
580	0.5173	0.9726	2.736
581	0.5181	0.9724	2.765
582	0.5191	0.9717	2.828
583	0.5198	0.9716	2.840
584	0.5195	0.9716	2.844
585	0.5145	0.9738	2.622
586	0.5201	0.9710	2.897
587	0.5207	0.9707	2.931
588	0.5176	0.9721	2.795
589	0.5018	0.9794	2.062
590	0.5036	0.9785	2.151
591	0.5198	0.9714	2.864
592	0.5195	0.9713	2.866
593	0.5187	0.9715	2.846
594	0.5171	0.9726	2.736
595	0.5154	0.9735	2.651
596	0.5115	0.9748	2.521
597	0.5180	0.9719	2.806
598	0.5180	0.9722	2.783
599	0.5120	0.9749	2.507
600	0.5180	0.9721	2.788
601	0.5156	0.9732	2.683
602	0.5063	0.9780	2.204
603	0.5035	0.9785	2.150
604	0.5169	0.9723	2.768
605	0.5202	0.9715	2.848
606	0.5197	0.9715	2.850
607	0.5187	0.9723	2.768
608	0.5171	0.9723	2.766
609	0.5162	0.9728	2.717
610	0.5134	0.9741	2.593
611	0.5194	0.9717	2.826
612	0.5119	0.9749	2.507
613	0.5194	0.9715	2.851
614	0.5186	0.9721	2.789
615	0.5034	0.9789	2.110
616	0.5199	0.9713	2.875
617	0.5200	0.9710	2.900
618	0.5172	0.9721	2.787
619	0.5136	0.9743	2.569
620	0.5162	0.9726	2.740
621	0.5147	0.9738	2.625
622	0.5139	0.9735	2.650
623	0.5186	0.9721	2.791
624	0.5144	0.9735	2.652
625	0.5179	0.9719	2.807
626	0.5156	0.9732	2.681
627	0.5170	0.9723	2.769
628	0.5171	0.9721	2.786
629	0.5206	0.9714	2.860
630	0.5179	0.9723	2.765
631	0.5016	0.9794	2.063
632	0.5165	0.9727	2.730
633	0.5194	0.9715	2.850
634	0.5199	0.9713	2.865
635	0.5154	0.9732	2.682
636	0.5178	0.9722	2.782
637	0.5143	0.9739	2.615
638	0.5193	0.9716	2.845
639	0.5148	0.9735	2.647
640	0.5131	0.9737	2.629
641	0.5169	0.9724	2.762
642	0.5165	0.9728	2.719
643	0.5215	0.9705	2.954
644	0.5129	0.9741	2.593
645	0.5212	0.9705	2.949
646	0.5173	0.9721	2.795
647	0.5113	0.9748	2.522
648	0.5047	0.9780	2.201
649	0.5190	0.9713	2.870
650	0.5205	0.9707	2.935
651	0.5185	0.9718	2.825
652	0.5169	0.9726	2.738
653	0.5142	0.9738	2.620
654	0.5171	0.9727	2.732
655	0.5097	0.9753	2.470
656	0.5168	0.9727	2.734
657	0.5151	0.9731	2.690
658	0.5184	0.9718	2.820
659	0.5189	0.9718	2.815
660	0.5204	0.9707	2.932
661	0.5206	0.9708	2.923
662	0.5177	0.9721	2.793
663	0.5189	0.9716	2.835
664	0.5125	0.9742	2.581
665	0.5032	0.9789	2.114
666	0.5175	0.9721	2.787
667	0.5187	0.9720	2.797
668	0.5197	0.9710	2.898
669	0.5188	0.9714	2.860
670	0.5113	0.9747	2.535
671	0.5143	0.9738	2.620
672	0.5177	0.9722	2.779
673	0.5034	0.9786	2.143
674	0.5172	0.9720	2.797
675	0.5093	0.9757	2.427
676	0.5176	0.9723	2.775
677	0.5195	0.9714	2.864
678	0.5176	0.9721	2.789
679	0.5125	0.9740	2.598
680	0.5183	0.9715	2.848
681	0.5199	0.9716	2.835
682	0.5056	0.9772	2.275
683	0.5181	0.9716	2.839
684	0.5188	0.9717	2.832
685	0.5134	0.9738	2.616
686	0.5178	0.9721	2.791
687	0.5175	0.9724	2.758
688	0.5151	0.9735	2.652
689	0.5129	0.9743	2.570
690	0.5143	0.9733	2.669
691	0.5174	0.9723	2.769
692	0.5178	0.9724	2.762
693	0.5191	0.9714	2.864
694	0.5186	0.9719	2.808
695	0.5154	0.9731	2.695
696	0.5185	0.9722	2.784
697	0.5203	0.9710	2.900
698	0.5073	0.9768	2.318
699	0.5176	0.9721	2.788
700	0.5193	0.9714	2.862
701	0.5168	0.9727	2.734
702	0.5180	0.9724	2.761
703	0.5182	0.9721	2.791
704	0.5116	0.9749	2.505
705	0.5140	0.9739	2.614
706	0.5183	0.9718	2.824
707	0.5033	0.9786	2.142
708	0.5141	0.9735	2.650
709	0.5175	0.9722	2.781
710	0.5123	0.9742	2.581
711	0.5190	0.9714	2.862
712	0.5182	0.9718	2.821
713	0.5164	0.9723	2.765
714	0.5190	0.9716	2.844
715	0.5187	0.9719	2.814
716	0.5031	0.9785	2.151
717	0.5123	0.9740	2.597
718	0.5209	0.9705	2.949
719	0.5072	0.9768	2.318
720	0.5212	0.9705	2.951
721	0.5167	0.9726	2.736
722	0.5174	0.9723	2.774
723	0.5110	0.9748	2.522
724	0.5175	0.9721	2.787
725	0.5175	0.9719	2.806
726	0.5142	0.9733	2.669
727	0.5186	0.9714	2.861
728	0.5127	0.9743	2.572
729	0.5202	0.9709	2.905
730	0.5176	0.9721	2.787
731	0.5129	0.9741	2.593
732	0.5167	0.9723	2.766
733	0.5166	0.9724	2.763
734	0.5029	0.9789	2.115
735	0.5187	0.9716	2.843
736	0.5175	0.9721	2.791
737	0.5175	0.9723	2.765
738	0.5169	0.9720	2.796
739	0.5176	0.9724	2.760
740	0.5170	0.9721	2.793
741	0.5168	0.9727	2.731
742	0.5167	0.9722	2.783
743	0.5174	0.9722	2.781
744	0.5156	0.9728	2.720
745	0.5153	0.9730	2.697
746	0.5160	0.9727	2.729
747	0.5188	0.9716	2.844
748	0.5193	0.9713	2.866
749	0.5110	0.9747	2.535
750	0.5201	0.9707	2.935
751	0.5135	0.9735	2.651
752	0.5161	0.9728	2.718
753	0.5093	0.9753	2.471
754	0.5184	0.9720	2.796
755	0.5090	0.9757	2.427
756	0.5188	0.9718	2.821
757	0.5126	0.9737	2.629
758	0.5186	0.9713	2.870
759	0.5164	0.9724	2.762
760	0.5174	0.9722	2.782
761	0.5191	0.9713	2.866
762	0.5181	0.9724	2.763
763	0.5195	0.9716	2.837
764	0.5194	0.9713	2.866
765	0.5057	0.9780	2.204
766	0.5188	0.9715	2.848
767	0.5131	0.9738	2.616
768	0.5171	0.9723	2.769
769	0.5201	0.9714	2.858
770	0.5043	0.9780	2.203
771	0.5183	0.9719	2.813
772	0.5010	0.9794	2.062
773	0.5178	0.9723	2.767
774	0.5139	0.9739	2.614
775	0.5164	0.9726	2.738
776	0.5137	0.9738	2.623
777	0.5195	0.9717	2.831
778	0.5179	0.9715	2.847
779	0.5171	0.9725	2.754
780	0.5194	0.9711	2.893
781	0.5166	0.9721	2.787
782	0.5171	0.9721	2.788
783	0.5190	0.9714	2.861
784	0.5150	0.9732	2.679
785	0.5193	0.9710	2.898
786	0.5124	0.9741	2.593
787	0.5052	0.9772	2.275
788	0.5129	0.9743	2.566
789	0.5147	0.9735	2.651
790	0.5190	0.9716	2.840
791	0.5179	0.9722	2.782
792	0.5155	0.9727	2.734
793	0.5177	0.9717	2.832
794	0.5142	0.9735	2.647
795	0.5199	0.9707	2.930
796	0.5140	0.9738	2.621
797	0.5146	0.9731	2.690
798	0.5201	0.9708	2.924
799	0.5180	0.9722	2.779
800	0.5162	0.9727	2.734
801	0.5148	0.9732	2.677
802	0.5028	0.9789	2.106
803	0.5183	0.9717	2.829
804	0.5206	0.9706	2.943
805	0.5184	0.9717	2.833
806	0.5026	0.9789	2.113
807	0.5191	0.9713	2.866
808	0.5146	0.9735	2.648
809	0.5124	0.9743	2.572
810	0.5145	0.9731	2.691
811	0.5136	0.9738	2.617
812	0.5173	0.9721	2.787
813	0.5193	0.9716	2.838
814	0.5173	0.9724	2.763
815	0.5198	0.9710	2.896
816	0.5172	0.9724	2.762
817	0.5185	0.9719	2.811
818	0.5119	0.9742	2.582
819	0.5056	0.9779	2.205
820	0.5009	0.9794	2.062
821	0.5167	0.9721	2.793
822	0.5169	0.9721	2.787
823	0.5137	0.9735	2.650
824	0.5200	0.9707	2.926
825	0.5177	0.9721	2.787
826	0.5028	0.9786	2.143
827	0.5088	0.9757	2.426
828	0.5111	0.9749	2.506
829	0.5170	0.9722	2.782
830	0.5185	0.9715	2.849
831	0.5135	0.9738	2.618
832	0.5138	0.9738	2.625
833	0.5158	0.9728	2.720
834	0.5183	0.9713	2.870
835	0.5127	0.9744	2.563
836	0.5191	0.9713	2.866
837	0.5180	0.9720	2.797
838	0.5161	0.9724	2.762
839	0.5168	0.9725	2.752
840	0.5168	0.9724	2.764
841	0.5122	0.9741	2.594
842	0.5175	0.9717	2.832
843	0.5050	0.9772	2.276
844	0.5163	0.9726	2.737
845	0.5125	0.9741	2.594
846	0.5185	0.9715	2.847
847	0.5179	0.9722	2.785
848	0.5170	0.9721	2.786
849	0.5106	0.9747	2.533
850	0.5152	0.9728	2.719
851	0.5177	0.9715	2.848
852	0.5153	0.9726	2.737
853	0.5148	0.9730	2.695
854	0.5159	0.9724	2.764
855	0.5170	0.9721	2.793
856	0.5146	0.9732	2.681
857	0.5163	0.9727	2.733
858	0.5170	0.9720	2.805
859	0.5177	0.9723	2.767
860	0.5181	0.9719	2.813
861	0.5206	0.9705	2.950
862	0.5066	0.9768	2.321
863	0.5190	0.9710	2.896
864	0.5181	0.9714	2.859
865	0.5160	0.9727	2.732
866	0.5187	0.9716	2.837
867	0.5197	0.9707	2.933
868	0.5155	0.9727	2.726
869	0.5190	0.9711	2.893
870	0.5147	0.9732	2.679
871	0.5025	0.9785	2.150
872	0.5024	0.9789	2.108
873	0.5122	0.9737	2.628
874	0.5197	0.9714	2.863
875	0.5039	0.9780	2.202
876	0.5176	0.9721	2.790
877	0.5162	0.9721	2.788
878	0.5162	0.9721	2.786
879	0.5161	0.9724	2.765
880	0.5196	0.9707	2.931
881	0.5176	0.9717	2.827
882	0.5161	0.9724	2.765
883	0.5129	0.9735	2.648
884	0.5184	0.9714	2.864
885	0.5104	0.9748	2.522
886	0.5116	0.9740	2.596
887	0.5178	0.9719	2.812
888	0.5139	0.9736	2.643
889	0.5135	0.9738	2.616
890	0.5168	0.9723	2.774
891	0.5168	0.9721	2.787
892	0.5126	0.9738	2.616
893	0.5163	0.9721	2.795
894	0.5183	0.9716	2.844
895	0.5179	0.9717	2.826
896	0.5169	0.9722	2.780
897	0.5159	0.9726	2.735
898	0.5186	0.9714	2.859
899	0.5186	0.9714	2.865
900	0.5088	0.9753	2.471
901	0.5135	0.9733	2.669
902	0.5173	0.9724	2.759
903	0.5175	0.9718	2.819
904	0.5190	0.9717	2.833
905	0.5150	0.9728	2.717
906	0.5180	0.9717	2.834
907	0.5185	0.9714	2.858
908	0.5166	0.9721	2.788
909	0.5167	0.9723	2.771
910	0.5183	0.9716	2.843
911	0.5194	0.9708	2.925
912	0.5188	0.9714	2.861
913	0.5204	0.9705	2.949
914	0.5145	0.9733	2.673
915	0.5104	0.9747	2.534
916	0.5201	0.9706	2.942
917	0.5167	0.9721	2.793
918	0.5185	0.9713	2.865
919	0.5162	0.9721	2.794
920	0.5194	0.9710	2.897
921	0.5167	0.9722	2.781
922	0.5108	0.9750	2.504
923	0.5187	0.9710	2.896
924	0.5143	0.9732	2.678
925	0.5181	0.9718	2.815
926	0.5174	0.9716	2.842
927	0.5168	0.9722	2.777
928	0.5156	0.9724	2.761
929	0.5158	0.9726	2.737
930	0.5174	0.9718	2.822
931	0.5023	0.9785	2.153
932	0.5131	0.9739	2.613
933	0.5178	0.9714	2.858
934	0.5131	0.9739	2.612
935	0.5173	0.9722	2.779
936	0.5124	0.9739	2.614
937	0.5120	0.9743	2.571
938	0.5178	0.9719	2.813
939	0.5158	0.9724	2.756
940	0.5050	0.9779	2.206
941	0.5167	0.9724	2.765
942	0.5181	0.9716	2.843
943	0.5133	0.9733	2.669
944	0.5160	0.9721	2.787
945	0.5168	0.9721	2.786
946	0.5140	0.9735	2.648
947	0.5118	0.9741	2.592
948	0.5164	0.9725	2.752
949	0.5194	0.9707	2.931
950	0.5063	0.9768	2.319
951	0.5036	0.9780	2.203
952	0.5174	0.9724	2.762
953	0.5171	0.9724	2.760
954	0.5119	0.9737	2.627
955	0.5176	0.9720	2.797
956	0.5195	0.9708	2.924
957	0.5165	0.9721	2.787
958	0.5178	0.9713	2.866
959	0.5161	0.9721	2.792
960	0.5156	0.9724	2.764
961	0.5176	0.9717	2.826
962	0.5021	0.9789	2.107
963	0.5152	0.9728	2.717
964	0.5132	0.9738	2.615
965	0.5045	0.9772	2.276
966	0.5164	0.9723	2.765
967	0.5133	0.9738	2.622
968	0.5139	0.9731	2.689
969	0.5187	0.9717	2.834
970	0.5175	0.9720	2.803
971	0.5023	0.9786	2.142
972	0.5193	0.9714	2.861
973	0.5148	0.9727	2.732
974	0.5144	0.9731	2.695
975	0.5186	0.9711	2.892
976	0.5157	0.9723	2.765
977	0.5122	0.9744	2.563
978	0.5131	0.9735	2.650
979	0.5113	0.9740	2.596
980	0.5158	0.9722	2.783
981	0.5084	0.9753	2.473
982	0.5120	0.9741	2.593
983	0.5179	0.9716	2.843
984	0.5135	0.9736	2.644
985	0.5184	0.9713	2.866
986	0.5158	0.9727	2.733
987	0.5165	0.9720	2.803
988	0.5171	0.9718	2.820
989	0.5151	0.9727	2.725
990	0.5173	0.9722	2.782
991	0.5169	0.9717	2.831
992	0.5157	0.9727	2.734
993	0.5182	0.9716	2.836
994	0.5112	0.9742	2.581
995	0.5100	0.9748	2.522
996	0.5187	0.9717	2.832
997	0.5171	0.9721	2.787
998	0.5125	0.9735	2.652
999	0.5164	0.9722	2.783
1000	0.5019	0.9789	2.114
1001	0.5166	0.9724	2.761
1002	0.5179	0.9714	2.859
1003	0.5081	0.9757	2.425
1004	0.5155	0.9726	2.735
1005	0.5001	0.9794	2.062
1006	0.5033	0.9780	2.202
1007	0.5157	0.9721	2.787
1008	0.5020	0.9785	2.146
1009	0.5156	0.9724	2.764
1010	0.5134	0.9736	2.643
1011	0.5184	0.9713	2.874
1012	0.5146	0.9728	2.717
1013	0.5137	0.9730	2.699
1014	0.5178	0.9715	2.851
1015	0.5193	0.9707	2.929
1016	0.5173	0.9719	2.813
1017	0.5153	0.9724	2.764
1018	0.5184	0.9713	2.865
1019	0.5186	0.9716	2.835
1020	0.5178	0.9718	2.822
1021	0.5190	0.9707	2.929
1022	0.5154	0.9727	2.732
1023	0.5155	0.9724	2.760
1024	0.5142	0.9730	2.698
1025	0.5083	0.9753	2.471
1026	0.5184	0.9710	2.896
1027	0.5118	0.9741	2.593
1028	0.5163	0.9721	2.792
1029	0.5191	0.9714	2.859
1030	0.5177	0.9716	2.842
1031	0.5114	0.9741	2.593
1032	0.5001	0.9794	2.062
1033	0.5178	0.9715	2.848
1034	0.5129	0.9735	2.649
1035	0.5154	0.9726	2.736
1036	0.5185	0.9716	2.837
1037	0.5171	0.9722	2.782
1038	0.5174	0.9714	2.858
1039	0.5111	0.9740	2.596
1040	0.5164	0.9724	2.761
1041	0.5042	0.9772	2.276
1042	0.5079	0.9758	2.425
1043	0.5190	0.9707	2.933
1044	0.5162	0.9723	2.774
1045	0.5180	0.9713	2.865
1046	0.5158	0.9721	2.792
1047	0.5177	0.9714	2.862
1048	0.5149	0.9728	2.717
1049	0.5160	0.9724	2.763
1050	0.5119	0.9744	2.562
1051	0.5156	0.9727	2.728
1052	0.5183	0.9710	2.897
1053	0.5161	0.9722	2.779
1054	0.5168	0.9721	2.788
1055	0.5018	0.9790	2.105
1056	0.5199	0.9705	2.949
1057	0.5169	0.9716	2.842
1058	0.5126	0.9739	2.612
1059	0.5180	0.9717	2.832
1060	0.5139	0.9732	2.678
1061	0.5179	0.9714	2.858
1062	0.5136	0.9735	2.648
1063	0.5169	0.9724	2.763
1064	0.5162	0.9720	2.800
1065	0.5161	0.9722	2.783
1066	0.5163	0.9721	2.785
1067	0.5018	0.9785	2.153
1068	0.5115	0.9743	2.571
1069	0.5097	0.9748	2.518
1070	0.5128	0.9739	2.615
1071	0.5155	0.9721	2.786
1072	0.5114	0.9737	2.627
1073	0.5166	0.9717	2.833
1074	0.5172	0.9717	2.826
1075	0.5045	0.9780	2.205
1076	0.5168	0.9718	2.822
1077	0.5119	0.9739	2.615
1078	0.5160	0.9724	2.757
1079	0.5154	0.9726	2.737
1080	0.5108	0.9742	2.581
1081	0.5152	0.9723	2.768
1082	0.5156	0.9721	2.794
1083	0.5161	0.9721	2.794
1084	0.5137	0.9731	2.687
1085	0.5057	0.9768	2.317
1086	0.5129	0.9738	2.622
1087	0.5144	0.9726	2.740
1088	0.5147	0.9727	2.728
1089	0.5173	0.9719	2.815
1090	0.5162	0.9723	2.766
1091	0.5168	0.9718	2.823
1092	0.5168	0.9722	2.782
1093	0.5159	0.9722	2.785
1094	0.5125	0.9738	2.620
1095	0.5097	0.9747	2.533
1096	0.5195	0.9705	2.949
1097	0.5170	0.9720	2.798
1098	0.5101	0.9749	2.506
1099	0.5173	0.9713	2.868
1100	0.5127	0.9733	2.669
1101	0.5165	0.9724	2.759
1102	0.5015	0.9789	2.113
1103	0.5187	0.9710	2.902
1104	0.5172	0.9717	2.833
1105	0.5161	0.9722	2.779
1106	0.5121	0.9735	2.650
1107	0.5165	0.9724	2.760
1108	0.5146	0.9727	2.728
1109	0.5095	0.9748	2.520
1110	0.5149	0.9724	2.764
1111	0.5189	0.9708	2.925
1112	0.5172	0.9717	2.835
1113	0.5187	0.9707	2.934
1114	0.5175	0.9714	2.861
1115	0.5134	0.9735	2.648
1116	0.5167	0.9718	2.820
1117	0.5057	0.9768	2.319
1118	0.5127	0.9733	2.668
1119	0.5160	0.9724	2.759
1120	0.5171	0.9714	2.858
1121	0.5096	0.9747	2.535
1122	0.5180	0.9714	2.863
1123	0.5135	0.9732	2.678
1124	0.5179	0.9713	2.865
1125	0.5124	0.9738	2.615
1126	0.5166	0.9716	2.841
1127	0.5177	0.9714	2.863
1128	0.5159	0.9722	2.784
1129	0.5166	0.9718	2.818
1130	0.5160	0.9720	2.801
1131	0.5151	0.9724	2.763
1132	0.5137	0.9732	2.677
1133	0.5016	0.9786	2.142
1134	0.5154	0.9721	2.794
1135	0.5099	0.9749	2.507
1136	0.5107	0.9740	2.595
1137	0.5133	0.9731	2.694
1138	0.5177	0.9715	2.846
1139	0.5157	0.9724	2.756
1140	0.5196	0.9705	2.953
1141	0.5075	0.9757	2.427
1142	0.5116	0.9743	2.568
1143	0.5013	0.9788	2.117
1144	0.5181	0.9716	2.844
1145	0.5157	0.9721	2.791
1146	0.5174	0.9715	2.845
1147	0.5119	0.9735	2.647
1148	0.5110	0.9741	2.594
1149	0.5146	0.9728	2.719
1150	0.5105	0.9742	2.581
1151	0.5041	0.9780	2.205
1152	0.5141	0.9726	2.743
1153	0.5173	0.9715	2.848
1154	0.5013	0.9789	2.110
1155	0.5171	0.9714	2.865
1156	0.5158	0.9722	2.781
1157	0.5163	0.9716	2.840
1158	0.5166	0.9723	2.766
1159	0.5037	0.9773	2.273
1160	0.5124	0.9739	2.608
1161	0.5170	0.9719	2.813
1162	0.5115	0.9738	2.618
1163	0.5185	0.9707	2.934
1164	0.5169	0.9716	2.835
1165	0.5179	0.9710	2.898
1166	0.5140	0.9728	2.718
1167	0.5185	0.9710	2.900
1168	0.5192	0.9705	2.945
1169	0.5122	0.9738	2.618
1170	0.5148	0.9727	2.734
1171	0.5159	0.9721	2.787
1172	0.5151	0.9727	2.735
1173	0.5136	0.9731	2.693
1174	0.5167	0.9719	2.806
1175	0.5175	0.9714	2.857
1176	0.5157	0.9721	2.793
1177	0.5149	0.9725	2.754
1178	0.5123	0.9735	2.647
1179	0.5027	0.9780	2.202
1180	0.5180	0.9717	2.834
1181	0.5150	0.9722	2.781
1182	0.5171	0.9718	2.817
1183	0.5127	0.9736	2.642
1184	0.5164	0.9722	2.779
1185	0.5110	0.9743	2.569
1186	0.5158	0.9722	2.779
1187	0.5147	0.9724	2.761
1188	0.5157	0.9722	2.784
1189	0.5155	0.9724	2.763
1190	0.5156	0.9723	2.773
1191	0.5184	0.9714	2.861
1192	0.5110	0.9737	2.625
1193	0.5112	0.9741	2.590
1194	0.5165	0.9722	2.783
1195	0.5152	0.9721	2.789
1196	0.5150	0.9722	2.785
1197	0.5149	0.9727	2.734
1198	0.5158	0.9724	2.761
1199	0.5171	0.9716	2.840
1200	0.4994	0.9794	2.059
1201	0.5124	0.9738	2.621
1202	0.5163	0.9721	2.787
1203	0.5177	0.9710	2.896
1204	0.5013	0.9785	2.150
1205	0.5147	0.9726	2.735
1206	0.5166	0.9720	2.798
1207	0.5076	0.9753	2.469
1208	0.5114	0.9738	2.616
1209	0.5185	0.9708	2.925
1210	0.5174	0.9716	2.840
1211	0.5147	0.9724	2.759
1212	0.5148	0.9726	2.735
1213	0.5026	0.9780	2.203
1214	0.5171	0.9715	2.847
1215	0.5157	0.9724	2.757
1216	0.5183	0.9707	2.932
1217	0.5092	0.9747	2.533
1218	0.5013	0.9786	2.142
1219	0.5072	0.9758	2.425
1220	0.5138	0.9728	2.718
1221	0.5161	0.9723	2.767
1222	0.5171	0.9713	2.865
1223	0.5167	0.9718	2.816
1224	0.5154	0.9724	2.765
1225	0.5166	0.9720	2.799
1226	0.5121	0.9735	2.649
1227	0.5151	0.9721	2.790
1228	0.4993	0.9794	2.060
1229	0.5096	0.9749	2.509
1230	0.5155	0.9723	2.774
1231	0.5112	0.9743	2.567
1232	0.5175	0.9713	2.866
1233	0.5173	0.9714	2.858
1234	0.5011	0.9785	2.150
1235	0.5123	0.9738	2.623
1236	0.5038	0.9780	2.203
1237	0.5155	0.9722	2.779
1238	0.5129	0.9731	2.694
1239	0.5034	0.9773	2.273
1240	0.5156	0.9721	2.791
1241	0.5154	0.9722	2.783
1242	0.5176	0.9710	2.898
1243	0.5110	0.9741	2.593
1244	0.5125	0.9736	2.642
1245	0.5106	0.9741	2.594
1246	0.5103	0.9740	2.596
1247	0.5115	0.9735	2.648
1248	0.5107	0.9743	2.571
1249	0.5155	0.9720	2.800
1250	0.5145	0.9726	2.737
1251	0.5008	0.9788	2.119
1252	0.5166	0.9717	2.834
1253	0.5161	0.9715	2.847
1254	0.5162	0.9724	2.763
1255	0.5147	0.9721	2.786
1256	0.5182	0.9714	2.863
1257	0.5147	0.9721	2.785
1258	0.5162	0.9717	2.827
1259	0.5149	0.9721	2.792
1260	0.5143	0.9724	2.764
1261	0.5165	0.9714	2.860
1262	0.5161	0.9721	2.789
1263	0.5176	0.9716	2.842
1264	0.5144	0.9724	2.762
1265	0.5174	0.9710	2.897
1266	0.5132	0.9731	2.695
1267	0.5168	0.9716	2.842
1268	0.5118	0.9738	2.616
1269	0.5163	0.9722	2.781
1270	0.5172	0.9714	2.864
1271	0.5141	0.9728	2.717
1272	0.5166	0.9717	2.831
1273	0.5101	0.9742	2.579
1274	0.5128	0.9735	2.647
1275	0.5181	0.9710	2.897
1276	0.5120	0.9733	2.668
1277	0.5188	0.9705	2.945
1278	0.5190	0.9705	2.946
1279	0.5050	0.9768	2.318
1280	0.5129	0.9732	2.677
1281	0.5154	0.9720	2.800
1282	0.5151	0.9725	2.747
1283	0.5144	0.9726	2.737
1284	0.5180	0.9707	2.926
1285	0.5117	0.9739	2.612
1286	0.5153	0.9722	2.781
1287	0.5175	0.9717	2.827
1288	0.5174	0.9714	2.860
1289	0.5165	0.9713	2.866
1290	0.5119	0.9739	2.613
1291	0.5073	0.9753	2.468
1292	0.5167	0.9719	2.813
1293	0.5106	0.9738	2.624
1294	0.5159	0.9721	2.788
1295	0.5130	0.9733	2.672
1296	0.5153	0.9724	2.761
1297	0.5157	0.9717	2.828
1298	0.5139	0.9728	2.716
1299	0.5146	0.9728	2.722
1300	0.5159	0.9718	2.818
1301	0.5152	0.9722	2.781
1302	0.5135	0.9727	2.726
1303	0.5167	0.9717	2.833
1304	0.5150	0.9722	2.780
1305	0.5088	0.9748	2.520
1306	0.5162	0.9720	2.801
1307	0.5144	0.9724	2.758
1308	0.5008	0.9790	2.103
1309	0.5172	0.9714	2.863
1310	0.5166	0.9716	2.835
1311	0.5117	0.9739	2.608
1312	0.5007	0.9789	2.114
1313	0.5179	0.9711	2.895
1314	0.5036	0.9779	2.206
1315	0.5189	0.9705	2.949
1316	0.5107	0.9741	2.590
1317	0.5152	0.9721	2.791
1318	0.5145	0.9727	2.730
1319	0.5138	0.9728	2.721
1320	0.5119	0.9733	2.668
1321	0.5164	0.9717	2.829
1322	0.5125	0.9731	2.687
1323	0.5103	0.9741	2.592
1324	0.5141	0.9724	2.761
1325	0.5007	0.9789	2.105
1326	0.5166	0.9718	2.821
1327	0.5159	0.9724	2.760
1328	0.5158	0.9716	2.844
1329	0.5151	0.9723	2.773
1330	0.4989	0.9794	2.060
1331	0.5143	0.9726	2.736
1332	0.5172	0.9711	2.893
1333	0.5145	0.9721	2.785
1334	0.5178	0.9707	2.927
1335	0.5021	0.9780	2.202
1336	0.5031	0.9772	2.275
1337	0.5179	0.9714	2.857
1338	0.5166	0.9714	2.860
1339	0.5144	0.9722	2.783
1340	0.5112	0.9735	2.649
1341	0.5121	0.9736	2.644
1342	0.5142	0.9727	2.734
1343	0.5163	0.9713	2.867
1344	0.5104	0.9737	2.628
1345	0.5007	0.9785	2.149
1346	0.5160	0.9722	2.783
1347	0.5162	0.9717	2.827
1348	0.5127	0.9732	2.683
1349	0.5171	0.9710	2.898
1350	0.5168	0.9714	2.858
1351	0.5108	0.9738	2.616
1352	0.5067	0.9758	2.423
1353	0.5165	0.9716	2.840
1354	0.5157	0.9718	2.820
1355	0.5125	0.9735	2.647
1356	0.5160	0.9719	2.806
1357	0.5107	0.9744	2.562
1358	0.5133	0.9728	2.717
1359	0.5179	0.9708	2.923
1360	0.5129	0.9731	2.691
1361	0.5133	0.9727	2.732
1362	0.5145	0.9721	2.794
1363	0.5160	0.9720	2.796
1364	0.5148	0.9725	2.748
1365	0.5142	0.9724	2.762
1366	0.5165	0.9716	2.843
1367	0.5184	0.9705	2.945
1368	0.5155	0.9724	2.759
1369	0.5098	0.9741	2.588
1370	0.5116	0.9735	2.650
1371	0.5069	0.9753	2.469
1372	0.5116	0.9739	2.615
1373	0.5150	0.9724	2.764
1374	0.5137	0.9728	2.717
1375	0.5142	0.9727	2.735
1376	0.5148	0.9721	2.786
1377	0.5007	0.9786	2.143
1378	0.5157	0.9718	2.823
1379	0.5086	0.9747	2.534
1380	0.5171	0.9716	2.839
1381	0.5156	0.9721	2.786
1382	0.5151	0.9721	2.787
1383	0.5085	0.9748	2.518
1384	0.5150	0.9720	2.800
1385	0.5145	0.9721	2.790
1386	0.5161	0.9719	2.813
1387	0.5151	0.9724	2.760
1388	0.5114	0.9739	2.614
1389	0.5149	0.9722	2.781
1390	0.5167	0.9717	2.832
1391	0.5149	0.9722	2.781
1392	0.5090	0.9750	2.504
1393	0.5160	0.9714	2.858
1394	0.5096	0.9742	2.578
1395	0.5167	0.9714	2.863
1396	0.5148	0.9722	2.782
1397	0.5176	0.9707	2.933
1398	0.5102	0.9743	2.569
1399	0.5139	0.9724	2.761
1400	0.5126	0.9732	2.676
1401	0.5156	0.9722	2.783
1402	0.5153	0.9717	2.831
1403	0.5171	0.9717	2.833
1404	0.5116	0.9738	2.620
1405	0.5169	0.9714	2.862
1406	0.5149	0.9722	2.778
1407	0.5045	0.9768	2.317
1408	0.5147	0.9724	2.759
1409	0.5140	0.9724	2.759
1410	0.5144	0.9721	2.791
1411	0.5185	0.9705	2.948
1412	0.5124	0.9732	2.679
1413	0.5166	0.9714	2.863
1414	0.5155	0.9718	2.820
1415	0.5148	0.9723	2.772
1416	0.5101	0.9737	2.626
1417	0.5175	0.9710	2.900
1418	0.5141	0.9726	2.736
1419	0.5177	0.9707	2.925
1420	0.5149	0.9724	2.763
1421	0.5139	0.9726	2.736
1422	0.5139	0.9725	2.753
1423	0.5004	0.9790	2.104
1424	0.5140	0.9724	2.762
1425	0.5112	0.9738	2.619
1426	0.5101	0.9743	2.569
1427	0.5155	0.9716	2.844
1428	0.5138	0.9724	2.761
1429	0.5170	0.9717	2.832
1430	0.5137	0.9724	2.761
1431	0.5126	0.9730	2.695
1432	0.5149	0.9721	2.786
1433	0.5140	0.9721	2.785
1434	0.5163	0.9714	2.860
1435	0.5152	0.9717	2.832
1436	0.5162	0.9716	2.844
1437	0.5157	0.9720	2.798
1438	0.5158	0.9714	2.857
1439	0.5114	0.9733	2.668
1440	0.5156	0.9722	2.779
1441	0.5145	0.9724	2.761
1442	0.5147	0.9721	2.791
1443	0.5159	0.9719	2.808
1444	0.5168	0.9711	2.894
1445	0.5158	0.9717	2.826
1446	0.5175	0.9713	2.865
1447	0.5114	0.9739	2.612
1448	0.5148	0.9724	2.763
1449	0.5133	0.9729	2.714
1450	0.5153	0.9722	2.785
1451	0.5032	0.9780	2.205
1452	0.5181	0.9706	2.940
1453	0.5124	0.9733	2.673
1454	0.5146	0.9722	2.782
1455	0.5174	0.9707	2.929
1456	0.5003	0.9785	2.151
1457	0.5146	0.9722	2.782
1458	0.5145	0.9722	2.784
1459	0.5083	0.9747	2.534
1460	0.5168	0.9717	2.831
1461	0.5141	0.9721	2.792
1462	0.5066	0.9753	2.469
1463	0.5161	0.9716	2.840
1464	0.5087	0.9749	2.506
1465	0.5160	0.9718	2.817
1466	0.5153	0.9718	2.822
1467	0.5101	0.9741	2.588
1468	0.5151	0.9724	2.757
1469	0.5163	0.9714	2.856
1470	0.5111	0.9739	2.610
1471	0.5158	0.9713	2.866
1472	0.5155	0.9720	2.800
1473	0.5120	0.9735	2.649
1474	0.5166	0.9714	2.861
1475	0.5104	0.9739	2.612
1476	0.5063	0.9757	2.428
1477	0.5107	0.9735	2.647
1478	0.5158	0.9717	2.828
1479	0.5112	0.9738	2.615
1480	0.5145	0.9722	2.780
1481	0.5166	0.9710	2.897
1482	0.5025	0.9773	2.274
1483	0.5003	0.9786	2.142
1484	0.5172	0.9707	2.927
1485	0.5094	0.9741	2.595
1486	0.5128	0.9727	2.735
1487	0.5136	0.9727	2.734
1488	0.5097	0.9741	2.593
1489	0.5111	0.9735	2.651
1490	0.5092	0.9742	2.579
1491	0.5015	0.9780	2.200
1492	0.5160	0.9715	2.846
1493	0.5145	0.9722	2.783
1494	0.5146	0.9720	2.804
1495	0.5139	0.9726	2.735
1496	0.4999	0.9788	2.118
1497	0.5165	0.9713	2.871
1498	0.5163	0.9715	2.847
1499	0.5152	0.9721	2.787
1500	0.5153	0.9724	2.761
1501	0.5138	0.9722	2.783
1502	0.5132	0.9728	2.719
1503	0.5102	0.9743	2.566
1504	0.4982	0.9794	2.061
1505	0.5041	0.9768	2.316
1506	0.5118	0.9731	2.695
1507	0.5080	0.9748	2.524
1508	0.5127	0.9728	2.719
1509	0.5115	0.9736	2.641
1510	0.5143	0.9724	2.756
1511	0.5164	0.9713	2.868
1512	0.5167	0.9717	2.831
1513	0.5145	0.9720	2.801
1514	0.5109	0.9738	2.619
1515	0.5092	0.9741	2.594
1516	0.5156	0.9716	2.836
1517	0.5166	0.9716	2.838
1518	0.5151	0.9721	2.785
1519	0.5156	0.9719	2.812
1520	0.5091	0.9742	2.579
1521	0.5144	0.9722	2.782
1522	0.5064	0.9753	2.469
1523	0.5112	0.9738	2.621
1524	0.5162	0.9714	2.862
1525	0.5061	0.9758	2.424
1526	0.5135	0.9727	2.735
1527	0.5161	0.9714	2.858
1528	0.5142	0.9724	2.761
1529	0.5122	0.9731	2.690
1530	0.5131	0.9728	2.716
1531	0.5148	0.9724	2.758
1532	0.5144	0.9724	2.759
1533	0.5080	0.9747	2.532
1534	0.5151	0.9722	2.778
1535	0.5133	0.9724	2.761
1536	0.5180	0.9705	2.948
1537	0.5144	0.9723	2.774
1538	0.5079	0.9748	2.518
1539	0.5001	0.9786	2.142
1540	0.5138	0.9721	2.790
1541	0.5143	0.9723	2.772
1542	0.5150	0.9716	2.843
1543	0.5040	0.9768	2.317
1544	0.5170	0.9707	2.926
1545	0.5164	0.9714	2.862
1546	0.5141	0.9721	2.785
1547	0.5161	0.9716	2.842
1548	0.5153	0.9720	2.796
1549	0.5177	0.9705	2.945
1550	0.5026	0.9780	2.204
1551	0.5152	0.9722	2.783
1552	0.5110	0.9733	2.666
1553	0.5129	0.9727	2.727
1554	0.5137	0.9727	2.732
1555	0.4997	0.9789	2.114
1556	0.5117	0.9731	2.691
1557	0.5171	0.9714	2.858
1558	0.5120	0.9732	2.676
1559	0.5170	0.9710	2.902
1560	0.5097	0.9741	2.592
1561	0.5125	0.9728	2.717
1562	0.5133	0.9724	2.761
1563	0.5172	0.9708	2.925
1564	0.5136	0.9722	2.783
1565	0.5100	0.9739	2.614
1566	0.5157	0.9716	2.843
1567	0.5133	0.9727	2.735
1568	0.5022	0.9773	2.273
1569	0.5157	0.9716	2.843
1570	0.5142	0.9722	2.783
1571	0.5108	0.9739	2.612
1572	0.5107	0.9738	2.616
1573	0.4998	0.9785	2.146
1574	0.5099	0.9743	2.567
1575	0.5112	0.9736	2.642
1576	0.5125	0.9726	2.737
1577	0.5153	0.9714	2.860
1578	0.5148	0.9718	2.818
1579	0.5140	0.9725	2.752
1580	0.5143	0.9724	2.757
1581	0.5143	0.9721	2.786
1582	0.5116	0.9735	2.648
1583	0.5012	0.9780	2.202
1584	0.5094	0.9743	2.570
1585	0.5137	0.9721	2.790
1586	0.5169	0.9706	2.935
1587	0.5102	0.9735	2.648
1588	0.5149	0.9724	2.756
1589	0.5163	0.9711	2.894
1590	0.5157	0.9714	2.859
1591	0.4997	0.9789	2.106
1592	0.5107	0.9735	2.649
1593	0.5146	0.9717	2.835
1594	0.5149	0.9718	2.824
1595	0.5082	0.9749	2.507
1596	0.5094	0.9737	2.627
1597	0.5134	0.9721	2.786
1598	0.5156	0.9715	2.847
1599	0.5092	0.9741	2.593
1600	0.5161	0.9710	2.901
1601	0.5117	0.9731	2.686
1602	0.5132	0.9724	2.757
1603	0.5155	0.9718	2.822
1604	0.5152	0.9717	2.825
1605	0.5133	0.9726	2.736
1606	0.5150	0.9720	2.805
1607	0.5153	0.9713	2.870
1608	0.5141	0.9721	2.791
1609	0.4979	0.9794	2.057
1610	0.5140	0.9722	2.783
1611	0.5133	0.9724	2.760
1612	0.5131	0.9724	2.761
1613	0.5156	0.9714	2.860
1614	0.5142	0.9724	2.759
1615	0.5148	0.9724	2.761
1616	0.5076	0.9748	2.517
1617	0.5131	0.9727	2.728
1618	0.5150	0.9720	2.800
1619	0.5127	0.9729	2.712
1620	0.5155	0.9716	2.841
1621	0.5095	0.9741	2.587
1622	0.5152	0.9717	2.830
1623	0.5168	0.9714	2.862
1624	0.5123	0.9727	2.727
1625	0.5110	0.9736	2.637
1626	0.5138	0.9726	2.739
1627	0.5158	0.9714	2.857
1628	0.5133	0.9722	2.779
1629	0.5098	0.9739	2.611
1630	0.5104	0.9739	2.611
1631	0.5139	0.9722	2.778
1632	0.4996	0.9785	2.152
1633	0.5104	0.9739	2.613
1634	0.5135	0.9721	2.791
1635	0.5057	0.9758	2.423
1636	0.5036	0.9768	2.316
1637	0.5100	0.9735	2.649
1638	0.5157	0.9715	2.845
1639	0.5149	0.9722	2.780
1640	0.5138	0.9724	2.760
1641	0.5019	0.9773	2.273
1642	0.5131	0.9724	2.758
1643	0.5106	0.9739	2.612
1644	0.5152	0.9714	2.865
1645	0.5154	0.9718	2.821
1646	0.5144	0.9724	2.758
1647	0.4994	0.9789	2.113
1648	0.5128	0.9724	2.762
1649	0.5143	0.9717	2.831
1650	0.5140	0.9722	2.776
1651	0.5166	0.9708	2.924
1652	0.5151	0.9719	2.815
1653	0.5132	0.9722	2.784
1654	0.5086	0.9742	2.579
1655	0.5140	0.9724	2.765
1656	0.5160	0.9711	2.892
1657	0.5139	0.9722	2.783
1658	0.4994	0.9789	2.106
1659	0.5096	0.9744	2.564
1660	0.5168	0.9708	2.922
1661	0.5022	0.9780	2.203
1662	0.5153	0.9715	2.846
1663	0.5149	0.9720	2.796
1664	0.5137	0.9722	2.784
1665	0.5139	0.9720	2.802
1666	0.5087	0.9741	2.594
1667	0.5153	0.9716	2.842
1668	0.5131	0.9726	2.736
1669	0.5130	0.9724	2.764
1670	0.5091	0.9737	2.626
1671	0.5138	0.9721	2.789
1672	0.5158	0.9713	2.866
1673	0.4976	0.9794	2.060
1674	0.5104	0.9735	2.651
1675	0.5116	0.9732	2.677
1676	0.5106	0.9738	2.617
1677	0.5159	0.9710	2.902
1678	0.5145	0.9718	2.815
1679	0.5146	0.9717	2.826
1680	0.5116	0.9730	2.697
1681	0.5057	0.9753	2.470
1682	0.5149	0.9717	2.830
1683	0.5161	0.9717	2.830
1684	0.5144	0.9721	2.788
1685	0.5114	0.9732	2.682
1686	0.5139	0.9721	2.786
1687	0.5145	0.9722	2.782
1688	0.5165	0.9710	2.897
1689	0.5008	0.9780	2.200
1690	0.5124	0.9727	2.726
1691	0.5131	0.9727	2.731
1692	0.5120	0.9728	2.717
1693	0.5129	0.9726	2.735
1694	0.5090	0.9743	2.568
1695	0.5111	0.9731	2.688
1696	0.5158	0.9714	2.862
1697	0.5104	0.9733	2.668
1698	0.5137	0.9721	2.791
1699	0.5137	0.9723	2.772
1700	0.5174	0.9705	2.947
1701	0.5111	0.9735	2.649
1702	0.5171	0.9706	2.940
1703	0.5088	0.9741	2.588
1704	0.5159	0.9717	2.833
1705	0.5073	0.9747	2.531
1706	0.5078	0.9750	2.505
1707	0.5164	0.9707	2.930
1708	0.5148	0.9714	2.857
1709	0.4994	0.9786	2.141
1710	0.5132	0.9721	2.789
1711	0.5144	0.9716	2.841
1712	0.5154	0.9714	2.857
1713	0.5148	0.9719	2.813
1714	0.5158	0.9717	2.831
1715	0.5114	0.9733	2.672
1716	0.5136	0.9722	2.781
1717	0.5151	0.9716	2.842
1718	0.5151	0.9714	2.857
1719	0.5119	0.9727	2.727
1720	0.5104	0.9739	2.613
1721	0.5164	0.9707	2.930
1722	0.5132	0.9722	2.784
1723	0.5143	0.9718	2.818
1724	0.5141	0.9717	2.829
1725	0.5163	0.9708	2.923
1726	0.5033	0.9768	2.318
1727	0.5146	0.9720	2.799
1728	0.5147	0.9718	2.823
1729	0.5020	0.9779	2.206
1730	0.5102	0.9735	2.649
1731	0.4992	0.9789	2.105
1732	0.5122	0.9727	2.727
1733	0.5136	0.9722	2.778
1734	0.5137	0.9721	2.788
1735	0.5103	0.9733	2.666
1736	0.5136	0.9721	2.791
1737	0.4992	0.9785	2.149
1738	0.5147	0.9714	2.861
1739	0.5128	0.9726	2.735
1740	0.5096	0.9735	2.647
1741	0.5134	0.9721	2.788
1742	0.5127	0.9726	2.738
1743	0.5157	0.9711	2.895
1744	0.5163	0.9710	2.900
1745	0.5128	0.9722	2.784
1746	0.4990	0.9788	2.115
1747	0.5158	0.9717	2.830
1748	0.5052	0.9757	2.425
1749	0.5126	0.9726	2.736
1750	0.5134	0.9725	2.753
1751	0.5130	0.9721	2.790
1752	0.5133	0.9724	2.762
1753	0.4973	0.9794	2.059
1754	0.4992	0.9786	2.145
1755	0.5135	0.9722	2.780
1756	0.5172	0.9705	2.953
1757	0.5163	0.9714	2.861
1758	0.5129	0.9727	2.730
1759	0.5153	0.9714	2.856
1760	0.5164	0.9708	2.923
1761	0.5136	0.9724	2.760
1762	0.5125	0.9724	2.761
1763	0.5082	0.9742	2.580
1764	0.5109	0.9735	2.646
1765	0.5153	0.9714	2.862
1766	0.5135	0.9720	2.801
1767	0.5105	0.9736	2.642
1768	0.5134	0.9722	2.781
1769	0.5134	0.9722	2.785
1770	0.5054	0.9753	2.471
1771	0.5086	0.9741	2.592
1772	0.5075	0.9749	2.506
1773	0.5070	0.9747	2.534
1774	0.5069	0.9748	2.523
1775	0.5149	0.9716	2.843
1776	0.5004	0.9780	2.200
1777	0.5169	0.9705	2.946
1778	0.5091	0.9743	2.568
1779	0.5116	0.9728	2.716
1780	0.5113	0.9730	2.696
1781	0.5099	0.9738	2.619
1782	0.5142	0.9724	2.756
1783	0.5013	0.9773	2.273
1784	0.5141	0.9715	2.847
1785	0.5139	0.9723	2.767
1786	0.5091	0.9739	2.612
1787	0.5110	0.9731	2.686
1788	0.5143	0.9722	2.781
1789	0.5126	0.9724	2.761
1790	0.5100	0.9739	2.612
1791	0.5154	0.9714	2.863
1792	0.5141	0.9722	2.783
1793	0.5146	0.9717	2.832
1794	0.5086	0.9738	2.624
1795	0.5144	0.9720	2.796
1796	0.5086	0.9743	2.567
1797	0.5120	0.9729	2.714
1798	0.5146	0.9713	2.868
1799	0.5127	0.9722	2.781
1800	0.5140	0.9722	2.785
1801	0.5151	0.9717	2.834
1802	0.5148	0.9716	2.837
1803	0.5147	0.9718	2.816
1804	0.5081	0.9742	2.584
1805	0.5088	0.9741	2.587
1806	0.5107	0.9731	2.687
1807	0.5134	0.9724	2.760
1808	0.5124	0.9725	2.751
1809	0.5097	0.9739	2.610
1810	0.5140	0.9718	2.820
1811	0.5152	0.9714	2.859
1812	0.5153	0.9711	2.887
1813	0.5122	0.9724	2.758
1814	0.5089	0.9744	2.560
1815	0.5084	0.9741	2.588
1816	0.5126	0.9722	2.781
1817	0.5144	0.9719	2.807
1818	0.5073	0.9750	2.504
1819	0.5132	0.9722	2.779
1820	0.5145	0.9717	2.828
1821	0.5140	0.9724	2.759
1822	0.5152	0.9714	2.859
1823	0.5106	0.9735	2.648
1824	0.5155	0.9718	2.824
1825	0.5133	0.9722	2.778
1826	0.5123	0.9724	2.761
1827	0.5100	0.9739	2.611
1828	0.5123	0.9727	2.731
1829	0.5159	0.9707	2.927
1830	0.5115	0.9729	2.710
1831	0.5153	0.9711	2.891
1832	0.5143	0.9714	2.856
1833	0.5139	0.9717	2.835
1834	0.4987	0.9789	2.112
1835	0.5152	0.9711	2.889
1836	0.5139	0.9718	2.821
1837	0.5152	0.9714	2.857
1838	0.5132	0.9721	2.786
1839	0.5138	0.9722	2.783
1840	0.5140	0.9723	2.770
1841	0.5146	0.9715	2.847
1842	0.5085	0.9744	2.564
1843	0.5130	0.9725	2.752
1844	0.4990	0.9786	2.135
1845	0.5098	0.9736	2.644
1846	0.5099	0.9733	2.667
1847	0.5149	0.9715	2.851
1848	0.5087	0.9741	2.588
1849	0.5109	0.9733	2.670
1850	0.5114	0.9727	2.726
1851	0.5146	0.9717	2.832
1852	0.5067	0.9748	2.516
1853	0.5084	0.9738	2.624
1854	0.5132	0.9724	2.760
1855	0.5129	0.9726	2.740
1856	0.5131	0.9722	2.780
1857	0.5089	0.9739	2.611
1858	0.5124	0.9727	2.735
1859	0.5138	0.9719	2.814
1860	0.5028	0.9768	2.316
1861	0.5143	0.9713	2.867
1862	0.5135	0.9717	2.830
1863	0.5067	0.9747	2.533
1864	0.4987	0.9790	2.105
1865	0.5120	0.9724	2.762
1866	0.5014	0.9780	2.202
1867	0.5050	0.9753	2.471
1868	0.5168	0.9705	2.953
1869	0.5079	0.9741	2.595
1870	0.5101	0.9736	2.641
1871	0.5129	0.9721	2.789
1872	0.5158	0.9710	2.901
1873	0.5078	0.9742	2.579
1874	0.5097	0.9739	2.610
1875	0.5149	0.9713	2.867
1876	0.5107	0.9731	2.687
1877	0.5122	0.9727	2.734
1878	0.5165	0.9705	2.945
1879	0.5131	0.9722	2.777
1880	0.5157	0.9707	2.927
1881	0.5000	0.9780	2.201
1882	0.5145	0.9718	2.824
1883	0.5152	0.9716	2.838
1884	0.5140	0.9720	2.796
1885	0.5117	0.9729	2.714
1886	0.5141	0.9718	2.825
1887	0.5109	0.9731	2.691
1888	0.5144	0.9716	2.840
1889	0.5094	0.9739	2.613
1890	0.5095	0.9739	2.614
1891	0.5130	0.9720	2.796
1892	0.5137	0.9722	2.778
1893	0.5122	0.9725	2.755
1894	0.5129	0.9723	2.770
1895	0.5104	0.9731	2.687
1896	0.5125	0.9721	2.792
1897	0.5147	0.9716	2.835
1898	0.5091	0.9735	2.647
1899	0.5046	0.9757	2.426
1900	0.5158	0.9714	2.856
1901	0.4967	0.9794	2.061
1902	0.5009	0.9773	2.275
1903	0.5134	0.9723	2.767
1904	0.5123	0.9722	2.782
1905	0.5139	0.9720	2.805
1906	0.5158	0.9708	2.923
1907	0.5144	0.9716	2.840
1908	0.5131	0.9724	2.758
1909	0.5125	0.9721	2.788
1910	0.4985	0.9785	2.149
1911	0.5129	0.9722	2.783
1912	0.5123	0.9727	2.732
1913	0.5120	0.9725	2.750
1914	0.5115	0.9728	2.721
1915	0.5150	0.9714	2.862
1916	0.5141	0.9717	2.829
1917	0.5077	0.9741	2.589
1918	0.5156	0.9710	2.897
1919	0.5093	0.9739	2.613
1920	0.5093	0.9739	2.611
1921	0.5149	0.9711	2.891
1922	0.5136	0.9722	2.778
1923	0.5080	0.9741	2.591
1924	0.5127	0.9722	2.780
1925	0.5123	0.9721	2.793
1926	0.5130	0.9724	2.759
1927	0.5146	0.9714	2.857
1928	0.5128	0.9722	2.778
1929	0.5128	0.9721	2.787
1930	0.5122	0.9722	2.780
1931	0.5095	0.9739	2.610
1932	0.5025	0.9768	2.317
1933	0.5146	0.9717	2.830
1934	0.5086	0.9739	2.614
1935	0.5012	0.9780	2.203
1936	0.5120	0.9725	2.755
1937	0.5138	0.9720	2.802
1938	0.5135	0.9716	2.842
1939	0.5133	0.9724	2.757
1940	0.5136	0.9724	2.758
1941	0.5085	0.9744	2.558
1942	0.5069	0.9750	2.504
1943	0.5156	0.9714	2.858
1944	0.5150	0.9717	2.831
1945	0.4998	0.9780	2.199
1946	0.5114	0.9728	2.721
1947	0.5047	0.9753	2.469
1948	0.5083	0.9741	2.589
1949	0.5143	0.9714	2.860
1950	0.5110	0.9728	2.718
1951	0.5098	0.9736	2.643
1952	0.5121	0.9727	2.727
1953	0.5101	0.9731	2.688
1954	0.5105	0.9733	2.672
1955	0.5137	0.9720	2.796
1956	0.5125	0.9724	2.759
1957	0.5103	0.9732	2.676
1958	0.5128	0.9723	2.772
1959	0.5120	0.9726	2.737
1960	0.5136	0.9722	2.778
1961	0.5063	0.9748	2.519
1962	0.5139	0.9713	2.867
1963	0.5127	0.9723	2.771
1964	0.5007	0.9772	2.276
1965	0.5150	0.9716	2.835
1966	0.5128	0.9722	2.781
1967	0.5074	0.9742	2.580
1968	0.5141	0.9718	2.817
1969	0.5141	0.9717	2.832
1970	0.5154	0.9707	2.930
1971	0.5119	0.9725	2.754
1972	0.5125	0.9726	2.742
1973	0.4982	0.9789	2.111
1974	0.5122	0.9721	2.786
1975	0.5127	0.9721	2.795
1976	0.5133	0.9719	2.814
1977	0.4965	0.9794	2.058
1978	0.5127	0.9724	2.763
1979	0.5141	0.9716	2.837
1980	0.5119	0.9722	2.782
1981	0.5131	0.9717	2.833
1982	0.4982	0.9790	2.103
1983	0.5079	0.9738	2.625
1984	0.5126	0.9722	2.782
1985	0.5138	0.9719	2.813
1986	0.5094	0.9738	2.622
1987	0.5146	0.9714	2.864
1988	0.5133	0.9718	2.821
1989	0.5079	0.9743	2.567
1990	0.5137	0.9717	2.827
1991	0.5117	0.9724	2.760
1992	0.5105	0.9731	2.692
1993	0.5109	0.9727	2.731
1994	0.5115	0.9724	2.760
1995	0.5155	0.9708	2.920
1996	0.5147	0.9711	2.891
1997	0.5144	0.9714	2.861
1998	0.5093	0.9733	2.666
1999	0.5100	0.9735	2.647
