0	0.4536	0.9726	2.744
1	0.4506	0.9743	2.567
2	0.4516	0.9738	2.617
3	0.4402	0.9791	2.087
4	0.4534	0.9726	2.738
5	0.4532	0.9729	2.713
6	0.4541	0.9727	2.732
7	0.4552	0.9725	2.751
8	0.4553	0.9726	2.737
9	0.4535	0.9732	2.681
10	0.4557	0.9720	2.796
11	0.4400	0.9794	2.059
12	0.4518	0.9736	2.636
13	0.4559	0.9721	2.787
14	0.4509	0.9738	2.619
15	0.4555	0.9723	2.770
16	0.4524	0.9732	2.676
17	0.4493	0.9744	2.562
18	0.4574	0.9712	2.877
19	0.4509	0.9745	2.549
20	0.4537	0.9731	2.689
21	0.4492	0.9746	2.543
22	0.4536	0.9729	2.710
23	0.4440	0.9771	2.287
24	0.4461	0.9759	2.415
25	0.4549	0.9725	2.752
26	0.4477	0.9751	2.485
27	0.4546	0.9728	2.717
28	0.4547	0.9725	2.747
29	0.4498	0.9744	2.562
30	0.4547	0.9719	2.806
31	0.4558	0.9719	2.807
32	0.4494	0.9749	2.508
33	0.4426	0.9782	2.179
34	0.4539	0.9731	2.692
35	0.4566	0.9713	2.866
36	0.4459	0.9761	2.386
37	0.4546	0.9725	2.749
38	0.4552	0.9722	2.781
39	0.4382	0.9799	2.008
40	0.4505	0.9743	2.571
41	0.4502	0.9739	2.612
42	0.4400	0.9790	2.103
43	0.4560	0.9716	2.840
44	0.4553	0.9719	2.813
45	0.4542	0.9726	2.738
46	0.4530	0.9728	2.723
47	0.4528	0.9736	2.645
48	0.4506	0.9743	2.573
49	0.4538	0.9728	2.721
50	0.4477	0.9751	2.491
51	0.4532	0.9730	2.696
52	0.4548	0.9722	2.783
53	0.4517	0.9736	2.638
54	0.4568	0.9714	2.861
55	0.4569	0.9716	2.839
56	0.4541	0.9729	2.708
57	0.4556	0.9721	2.791
58	0.4540	0.9726	2.737
59	0.4541	0.9725	2.751
60	0.4559	0.9720	2.802
61	0.4552	0.9727	2.735
62	0.4515	0.9738	2.621
63	0.4536	0.9731	2.689
64	0.4523	0.9732	2.677
65	0.4538	0.9729	2.707
66	0.4519	0.9736	2.644
67	0.4422	0.9777	2.229
68	0.4574	0.9712	2.878
69	0.4551	0.9725	2.750
70	0.4541	0.9726	2.739
71	0.4556	0.9720	2.796
72	0.4548	0.9725	2.749
73	0.4530	0.9731	2.694
74	0.4493	0.9744	2.562
75	0.4535	0.9729	2.713
76	0.4508	0.9738	2.619
77	0.4493	0.9750	2.503
78	0.4538	0.9731	2.687
79	0.4439	0.9771	2.287
80	0.4526	0.9733	2.669
81	0.4550	0.9723	2.774
82	0.4551	0.9722	2.784
83	0.4510	0.9742	2.577
84	0.4506	0.9739	2.607
85	0.4542	0.9725	2.752
86	0.4542	0.9728	2.718
87	0.4540	0.9727	2.732
88	0.4549	0.9727	2.734
89	0.4413	0.9783	2.168
90	0.4562	0.9722	2.780
91	0.4539	0.9725	2.748
92	0.4560	0.9719	2.811
93	0.4546	0.9720	2.802
94	0.4488	0.9747	2.530
95	0.4576	0.9710	2.904
96	0.4497	0.9744	2.558
97	0.4489	0.9746	2.536
98	0.4398	0.9792	2.078
99	0.4560	0.9716	2.843
100	0.4551	0.9723	2.771
101	0.4425	0.9782	2.181
102	0.4508	0.9745	2.548
103	0.4557	0.9719	2.805
104	0.4549	0.9726	2.742
105	0.4544	0.9728	2.717
106	0.4523	0.9733	2.673
107	0.4557	0.9721	2.787
108	0.4534	0.9725	2.745
109	0.4543	0.9721	2.785
110	0.4554	0.9723	2.766
111	0.4398	0.9794	2.059
112	0.4533	0.9732	2.679
113	0.4530	0.9728	2.716
114	0.4530	0.9733	2.674
115	0.4514	0.9736	2.640
116	0.4507	0.9743	2.570
117	0.4539	0.9729	2.711
118	0.4566	0.9715	2.845
119	0.4475	0.9751	2.488
120	0.4460	0.9759	2.414
121	0.4553	0.9723	2.773
122	0.4531	0.9732	2.676
123	0.4400	0.9791	2.090
124	0.4516	0.9736	2.643
125	0.4566	0.9714	2.858
126	0.4532	0.9726	2.741
127	0.4554	0.9721	2.790
128	0.4557	0.9719	2.811
129	0.4565	0.9713	2.866
130	0.4481	0.9753	2.469
131	0.4496	0.9749	2.510
132	0.4494	0.9745	2.553
133	0.4532	0.9728	2.719
134	0.4548	0.9727	2.730
135	0.4562	0.9722	2.781
136	0.4489	0.9746	2.541
137	0.4494	0.9745	2.553
138	0.4548	0.9727	2.731
139	0.4491	0.9744	2.564
140	0.4533	0.9729	2.712
141	0.4505	0.9740	2.603
142	0.4550	0.9722	2.776
143	0.4550	0.9721	2.789
144	0.4495	0.9744	2.562
145	0.4397	0.9792	2.077
146	0.4380	0.9799	2.008
147	0.4535	0.9731	2.688
148	0.4424	0.9782	2.178
149	0.4459	0.9759	2.414
150	0.4538	0.9729	2.712
151	0.4550	0.9722	2.776
152	0.4572	0.9712	2.884
153	0.4540	0.9726	2.739
154	0.4507	0.9738	2.623
155	0.4565	0.9714	2.857
156	0.4545	0.9719	2.808
157	0.4503	0.9743	2.571
158	0.4553	0.9721	2.791
159	0.4525	0.9733	2.665
160	0.4530	0.9730	2.696
161	0.4567	0.9716	2.838
162	0.4540	0.9725	2.753
163	0.4420	0.9777	2.230
164	0.4486	0.9747	2.530
165	0.4521	0.9732	2.675
166	0.4538	0.9726	2.735
167	0.4546	0.9725	2.753
168	0.4562	0.9722	2.782
169	0.4548	0.9725	2.745
170	0.4537	0.9731	2.690
171	0.4550	0.9719	2.809
172	0.4546	0.9722	2.782
173	0.4533	0.9726	2.744
174	0.4549	0.9723	2.772
175	0.4504	0.9743	2.572
176	0.4474	0.9751	2.485
177	0.4532	0.9732	2.680
178	0.4550	0.9727	2.734
179	0.4399	0.9791	2.089
180	0.4521	0.9732	2.676
181	0.4457	0.9761	2.386
182	0.4525	0.9735	2.646
183	0.4558	0.9716	2.837
184	0.4556	0.9719	2.809
185	0.4539	0.9729	2.709
186	0.4488	0.9746	2.541
187	0.4499	0.9739	2.613
188	0.4540	0.9727	2.734
189	0.4513	0.9736	2.639
190	0.4552	0.9723	2.766
191	0.4563	0.9713	2.866
192	0.4531	0.9728	2.721
193	0.4397	0.9789	2.107
194	0.4549	0.9725	2.750
195	0.4540	0.9727	2.728
196	0.4528	0.9728	2.716
197	0.4558	0.9719	2.811
198	0.4575	0.9709	2.906
199	0.4436	0.9771	2.286
200	0.4557	0.9720	2.801
201	0.4538	0.9727	2.730
202	0.4541	0.9721	2.788
203	0.4561	0.9722	2.783
204	0.4474	0.9751	2.489
205	0.4487	0.9746	2.542
206	0.4506	0.9745	2.547
207	0.4491	0.9749	2.507
208	0.4539	0.9725	2.750
209	0.4479	0.9753	2.469
210	0.4515	0.9736	2.643
211	0.4537	0.9725	2.753
212	0.4553	0.9721	2.794
213	0.4397	0.9794	2.058
214	0.4553	0.9721	2.791
215	0.4555	0.9721	2.787
216	0.4514	0.9736	2.638
217	0.4529	0.9733	2.673
218	0.4551	0.9723	2.770
219	0.4531	0.9726	2.740
220	0.4535	0.9729	2.707
221	0.4517	0.9735	2.647
222	0.4508	0.9742	2.576
223	0.4526	0.9728	2.721
224	0.4565	0.9714	2.860
225	0.4542	0.9728	2.717
226	0.4528	0.9731	2.694
227	0.4558	0.9716	2.843
228	0.4528	0.9733	2.675
229	0.4512	0.9738	2.619
230	0.4494	0.9749	2.506
231	0.4505	0.9743	2.571
232	0.4547	0.9727	2.735
233	0.4410	0.9783	2.168
234	0.4543	0.9725	2.746
235	0.4535	0.9728	2.722
236	0.4554	0.9720	2.805
237	0.4564	0.9716	2.844
238	0.4498	0.9739	2.612
239	0.4474	0.9751	2.491
240	0.4555	0.9721	2.787
241	0.4536	0.9726	2.736
242	0.4492	0.9745	2.552
243	0.4545	0.9725	2.751
244	0.4398	0.9791	2.089
245	0.4422	0.9782	2.178
246	0.4551	0.9723	2.765
247	0.4512	0.9738	2.624
248	0.4505	0.9738	2.624
249	0.4520	0.9732	2.675
250	0.4537	0.9727	2.730
251	0.4563	0.9714	2.858
252	0.4409	0.9783	2.167
253	0.4528	0.9732	2.676
254	0.4558	0.9716	2.844
255	0.4554	0.9719	2.809
256	0.4548	0.9725	2.750
257	0.4552	0.9721	2.794
258	0.4547	0.9723	2.772
259	0.4548	0.9723	2.773
260	0.4486	0.9746	2.538
261	0.4545	0.9722	2.781
262	0.4523	0.9733	2.668
263	0.4563	0.9716	2.844
264	0.4528	0.9733	2.673
265	0.4550	0.9723	2.771
266	0.4548	0.9726	2.737
267	0.4532	0.9731	2.690
268	0.4505	0.9746	2.542
269	0.4502	0.9739	2.606
270	0.4530	0.9732	2.677
271	0.4530	0.9726	2.739
272	0.4418	0.9777	2.228
273	0.4435	0.9771	2.287
274	0.4543	0.9720	2.804
275	0.4531	0.9725	2.745
276	0.4554	0.9719	2.809
277	0.4570	0.9712	2.877
278	0.4538	0.9728	2.724
279	0.4573	0.9709	2.905
280	0.4394	0.9792	2.077
281	0.4542	0.9725	2.748
282	0.4527	0.9729	2.715
283	0.4478	0.9753	2.468
284	0.4548	0.9723	2.773
285	0.4378	0.9799	2.007
286	0.4487	0.9746	2.540
287	0.4537	0.9725	2.749
288	0.4535	0.9729	2.713
289	0.4502	0.9743	2.572
290	0.4501	0.9743	2.569
291	0.4457	0.9759	2.414
292	0.4525	0.9728	2.721
293	0.4537	0.9729	2.709
294	0.4545	0.9727	2.732
295	0.4454	0.9762	2.384
296	0.4531	0.9729	2.712
297	0.4489	0.9749	2.511
298	0.4484	0.9747	2.531
299	0.4493	0.9744	2.562
300	0.4527	0.9730	2.696
301	0.4488	0.9744	2.564
302	0.4523	0.9736	2.644
303	0.4513	0.9736	2.643
304	0.4547	0.9721	2.791
305	0.4395	0.9790	2.103
306	0.4493	0.9749	2.514
307	0.4551	0.9721	2.791
308	0.4559	0.9722	2.782
309	0.4538	0.9726	2.735
310	0.4534	0.9729	2.709
311	0.4395	0.9794	2.058
312	0.4537	0.9726	2.736
313	0.4548	0.9719	2.811
314	0.4546	0.9726	2.740
315	0.4538	0.9725	2.754
316	0.4556	0.9719	2.811
317	0.4518	0.9733	2.675
318	0.4515	0.9735	2.647
319	0.4555	0.9716	2.836
320	0.4533	0.9728	2.721
321	0.4529	0.9728	2.721
322	0.4512	0.9736	2.639
323	0.4564	0.9716	2.838
324	0.4534	0.9731	2.689
325	0.4563	0.9714	2.859
326	0.4503	0.9743	2.570
327	0.4506	0.9742	2.576
328	0.4551	0.9721	2.789
329	0.4539	0.9721	2.787
330	0.4535	0.9725	2.752
331	0.4472	0.9752	2.484
332	0.4540	0.9728	2.718
333	0.4554	0.9720	2.802
334	0.4561	0.9714	2.864
335	0.4526	0.9731	2.694
336	0.4510	0.9736	2.641
337	0.4545	0.9726	2.741
338	0.4558	0.9722	2.780
339	0.4547	0.9719	2.810
340	0.4527	0.9731	2.694
341	0.4488	0.9744	2.561
342	0.4554	0.9720	2.802
343	0.4543	0.9725	2.749
344	0.4512	0.9737	2.632
345	0.4562	0.9714	2.860
346	0.4454	0.9762	2.384
347	0.4500	0.9743	2.566
348	0.4421	0.9782	2.181
349	0.4535	0.9725	2.751
350	0.4477	0.9753	2.466
351	0.4537	0.9728	2.721
352	0.4526	0.9732	2.675
353	0.4517	0.9732	2.675
354	0.4496	0.9739	2.613
355	0.4546	0.9725	2.749
356	0.4546	0.9721	2.787
357	0.4544	0.9727	2.729
358	0.4524	0.9728	2.719
359	0.4558	0.9722	2.780
360	0.4551	0.9721	2.790
361	0.4521	0.9733	2.669
362	0.4529	0.9732	2.678
363	0.4525	0.9729	2.714
364	0.4534	0.9729	2.708
365	0.4541	0.9720	2.805
366	0.4529	0.9729	2.709
367	0.4500	0.9743	2.572
368	0.4554	0.9717	2.834
369	0.4512	0.9736	2.640
370	0.4550	0.9720	2.796
371	0.4534	0.9726	2.735
372	0.4572	0.9710	2.903
373	0.4530	0.9726	2.745
374	0.4502	0.9743	2.571
375	0.4509	0.9738	2.618
376	0.4505	0.9742	2.577
377	0.4539	0.9728	2.716
378	0.4562	0.9714	2.857
379	0.4509	0.9736	2.641
380	0.4535	0.9730	2.703
381	0.4533	0.9731	2.686
382	0.4536	0.9726	2.744
383	0.4536	0.9725	2.745
384	0.4526	0.9733	2.674
385	0.4521	0.9735	2.647
386	0.4485	0.9746	2.544
387	0.4530	0.9731	2.689
388	0.4563	0.9716	2.845
389	0.4548	0.9723	2.769
390	0.4568	0.9713	2.868
391	0.4555	0.9716	2.842
392	0.4544	0.9726	2.739
393	0.4407	0.9783	2.170
394	0.4528	0.9726	2.735
395	0.4514	0.9736	2.644
396	0.4545	0.9723	2.765
397	0.4549	0.9721	2.789
398	0.4545	0.9723	2.769
399	0.4502	0.9746	2.540
400	0.4491	0.9749	2.508
401	0.4542	0.9722	2.780
402	0.4535	0.9726	2.736
403	0.4540	0.9725	2.745
404	0.4557	0.9722	2.781
405	0.4394	0.9789	2.107
406	0.4471	0.9752	2.483
407	0.4552	0.9721	2.790
408	0.4455	0.9758	2.417
409	0.4532	0.9728	2.721
410	0.4538	0.9721	2.786
411	0.4545	0.9726	2.736
412	0.4559	0.9714	2.865
413	0.4393	0.9794	2.056
414	0.4487	0.9750	2.505
415	0.4551	0.9719	2.806
416	0.4535	0.9727	2.731
417	0.4395	0.9791	2.087
418	0.4489	0.9745	2.551
419	0.4482	0.9747	2.530
420	0.4483	0.9746	2.538
421	0.4502	0.9738	2.620
422	0.4543	0.9726	2.737
423	0.4392	0.9792	2.077
424	0.4548	0.9723	2.768
425	0.4534	0.9727	2.733
426	0.4531	0.9729	2.708
427	0.4375	0.9799	2.007
428	0.4471	0.9751	2.490
429	0.4552	0.9719	2.807
430	0.4517	0.9733	2.674
431	0.4432	0.9772	2.285
432	0.4560	0.9716	2.844
433	0.4524	0.9731	2.694
434	0.4499	0.9740	2.604
435	0.4527	0.9728	2.720
436	0.4490	0.9744	2.562
437	0.4545	0.9723	2.774
438	0.4554	0.9719	2.813
439	0.4415	0.9777	2.230
440	0.4486	0.9744	2.563
441	0.4502	0.9738	2.622
442	0.4452	0.9761	2.387
443	0.4551	0.9719	2.810
444	0.4541	0.9722	2.784
445	0.4527	0.9732	2.676
446	0.4524	0.9731	2.695
447	0.4545	0.9722	2.778
448	0.4544	0.9723	2.770
449	0.4538	0.9728	2.717
450	0.4542	0.9727	2.730
451	0.4561	0.9714	2.859
452	0.4392	0.9794	2.058
453	0.4494	0.9739	2.613
454	0.4533	0.9724	2.755
455	0.4540	0.9719	2.806
456	0.4533	0.9727	2.731
457	0.4532	0.9729	2.712
458	0.4549	0.9720	2.796
459	0.4481	0.9747	2.530
460	0.4537	0.9722	2.785
461	0.4499	0.9740	2.603
462	0.4374	0.9799	2.009
463	0.4394	0.9791	2.089
464	0.4516	0.9732	2.677
465	0.4531	0.9728	2.718
466	0.4549	0.9721	2.793
467	0.4552	0.9720	2.805
468	0.4526	0.9726	2.740
469	0.4526	0.9728	2.720
470	0.4522	0.9728	2.721
471	0.4391	0.9792	2.077
472	0.4535	0.9727	2.731
473	0.4509	0.9736	2.638
474	0.4527	0.9729	2.712
475	0.4547	0.9723	2.773
476	0.4498	0.9743	2.568
477	0.4489	0.9744	2.560
478	0.4529	0.9731	2.686
479	0.4544	0.9721	2.789
480	0.4544	0.9726	2.737
481	0.4512	0.9735	2.647
482	0.4553	0.9719	2.811
483	0.4544	0.9723	2.772
484	0.4501	0.9745	2.547
485	0.4519	0.9733	2.667
486	0.4561	0.9716	2.837
487	0.4550	0.9721	2.787
488	0.4542	0.9726	2.736
489	0.4531	0.9731	2.688
490	0.4569	0.9710	2.904
491	0.4533	0.9726	2.736
492	0.4553	0.9716	2.841
493	0.4405	0.9783	2.168
494	0.4555	0.9722	2.781
495	0.4544	0.9719	2.810
496	0.4431	0.9771	2.287
497	0.4542	0.9726	2.742
498	0.4469	0.9752	2.484
499	0.4524	0.9733	2.673
500	0.4482	0.9746	2.539
501	0.4547	0.9723	2.766
502	0.4490	0.9749	2.506
503	0.4543	0.9725	2.748
504	0.4418	0.9782	2.181
505	0.4414	0.9777	2.228
506	0.4558	0.9713	2.866
507	0.4550	0.9720	2.804
508	0.4530	0.9729	2.706
509	0.4519	0.9736	2.644
510	0.4532	0.9727	2.735
511	0.4523	0.9728	2.715
512	0.4523	0.9732	2.675
513	0.4485	0.9749	2.506
514	0.4527	0.9726	2.745
515	0.4507	0.9738	2.622
516	0.4566	0.9712	2.877
517	0.4474	0.9753	2.465
518	0.4469	0.9751	2.490
519	0.4499	0.9743	2.569
520	0.4502	0.9742	2.575
521	0.4559	0.9716	2.844
522	0.4534	0.9727	2.731
523	0.4514	0.9732	2.677
524	0.4552	0.9717	2.834
525	0.4533	0.9729	2.706
526	0.4507	0.9736	2.641
527	0.4540	0.9725	2.749
528	0.4523	0.9731	2.693
529	0.4555	0.9722	2.779
530	0.4558	0.9714	2.860
531	0.4487	0.9745	2.550
532	0.4497	0.9743	2.571
533	0.4391	0.9789	2.107
534	0.4452	0.9759	2.414
535	0.4534	0.9725	2.752
536	0.4537	0.9725	2.746
537	0.4482	0.9746	2.541
538	0.4533	0.9725	2.748
539	0.4509	0.9736	2.641
540	0.4546	0.9721	2.792
541	0.4537	0.9725	2.746
542	0.4528	0.9731	2.690
543	0.4554	0.9722	2.780
544	0.4543	0.9719	2.810
545	0.4542	0.9723	2.770
546	0.4493	0.9739	2.611
547	0.4430	0.9771	2.287
548	0.4390	0.9792	2.076
549	0.4480	0.9747	2.531
550	0.4535	0.9721	2.787
551	0.4413	0.9777	2.229
552	0.4538	0.9719	2.806
553	0.4533	0.9727	2.729
554	0.4473	0.9753	2.467
555	0.4525	0.9732	2.677
556	0.4523	0.9730	2.695
557	0.4531	0.9729	2.711
558	0.4508	0.9736	2.639
559	0.4404	0.9783	2.167
560	0.4502	0.9742	2.577
561	0.4547	0.9721	2.795
562	0.4467	0.9751	2.487
563	0.4506	0.9738	2.624
564	0.4372	0.9799	2.008
565	0.4550	0.9720	2.804
566	0.4529	0.9728	2.718
567	0.4482	0.9746	2.540
568	0.4499	0.9745	2.548
569	0.4558	0.9714	2.858
570	0.4524	0.9728	2.719
571	0.4539	0.9722	2.783
572	0.4499	0.9743	2.570
573	0.4499	0.9738	2.622
574	0.4542	0.9725	2.750
575	0.4496	0.9743	2.573
576	0.4483	0.9744	2.563
577	0.4533	0.9727	2.734
578	0.4488	0.9744	2.563
579	0.4508	0.9736	2.642
580	0.4513	0.9733	2.673
581	0.4548	0.9721	2.787
582	0.4552	0.9716	2.843
583	0.4542	0.9726	2.739
584	0.4548	0.9719	2.806
585	0.4390	0.9789	2.107
586	0.4525	0.9729	2.712
587	0.4529	0.9729	2.708
588	0.4486	0.9745	2.552
589	0.4549	0.9719	2.809
590	0.4542	0.9723	2.774
591	0.4547	0.9721	2.791
592	0.4545	0.9723	2.767
593	0.4524	0.9726	2.739
594	0.4532	0.9725	2.748
595	0.4550	0.9716	2.835
596	0.4568	0.9709	2.906
597	0.4556	0.9713	2.866
598	0.4510	0.9735	2.647
599	0.4551	0.9719	2.810
600	0.4538	0.9725	2.751
601	0.4540	0.9726	2.736
602	0.4495	0.9743	2.567
603	0.4416	0.9782	2.181
604	0.4488	0.9749	2.508
605	0.4521	0.9728	2.717
606	0.4544	0.9723	2.769
607	0.4521	0.9731	2.693
608	0.4564	0.9712	2.877
609	0.4541	0.9721	2.787
610	0.4390	0.9794	2.057
611	0.4530	0.9727	2.731
612	0.4467	0.9751	2.490
613	0.4532	0.9725	2.752
614	0.4545	0.9721	2.792
615	0.4558	0.9714	2.857
616	0.4522	0.9733	2.672
617	0.4530	0.9727	2.734
618	0.4505	0.9736	2.642
619	0.4517	0.9733	2.668
620	0.4449	0.9762	2.381
621	0.4525	0.9726	2.745
622	0.4557	0.9716	2.843
623	0.4483	0.9749	2.507
624	0.4496	0.9740	2.604
625	0.4539	0.9727	2.730
626	0.4521	0.9733	2.675
627	0.4540	0.9726	2.744
628	0.4541	0.9723	2.771
629	0.4479	0.9746	2.539
630	0.4530	0.9725	2.752
631	0.4531	0.9729	2.706
632	0.4529	0.9731	2.687
633	0.4535	0.9728	2.718
634	0.4558	0.9716	2.841
635	0.4519	0.9728	2.717
636	0.4531	0.9726	2.738
637	0.4451	0.9758	2.416
638	0.4513	0.9733	2.673
639	0.4517	0.9736	2.644
640	0.4391	0.9791	2.086
641	0.4553	0.9722	2.780
642	0.4528	0.9729	2.706
643	0.4530	0.9727	2.731
644	0.4520	0.9729	2.715
645	0.4541	0.9723	2.769
646	0.4521	0.9733	2.674
647	0.4487	0.9749	2.507
648	0.4552	0.9722	2.782
649	0.4485	0.9745	2.551
650	0.4530	0.9726	2.738
651	0.4553	0.9722	2.778
652	0.4539	0.9727	2.734
653	0.4556	0.9716	2.839
654	0.4556	0.9714	2.859
655	0.4550	0.9716	2.839
656	0.4557	0.9714	2.857
657	0.4389	0.9794	2.056
658	0.4539	0.9726	2.740
659	0.4538	0.9727	2.726
660	0.4495	0.9743	2.570
661	0.4525	0.9731	2.689
662	0.4388	0.9793	2.073
663	0.4558	0.9716	2.843
664	0.4530	0.9730	2.704
665	0.4498	0.9738	2.620
666	0.4497	0.9743	2.568
667	0.4497	0.9746	2.541
668	0.4541	0.9726	2.736
669	0.4482	0.9744	2.559
670	0.4389	0.9789	2.107
671	0.4537	0.9725	2.747
672	0.4535	0.9726	2.741
673	0.4545	0.9721	2.793
674	0.4531	0.9726	2.743
675	0.4491	0.9739	2.610
676	0.4506	0.9737	2.629
677	0.4537	0.9722	2.777
678	0.4548	0.9720	2.796
679	0.4495	0.9739	2.607
680	0.4523	0.9732	2.679
681	0.4549	0.9719	2.811
682	0.4546	0.9720	2.802
683	0.4477	0.9747	2.528
684	0.4527	0.9728	2.721
685	0.4534	0.9729	2.715
686	0.4529	0.9729	2.707
687	0.4547	0.9719	2.809
688	0.4448	0.9762	2.384
689	0.4541	0.9719	2.809
690	0.4522	0.9728	2.718
691	0.4512	0.9733	2.672
692	0.4466	0.9751	2.491
693	0.4529	0.9725	2.748
694	0.4527	0.9731	2.686
695	0.4450	0.9758	2.417
696	0.4465	0.9752	2.484
697	0.4390	0.9791	2.089
698	0.4546	0.9721	2.787
699	0.4519	0.9731	2.692
700	0.4518	0.9728	2.720
701	0.4530	0.9725	2.748
702	0.4504	0.9736	2.641
703	0.4530	0.9727	2.732
704	0.4506	0.9736	2.640
705	0.4566	0.9710	2.904
706	0.4508	0.9736	2.642
707	0.4522	0.9726	2.737
708	0.4470	0.9754	2.464
709	0.4478	0.9746	2.539
710	0.4503	0.9738	2.622
711	0.4370	0.9799	2.007
712	0.4414	0.9782	2.178
713	0.4540	0.9721	2.790
714	0.4539	0.9723	2.769
715	0.4511	0.9733	2.675
716	0.4540	0.9722	2.777
717	0.4543	0.9721	2.791
718	0.4544	0.9721	2.790
719	0.4515	0.9734	2.664
720	0.4479	0.9746	2.541
721	0.4539	0.9725	2.749
722	0.4554	0.9714	2.865
723	0.4528	0.9726	2.736
724	0.4523	0.9725	2.745
725	0.4530	0.9728	2.721
726	0.4401	0.9783	2.166
727	0.4493	0.9743	2.569
728	0.4520	0.9730	2.695
729	0.4532	0.9721	2.787
730	0.4515	0.9736	2.644
731	0.4562	0.9712	2.877
732	0.4543	0.9723	2.767
733	0.4519	0.9733	2.673
734	0.4482	0.9749	2.506
735	0.4548	0.9717	2.832
736	0.4410	0.9777	2.228
737	0.4542	0.9723	2.769
738	0.4427	0.9771	2.286
739	0.4499	0.9742	2.575
740	0.4535	0.9719	2.807
741	0.4523	0.9729	2.712
742	0.4485	0.9744	2.563
743	0.4526	0.9728	2.719
744	0.4527	0.9729	2.711
745	0.4539	0.9721	2.790
746	0.4530	0.9727	2.734
747	0.4540	0.9719	2.810
748	0.4549	0.9716	2.842
749	0.4515	0.9736	2.644
750	0.4527	0.9726	2.736
751	0.4529	0.9725	2.747
752	0.4530	0.9725	2.751
753	0.4387	0.9794	2.057
754	0.4551	0.9722	2.780
755	0.4413	0.9782	2.179
756	0.4514	0.9733	2.666
757	0.4533	0.9728	2.718
758	0.4426	0.9771	2.286
759	0.4529	0.9729	2.707
760	0.4507	0.9735	2.647
761	0.4492	0.9743	2.568
762	0.4524	0.9731	2.686
763	0.4481	0.9749	2.508
764	0.4539	0.9725	2.749
765	0.4539	0.9723	2.772
766	0.4556	0.9716	2.837
767	0.4448	0.9759	2.415
768	0.4528	0.9726	2.735
769	0.4517	0.9728	2.720
770	0.4518	0.9731	2.692
771	0.4546	0.9719	2.810
772	0.4541	0.9723	2.769
773	0.4518	0.9733	2.674
774	0.4554	0.9714	2.860
775	0.4493	0.9743	2.572
776	0.4483	0.9745	2.550
777	0.4511	0.9732	2.675
778	0.4525	0.9729	2.706
779	0.4538	0.9723	2.772
780	0.4519	0.9731	2.694
781	0.4537	0.9726	2.742
782	0.4464	0.9751	2.490
783	0.4493	0.9740	2.604
784	0.4475	0.9747	2.528
785	0.4539	0.9726	2.737
786	0.4535	0.9725	2.752
787	0.4495	0.9745	2.547
788	0.4502	0.9736	2.640
789	0.4545	0.9719	2.805
790	0.4484	0.9749	2.506
791	0.4533	0.9726	2.744
792	0.4547	0.9719	2.811
793	0.4369	0.9799	2.007
794	0.4546	0.9720	2.800
795	0.4469	0.9754	2.465
796	0.4543	0.9721	2.787
797	0.4509	0.9732	2.675
798	0.4517	0.9728	2.717
799	0.4520	0.9728	2.721
800	0.4522	0.9725	2.745
801	0.4536	0.9727	2.730
802	0.4518	0.9733	2.672
803	0.4554	0.9716	2.844
804	0.4564	0.9710	2.903
805	0.4522	0.9729	2.709
806	0.4484	0.9744	2.562
807	0.4400	0.9783	2.167
808	0.4504	0.9736	2.640
809	0.4385	0.9792	2.078
810	0.4494	0.9743	2.569
811	0.4552	0.9713	2.866
812	0.4550	0.9722	2.781
813	0.4463	0.9751	2.487
814	0.4560	0.9712	2.877
815	0.4520	0.9726	2.738
816	0.4544	0.9721	2.786
817	0.4495	0.9738	2.619
818	0.4546	0.9717	2.833
819	0.4525	0.9731	2.687
820	0.4527	0.9727	2.731
821	0.4535	0.9722	2.781
822	0.4529	0.9728	2.721
823	0.4387	0.9791	2.087
824	0.4476	0.9746	2.538
825	0.4520	0.9732	2.680
826	0.4501	0.9738	2.623
827	0.4386	0.9789	2.107
828	0.4479	0.9744	2.563
829	0.4536	0.9726	2.739
830	0.4554	0.9714	2.859
831	0.4526	0.9725	2.753
832	0.4497	0.9742	2.576
833	0.4488	0.9739	2.612
834	0.4445	0.9762	2.382
835	0.4530	0.9721	2.787
836	0.4542	0.9721	2.795
837	0.4533	0.9719	2.806
838	0.4541	0.9721	2.791
839	0.4541	0.9723	2.766
840	0.4408	0.9777	2.227
841	0.4538	0.9723	2.774
842	0.4503	0.9736	2.636
843	0.4477	0.9746	2.541
844	0.4368	0.9799	2.006
845	0.4475	0.9746	2.540
846	0.4482	0.9745	2.550
847	0.4385	0.9794	2.059
848	0.4474	0.9747	2.532
849	0.4517	0.9732	2.676
850	0.4494	0.9743	2.572
851	0.4560	0.9712	2.882
852	0.4537	0.9723	2.767
853	0.4526	0.9724	2.758
854	0.4542	0.9720	2.795
855	0.4503	0.9736	2.641
856	0.4487	0.9739	2.612
857	0.4483	0.9749	2.510
858	0.4522	0.9731	2.687
859	0.4385	0.9789	2.107
860	0.4543	0.9720	2.805
861	0.4534	0.9722	2.781
862	0.4509	0.9732	2.675
863	0.4535	0.9727	2.730
864	0.4527	0.9726	2.736
865	0.4517	0.9731	2.693
866	0.4501	0.9738	2.620
867	0.4534	0.9725	2.749
868	0.4540	0.9723	2.769
869	0.4387	0.9791	2.087
870	0.4529	0.9721	2.787
871	0.4446	0.9758	2.415
872	0.4519	0.9726	2.738
873	0.4527	0.9729	2.709
874	0.4462	0.9751	2.487
875	0.4544	0.9719	2.808
876	0.4520	0.9729	2.712
877	0.4411	0.9782	2.178
878	0.4549	0.9722	2.782
879	0.4552	0.9716	2.844
880	0.4398	0.9783	2.166
881	0.4532	0.9719	2.808
882	0.4546	0.9719	2.813
883	0.4543	0.9721	2.791
884	0.4537	0.9722	2.777
885	0.4478	0.9744	2.562
886	0.4500	0.9736	2.639
887	0.4537	0.9719	2.811
888	0.4490	0.9743	2.568
889	0.4545	0.9716	2.839
890	0.4494	0.9738	2.622
891	0.4444	0.9762	2.385
892	0.4516	0.9731	2.695
893	0.4540	0.9721	2.790
894	0.4540	0.9723	2.765
895	0.4523	0.9729	2.709
896	0.4476	0.9746	2.540
897	0.4527	0.9727	2.734
898	0.4541	0.9721	2.789
899	0.4562	0.9709	2.906
900	0.4525	0.9727	2.734
901	0.4516	0.9733	2.673
902	0.4548	0.9722	2.779
903	0.4504	0.9736	2.644
904	0.4536	0.9725	2.749
905	0.4554	0.9716	2.840
906	0.4531	0.9726	2.744
907	0.4512	0.9735	2.645
908	0.4544	0.9720	2.800
909	0.4478	0.9749	2.506
910	0.4424	0.9771	2.286
911	0.4519	0.9732	2.679
912	0.4520	0.9726	2.745
913	0.4536	0.9726	2.737
914	0.4462	0.9751	2.490
915	0.4530	0.9728	2.717
916	0.4495	0.9742	2.576
917	0.4525	0.9727	2.731
918	0.4514	0.9728	2.717
919	0.4553	0.9714	2.857
920	0.4491	0.9739	2.605
921	0.4515	0.9728	2.716
922	0.4526	0.9725	2.747
923	0.4550	0.9714	2.864
924	0.4536	0.9723	2.773
925	0.4527	0.9728	2.721
926	0.4524	0.9729	2.706
927	0.4466	0.9754	2.464
928	0.4534	0.9726	2.742
929	0.4536	0.9722	2.785
930	0.4507	0.9732	2.675
931	0.4383	0.9792	2.076
932	0.4527	0.9725	2.752
933	0.4522	0.9728	2.719
934	0.4518	0.9728	2.720
935	0.4406	0.9777	2.228
936	0.4534	0.9726	2.738
937	0.4511	0.9733	2.665
938	0.4551	0.9714	2.858
939	0.4545	0.9716	2.840
940	0.4481	0.9744	2.563
941	0.4523	0.9731	2.687
942	0.4501	0.9736	2.637
943	0.4493	0.9745	2.546
944	0.4490	0.9743	2.573
945	0.4513	0.9728	2.717
946	0.4532	0.9725	2.750
947	0.4490	0.9739	2.605
948	0.4486	0.9739	2.610
949	0.4523	0.9731	2.687
950	0.4542	0.9721	2.786
951	0.4478	0.9749	2.508
952	0.4445	0.9758	2.415
953	0.4524	0.9725	2.755
954	0.4551	0.9716	2.844
955	0.4545	0.9719	2.809
956	0.4535	0.9725	2.751
957	0.4519	0.9726	2.744
958	0.4507	0.9732	2.675
959	0.4473	0.9746	2.540
960	0.4519	0.9729	2.710
961	0.4544	0.9717	2.832
962	0.4538	0.9723	2.766
963	0.4385	0.9791	2.086
964	0.4501	0.9736	2.639
965	0.4492	0.9745	2.547
966	0.4489	0.9743	2.572
967	0.4515	0.9733	2.673
968	0.4520	0.9731	2.688
969	0.4466	0.9754	2.464
970	0.4524	0.9727	2.729
971	0.4517	0.9728	2.720
972	0.4536	0.9719	2.808
973	0.4528	0.9721	2.785
974	0.4535	0.9722	2.784
975	0.4533	0.9727	2.727
976	0.4525	0.9725	2.748
977	0.4528	0.9728	2.717
978	0.4442	0.9762	2.380
979	0.4494	0.9742	2.578
980	0.4526	0.9725	2.753
981	0.4499	0.9736	2.642
982	0.4474	0.9746	2.543
983	0.4544	0.9716	2.839
984	0.4409	0.9782	2.182
985	0.4538	0.9723	2.769
986	0.4506	0.9732	2.676
987	0.4535	0.9726	2.738
988	0.4561	0.9709	2.905
989	0.4422	0.9771	2.286
990	0.4510	0.9733	2.665
991	0.4534	0.9723	2.769
992	0.4476	0.9744	2.562
993	0.4383	0.9794	2.055
994	0.4515	0.9730	2.696
995	0.4552	0.9716	2.838
996	0.4396	0.9784	2.165
997	0.4529	0.9725	2.748
998	0.4526	0.9727	2.727
999	0.4539	0.9720	2.796
1000	0.4381	0.9792	2.077
1001	0.4523	0.9727	2.734
1002	0.4531	0.9722	2.783
1003	0.4533	0.9726	2.744
1004	0.4547	0.9722	2.780
1005	0.4491	0.9743	2.568
1006	0.4523	0.9729	2.708
1007	0.4535	0.9723	2.773
1008	0.4541	0.9720	2.805
1009	0.4550	0.9714	2.859
1010	0.4524	0.9726	2.736
1011	0.4480	0.9744	2.565
1012	0.4557	0.9712	2.875
1013	0.4383	0.9789	2.107
1014	0.4535	0.9723	2.770
1015	0.4538	0.9721	2.791
1016	0.4459	0.9752	2.484
1017	0.4471	0.9747	2.530
1018	0.4498	0.9738	2.622
1019	0.4549	0.9713	2.865
1020	0.4516	0.9726	2.737
1021	0.4405	0.9777	2.228
1022	0.4513	0.9728	2.716
1023	0.4539	0.9721	2.790
1024	0.4551	0.9714	2.857
1025	0.4524	0.9729	2.707
1026	0.4502	0.9736	2.645
1027	0.4530	0.9720	2.805
1028	0.4517	0.9732	2.680
1029	0.4460	0.9751	2.490
1030	0.4488	0.9743	2.568
1031	0.4542	0.9720	2.800
1032	0.4480	0.9749	2.507
1033	0.4520	0.9728	2.720
1034	0.4478	0.9745	2.550
1035	0.4533	0.9726	2.735
1036	0.4524	0.9727	2.730
1037	0.4364	0.9799	2.007
1038	0.4513	0.9731	2.690
1039	0.4510	0.9736	2.644
1040	0.4546	0.9722	2.780
1041	0.4541	0.9719	2.810
1042	0.4491	0.9738	2.619
1043	0.4500	0.9736	2.638
1044	0.4514	0.9732	2.676
1045	0.4520	0.9729	2.707
1046	0.4531	0.9728	2.725
1047	0.4545	0.9722	2.781
1048	0.4464	0.9754	2.458
1049	0.4516	0.9728	2.720
1050	0.4513	0.9731	2.691
1051	0.4534	0.9719	2.809
1052	0.4523	0.9726	2.736
1053	0.4497	0.9736	2.638
1054	0.4524	0.9728	2.716
1055	0.4559	0.9710	2.904
1056	0.4520	0.9729	2.709
1057	0.4478	0.9745	2.550
1058	0.4404	0.9777	2.228
1059	0.4506	0.9733	2.672
1060	0.4472	0.9746	2.535
1061	0.4522	0.9726	2.736
1062	0.4381	0.9793	2.075
1063	0.4530	0.9725	2.750
1064	0.4383	0.9791	2.087
1065	0.4533	0.9723	2.772
1066	0.4537	0.9723	2.765
1067	0.4516	0.9732	2.679
1068	0.4520	0.9728	2.720
1069	0.4522	0.9725	2.752
1070	0.4479	0.9749	2.506
1071	0.4505	0.9733	2.674
1072	0.4517	0.9726	2.742
1073	0.4533	0.9722	2.784
1074	0.4534	0.9726	2.737
1075	0.4513	0.9733	2.673
1076	0.4536	0.9723	2.769
1077	0.4458	0.9752	2.484
1078	0.4542	0.9717	2.832
1079	0.4539	0.9720	2.805
1080	0.4528	0.9726	2.745
1081	0.4532	0.9726	2.737
1082	0.4492	0.9742	2.576
1083	0.4497	0.9738	2.616
1084	0.4520	0.9731	2.685
1085	0.4529	0.9720	2.800
1086	0.4526	0.9728	2.715
1087	0.4550	0.9716	2.841
1088	0.4536	0.9721	2.787
1089	0.4499	0.9737	2.629
1090	0.4475	0.9750	2.505
1091	0.4533	0.9723	2.771
1092	0.4381	0.9795	2.055
1093	0.4521	0.9729	2.705
1094	0.4513	0.9733	2.673
1095	0.4550	0.9714	2.857
1096	0.4539	0.9722	2.784
1097	0.4395	0.9783	2.168
1098	0.4542	0.9716	2.839
1099	0.4523	0.9725	2.747
1100	0.4508	0.9733	2.667
1101	0.4518	0.9731	2.689
1102	0.4420	0.9771	2.285
1103	0.4490	0.9745	2.546
1104	0.4555	0.9712	2.876
1105	0.4509	0.9735	2.645
1106	0.4407	0.9782	2.182
1107	0.4489	0.9743	2.569
1108	0.4542	0.9719	2.811
1109	0.4470	0.9747	2.528
1110	0.4537	0.9720	2.796
1111	0.4532	0.9725	2.749
1112	0.4548	0.9714	2.857
1113	0.4525	0.9721	2.786
1114	0.4547	0.9714	2.863
1115	0.4522	0.9729	2.705
1116	0.4539	0.9719	2.811
1117	0.4487	0.9743	2.571
1118	0.4510	0.9728	2.717
1119	0.4512	0.9729	2.715
1120	0.4521	0.9727	2.731
1121	0.4533	0.9723	2.768
1122	0.4501	0.9736	2.643
1123	0.4537	0.9721	2.788
1124	0.4498	0.9736	2.638
1125	0.4440	0.9762	2.380
1126	0.4529	0.9722	2.778
1127	0.4442	0.9758	2.416
1128	0.4458	0.9751	2.491
1129	0.4516	0.9729	2.710
1130	0.4478	0.9744	2.563
1131	0.4487	0.9740	2.604
1132	0.4531	0.9726	2.742
1133	0.4548	0.9716	2.841
1134	0.4482	0.9739	2.609
1135	0.4544	0.9722	2.780
1136	0.4489	0.9738	2.618
1137	0.4472	0.9746	2.541
1138	0.4540	0.9720	2.799
1139	0.4512	0.9731	2.691
1140	0.4486	0.9743	2.566
1141	0.4363	0.9799	2.006
1142	0.4523	0.9727	2.730
1143	0.4514	0.9726	2.737
1144	0.4473	0.9744	2.562
1145	0.4380	0.9789	2.107
1146	0.4523	0.9725	2.750
1147	0.4532	0.9722	2.784
1148	0.4524	0.9721	2.787
1149	0.4471	0.9746	2.541
1150	0.4380	0.9789	2.107
1151	0.4439	0.9762	2.383
1152	0.4496	0.9738	2.625
1153	0.4489	0.9745	2.546
1154	0.4515	0.9729	2.710
1155	0.4532	0.9723	2.771
1156	0.4485	0.9743	2.567
1157	0.4496	0.9736	2.642
1158	0.4489	0.9738	2.618
1159	0.4536	0.9721	2.794
1160	0.4543	0.9722	2.779
1161	0.4511	0.9731	2.691
1162	0.4521	0.9726	2.737
1163	0.4516	0.9731	2.689
1164	0.4491	0.9743	2.573
1165	0.4544	0.9722	2.777
1166	0.4474	0.9750	2.505
1167	0.4535	0.9724	2.763
1168	0.4548	0.9714	2.857
1169	0.4520	0.9727	2.729
1170	0.4547	0.9716	2.839
1171	0.4535	0.9721	2.787
1172	0.4529	0.9727	2.727
1173	0.4497	0.9737	2.630
1174	0.4530	0.9727	2.733
1175	0.4530	0.9726	2.738
1176	0.4476	0.9745	2.550
1177	0.4515	0.9726	2.736
1178	0.4532	0.9719	2.809
1179	0.4419	0.9772	2.285
1180	0.4402	0.9777	2.227
1181	0.4379	0.9793	2.074
1182	0.4521	0.9730	2.705
1183	0.4541	0.9716	2.839
1184	0.4528	0.9725	2.748
1185	0.4477	0.9744	2.560
1186	0.4539	0.9720	2.799
1187	0.4393	0.9783	2.168
1188	0.4536	0.9721	2.789
1189	0.4513	0.9728	2.719
1190	0.4462	0.9754	2.462
1191	0.4481	0.9739	2.609
1192	0.4503	0.9733	2.674
1193	0.4509	0.9728	2.717
1194	0.4538	0.9719	2.810
1195	0.4525	0.9728	2.718
1196	0.4531	0.9726	2.736
1197	0.4553	0.9712	2.876
1198	0.4518	0.9729	2.708
1199	0.4531	0.9723	2.772
1200	0.4526	0.9726	2.743
1201	0.4381	0.9791	2.087
1202	0.4531	0.9725	2.748
1203	0.4456	0.9752	2.484
1204	0.4469	0.9746	2.539
1205	0.4522	0.9725	2.751
1206	0.4528	0.9722	2.779
1207	0.4539	0.9717	2.830
1208	0.4510	0.9728	2.715
1209	0.4457	0.9751	2.490
1210	0.4522	0.9728	2.721
1211	0.4548	0.9716	2.838
1212	0.4472	0.9744	2.560
1213	0.4379	0.9795	2.055
1214	0.4487	0.9743	2.569
1215	0.4521	0.9725	2.747
1216	0.4506	0.9733	2.666
1217	0.4513	0.9726	2.738
1218	0.4545	0.9713	2.865
1219	0.4405	0.9782	2.177
1220	0.4361	0.9799	2.005
1221	0.4546	0.9714	2.857
1222	0.4519	0.9724	2.756
1223	0.4533	0.9723	2.769
1224	0.4499	0.9735	2.646
1225	0.4485	0.9740	2.605
1226	0.4440	0.9759	2.410
1227	0.4518	0.9731	2.690
1228	0.4502	0.9733	2.674
1229	0.4540	0.9719	2.813
1230	0.4507	0.9736	2.645
1231	0.4526	0.9719	2.808
1232	0.4513	0.9732	2.676
1233	0.4531	0.9722	2.778
1234	0.4519	0.9726	2.735
1235	0.4485	0.9743	2.571
1236	0.4477	0.9749	2.508
1237	0.4510	0.9732	2.675
1238	0.4537	0.9720	2.805
1239	0.4537	0.9721	2.787
1240	0.4517	0.9728	2.718
1241	0.4521	0.9727	2.731
1242	0.4467	0.9747	2.529
1243	0.4556	0.9709	2.906
1244	0.4511	0.9731	2.695
1245	0.4518	0.9729	2.709
1246	0.4496	0.9736	2.639
1247	0.4510	0.9733	2.672
1248	0.4519	0.9727	2.729
1249	0.4508	0.9728	2.719
1250	0.4537	0.9719	2.809
1251	0.4540	0.9716	2.839
1252	0.4521	0.9727	2.731
1253	0.4552	0.9712	2.875
1254	0.4519	0.9725	2.749
1255	0.4512	0.9726	2.737
1256	0.4530	0.9722	2.783
1257	0.4501	0.9732	2.676
1258	0.4418	0.9771	2.286
1259	0.4510	0.9733	2.675
1260	0.4530	0.9723	2.769
1261	0.4542	0.9722	2.780
1262	0.4527	0.9727	2.727
1263	0.4404	0.9782	2.179
1264	0.4505	0.9734	2.664
1265	0.4514	0.9725	2.746
1266	0.4529	0.9726	2.738
1267	0.4472	0.9749	2.508
1268	0.4521	0.9725	2.750
1269	0.4467	0.9747	2.528
1270	0.4475	0.9744	2.564
1271	0.4512	0.9728	2.718
1272	0.4556	0.9709	2.905
1273	0.4530	0.9725	2.749
1274	0.4487	0.9745	2.546
1275	0.4518	0.9727	2.733
1276	0.4476	0.9749	2.506
1277	0.4533	0.9721	2.791
1278	0.4530	0.9723	2.772
1279	0.4519	0.9726	2.736
1280	0.4484	0.9743	2.571
1281	0.4516	0.9728	2.720
1282	0.4545	0.9714	2.857
1283	0.4538	0.9717	2.830
1284	0.4514	0.9731	2.689
1285	0.4520	0.9728	2.717
1286	0.4378	0.9789	2.107
1287	0.4510	0.9733	2.672
1288	0.4513	0.9729	2.710
1289	0.4455	0.9752	2.484
1290	0.4523	0.9728	2.715
1291	0.4493	0.9739	2.614
1292	0.4526	0.9722	2.777
1293	0.4541	0.9722	2.779
1294	0.4391	0.9783	2.168
1295	0.4495	0.9736	2.637
1296	0.4527	0.9726	2.738
1297	0.4486	0.9743	2.569
1298	0.4524	0.9726	2.741
1299	0.4505	0.9735	2.646
1300	0.4538	0.9719	2.809
1301	0.4360	0.9799	2.006
1302	0.4455	0.9751	2.489
1303	0.4529	0.9723	2.765
1304	0.4495	0.9737	2.632
1305	0.4543	0.9714	2.864
1306	0.4537	0.9720	2.798
1307	0.4471	0.9744	2.561
1308	0.4532	0.9723	2.771
1309	0.4488	0.9743	2.575
1310	0.4535	0.9720	2.804
1311	0.4460	0.9754	2.458
1312	0.4482	0.9744	2.563
1313	0.4437	0.9762	2.379
1314	0.4519	0.9726	2.744
1315	0.4534	0.9721	2.789
1316	0.4479	0.9739	2.609
1317	0.4532	0.9724	2.764
1318	0.4484	0.9740	2.605
1319	0.4376	0.9793	2.073
1320	0.4535	0.9722	2.784
1321	0.4521	0.9721	2.787
1322	0.4519	0.9730	2.705
1323	0.4544	0.9716	2.841
1324	0.4501	0.9733	2.672
1325	0.4467	0.9746	2.538
1326	0.4517	0.9729	2.708
1327	0.4468	0.9746	2.540
1328	0.4486	0.9738	2.618
1329	0.4511	0.9732	2.680
1330	0.4508	0.9728	2.716
1331	0.4473	0.9745	2.550
1332	0.4438	0.9759	2.414
1333	0.4525	0.9725	2.751
1334	0.4524	0.9719	2.805
1335	0.4533	0.9720	2.795
1336	0.4508	0.9731	2.692
1337	0.4497	0.9736	2.645
1338	0.4529	0.9726	2.738
1339	0.4492	0.9736	2.640
1340	0.4529	0.9719	2.809
1341	0.4509	0.9731	2.692
1342	0.4378	0.9791	2.086
1343	0.4546	0.9716	2.838
1344	0.4376	0.9794	2.056
1345	0.4516	0.9731	2.688
1346	0.4399	0.9777	2.230
1347	0.4545	0.9714	2.856
1348	0.4515	0.9729	2.710
1349	0.4517	0.9724	2.756
1350	0.4399	0.9777	2.229
1351	0.4508	0.9731	2.695
1352	0.4554	0.9709	2.906
1353	0.4459	0.9753	2.466
1354	0.4517	0.9727	2.730
1355	0.4358	0.9799	2.005
1356	0.4467	0.9746	2.540
1357	0.4525	0.9722	2.784
1358	0.4494	0.9736	2.638
1359	0.4500	0.9733	2.675
1360	0.4543	0.9713	2.866
1361	0.4512	0.9726	2.745
1362	0.4492	0.9736	2.638
1363	0.4512	0.9729	2.711
1364	0.4435	0.9762	2.384
1365	0.4454	0.9751	2.491
1366	0.4389	0.9783	2.166
1367	0.4528	0.9722	2.778
1368	0.4536	0.9720	2.803
1369	0.4519	0.9725	2.751
1370	0.4531	0.9723	2.765
1371	0.4376	0.9790	2.103
1372	0.4528	0.9725	2.752
1373	0.4504	0.9736	2.643
1374	0.4523	0.9719	2.806
1375	0.4519	0.9727	2.733
1376	0.4535	0.9719	2.809
1377	0.4543	0.9716	2.844
1378	0.4537	0.9719	2.811
1379	0.4473	0.9744	2.563
1380	0.4532	0.9720	2.795
1381	0.4534	0.9721	2.787
1382	0.4510	0.9732	2.677
1383	0.4474	0.9749	2.509
1384	0.4487	0.9743	2.575
1385	0.4528	0.9723	2.771
1386	0.4514	0.9728	2.719
1387	0.4402	0.9782	2.177
1388	0.4481	0.9743	2.567
1389	0.4518	0.9729	2.706
1390	0.4466	0.9746	2.538
1391	0.4525	0.9727	2.729
1392	0.4508	0.9733	2.672
1393	0.4536	0.9717	2.832
1394	0.4534	0.9720	2.805
1395	0.4510	0.9728	2.720
1396	0.4485	0.9738	2.617
1397	0.4524	0.9725	2.750
1398	0.4496	0.9736	2.644
1399	0.4508	0.9731	2.690
1400	0.4521	0.9728	2.717
1401	0.4515	0.9731	2.686
1402	0.4453	0.9752	2.484
1403	0.4482	0.9739	2.605
1404	0.4507	0.9728	2.716
1405	0.4478	0.9739	2.610
1406	0.4484	0.9745	2.546
1407	0.4377	0.9791	2.086
1408	0.4528	0.9726	2.738
1409	0.4484	0.9743	2.569
1410	0.4415	0.9771	2.286
1411	0.4498	0.9733	2.673
1412	0.4517	0.9725	2.746
1413	0.4471	0.9745	2.550
1414	0.4375	0.9794	2.055
1415	0.4522	0.9725	2.748
1416	0.4515	0.9726	2.735
1417	0.4539	0.9722	2.782
1418	0.4539	0.9722	2.783
1419	0.4507	0.9733	2.675
1420	0.4526	0.9726	2.740
1421	0.4503	0.9733	2.666
1422	0.4469	0.9749	2.509
1423	0.4505	0.9728	2.721
1424	0.4532	0.9721	2.790
1425	0.4374	0.9792	2.076
1426	0.4530	0.9723	2.769
1427	0.4517	0.9727	2.735
1428	0.4542	0.9714	2.857
1429	0.4544	0.9715	2.855
1430	0.4528	0.9719	2.808
1431	0.4527	0.9723	2.769
1432	0.4537	0.9716	2.839
1433	0.4512	0.9731	2.688
1434	0.4509	0.9726	2.737
1435	0.4544	0.9716	2.837
1436	0.4527	0.9722	2.783
1437	0.4513	0.9729	2.707
1438	0.4481	0.9743	2.572
1439	0.4436	0.9758	2.416
1440	0.4518	0.9728	2.721
1441	0.4549	0.9712	2.876
1442	0.4519	0.9722	2.785
1443	0.4530	0.9721	2.789
1444	0.4515	0.9730	2.704
1445	0.4525	0.9726	2.739
1446	0.4464	0.9747	2.529
1447	0.4492	0.9737	2.634
1448	0.4490	0.9738	2.619
1449	0.4468	0.9744	2.562
1450	0.4529	0.9723	2.768
1451	0.4510	0.9726	2.744
1452	0.4457	0.9754	2.465
1453	0.4484	0.9738	2.619
1454	0.4481	0.9743	2.573
1455	0.4515	0.9727	2.733
1456	0.4436	0.9758	2.416
1457	0.4531	0.9721	2.791
1458	0.4541	0.9714	2.863
1459	0.4542	0.9714	2.858
1460	0.4373	0.9793	2.075
1461	0.4517	0.9727	2.731
1462	0.4375	0.9789	2.107
1463	0.4414	0.9771	2.285
1464	0.4490	0.9738	2.625
1465	0.4544	0.9716	2.840
1466	0.4549	0.9712	2.876
1467	0.4521	0.9725	2.747
1468	0.4511	0.9731	2.688
1469	0.4486	0.9742	2.576
1470	0.4357	0.9799	2.006
1471	0.4532	0.9720	2.804
1472	0.4526	0.9723	2.770
1473	0.4513	0.9728	2.720
1474	0.4509	0.9732	2.680
1475	0.4516	0.9727	2.734
1476	0.4531	0.9721	2.794
1477	0.4519	0.9721	2.786
1478	0.4526	0.9723	2.772
1479	0.4400	0.9782	2.179
1480	0.4505	0.9731	2.692
1481	0.4397	0.9777	2.229
1482	0.4468	0.9749	2.509
1483	0.4480	0.9743	2.567
1484	0.4498	0.9733	2.675
1485	0.4506	0.9730	2.696
1486	0.4523	0.9725	2.749
1487	0.4483	0.9745	2.546
1488	0.4509	0.9729	2.711
1489	0.4517	0.9728	2.720
1490	0.4524	0.9726	2.737
1491	0.4506	0.9733	2.673
1492	0.4516	0.9725	2.747
1493	0.4504	0.9729	2.714
1494	0.4481	0.9740	2.604
1495	0.4514	0.9725	2.748
1496	0.4529	0.9721	2.788
1497	0.4551	0.9710	2.902
1498	0.4534	0.9720	2.798
1499	0.4525	0.9723	2.767
1500	0.4515	0.9730	2.703
1501	0.4534	0.9717	2.826
1502	0.4525	0.9725	2.746
1503	0.4452	0.9751	2.488
1504	0.4529	0.9724	2.762
1505	0.4513	0.9732	2.684
1506	0.4519	0.9728	2.716
1507	0.4464	0.9747	2.533
1508	0.4512	0.9729	2.708
1509	0.4494	0.9736	2.643
1510	0.4532	0.9719	2.808
1511	0.4387	0.9783	2.168
1512	0.4433	0.9762	2.380
1513	0.4451	0.9752	2.484
1514	0.4491	0.9737	2.634
1515	0.4373	0.9795	2.055
1516	0.4516	0.9725	2.750
1517	0.4532	0.9721	2.786
1518	0.4538	0.9722	2.780
1519	0.4526	0.9719	2.809
1520	0.4501	0.9736	2.644
1521	0.4537	0.9722	2.780
1522	0.4524	0.9726	2.739
1523	0.4467	0.9744	2.559
1524	0.4470	0.9745	2.551
1525	0.4541	0.9716	2.841
1526	0.4523	0.9727	2.727
1527	0.4534	0.9719	2.810
1528	0.4514	0.9727	2.730
1529	0.4471	0.9750	2.504
1530	0.4375	0.9791	2.087
1531	0.4475	0.9739	2.609
1532	0.4496	0.9732	2.675
1533	0.4491	0.9736	2.638
1534	0.4464	0.9746	2.541
1535	0.4500	0.9733	2.666
1536	0.4507	0.9728	2.720
1537	0.4505	0.9733	2.671
1538	0.4471	0.9744	2.563
1539	0.4542	0.9714	2.856
1540	0.4489	0.9736	2.638
1541	0.4462	0.9747	2.528
1542	0.4507	0.9726	2.738
1543	0.4520	0.9720	2.804
1544	0.4522	0.9722	2.781
1545	0.4525	0.9722	2.784
1546	0.4481	0.9743	2.568
1547	0.4534	0.9716	2.838
1548	0.4504	0.9728	2.715
1549	0.4513	0.9729	2.708
1550	0.4525	0.9726	2.739
1551	0.4386	0.9783	2.166
1552	0.4432	0.9762	2.383
1553	0.4539	0.9714	2.865
1554	0.4466	0.9744	2.563
1555	0.4493	0.9736	2.643
1556	0.4516	0.9725	2.752
1557	0.4501	0.9736	2.644
1558	0.4529	0.9721	2.794
1559	0.4373	0.9794	2.055
1560	0.4455	0.9753	2.466
1561	0.4491	0.9736	2.638
1562	0.4479	0.9743	2.572
1563	0.4504	0.9731	2.693
1564	0.4373	0.9789	2.105
1565	0.4514	0.9725	2.746
1566	0.4450	0.9751	2.493
1567	0.4505	0.9733	2.673
1568	0.4524	0.9723	2.767
1569	0.4517	0.9721	2.787
1570	0.4481	0.9743	2.568
1571	0.4508	0.9726	2.745
1572	0.4474	0.9739	2.611
1573	0.4536	0.9722	2.783
1574	0.4532	0.9720	2.800
1575	0.4531	0.9721	2.787
1576	0.4540	0.9716	2.843
1577	0.4533	0.9719	2.812
1578	0.4520	0.9719	2.805
1579	0.4513	0.9724	2.757
1580	0.4512	0.9731	2.686
1581	0.4524	0.9725	2.749
1582	0.4505	0.9731	2.693
1583	0.4507	0.9732	2.679
1584	0.4463	0.9746	2.539
1585	0.4508	0.9729	2.711
1586	0.4496	0.9733	2.675
1587	0.4495	0.9733	2.673
1588	0.4481	0.9738	2.619
1589	0.4524	0.9723	2.774
1590	0.4478	0.9743	2.568
1591	0.4539	0.9714	2.858
1592	0.4521	0.9725	2.752
1593	0.4481	0.9745	2.546
1594	0.4504	0.9733	2.674
1595	0.4512	0.9729	2.707
1596	0.4529	0.9721	2.787
1597	0.4468	0.9745	2.549
1598	0.4514	0.9729	2.705
1599	0.4532	0.9717	2.831
1600	0.4502	0.9728	2.716
1601	0.4470	0.9750	2.505
1602	0.4506	0.9728	2.720
1603	0.4466	0.9749	2.506
1604	0.4517	0.9728	2.717
1605	0.4514	0.9727	2.729
1606	0.4527	0.9724	2.764
1607	0.4518	0.9726	2.742
1608	0.4541	0.9716	2.839
1609	0.4411	0.9771	2.287
1610	0.4526	0.9723	2.768
1611	0.4509	0.9731	2.687
1612	0.4499	0.9733	2.666
1613	0.4524	0.9719	2.808
1614	0.4489	0.9737	2.632
1615	0.4524	0.9727	2.734
1616	0.4478	0.9740	2.604
1617	0.4533	0.9716	2.839
1618	0.4510	0.9729	2.708
1619	0.4394	0.9777	2.227
1620	0.4469	0.9744	2.562
1621	0.4512	0.9727	2.734
1622	0.4510	0.9728	2.719
1623	0.4503	0.9729	2.715
1624	0.4487	0.9738	2.618
1625	0.4505	0.9726	2.737
1626	0.4483	0.9742	2.575
1627	0.4530	0.9719	2.810
1628	0.4536	0.9722	2.780
1629	0.4546	0.9713	2.875
1630	0.4521	0.9727	2.726
1631	0.4527	0.9721	2.788
1632	0.4549	0.9710	2.902
1633	0.4462	0.9747	2.533
1634	0.4398	0.9782	2.178
1635	0.4460	0.9747	2.529
1636	0.4487	0.9736	2.638
1637	0.4520	0.9722	2.780
1638	0.4522	0.9726	2.739
1639	0.4522	0.9726	2.736
1640	0.4370	0.9793	2.073
1641	0.4529	0.9720	2.804
1642	0.4448	0.9752	2.484
1643	0.4514	0.9728	2.721
1644	0.4433	0.9758	2.416
1645	0.4373	0.9791	2.086
1646	0.4540	0.9714	2.856
1647	0.4523	0.9723	2.770
1648	0.4512	0.9727	2.731
1649	0.4513	0.9727	2.734
1650	0.4353	0.9800	2.004
1651	0.4523	0.9722	2.783
1652	0.4511	0.9727	2.733
1653	0.4487	0.9736	2.638
1654	0.4478	0.9740	2.603
1655	0.4503	0.9731	2.694
1656	0.4523	0.9723	2.773
1657	0.4460	0.9747	2.528
1658	0.4473	0.9739	2.610
1659	0.4526	0.9723	2.768
1660	0.4514	0.9725	2.752
1661	0.4476	0.9743	2.567
1662	0.4517	0.9725	2.746
1663	0.4529	0.9720	2.804
1664	0.4480	0.9738	2.618
1665	0.4498	0.9733	2.666
1666	0.4372	0.9791	2.086
1667	0.4528	0.9721	2.790
1668	0.4448	0.9752	2.485
1669	0.4535	0.9722	2.780
1670	0.4531	0.9720	2.798
1671	0.4480	0.9746	2.544
1672	0.4511	0.9725	2.749
1673	0.4522	0.9723	2.767
1674	0.4540	0.9716	2.839
1675	0.4538	0.9716	2.839
1676	0.4527	0.9721	2.792
1677	0.4522	0.9725	2.745
1678	0.4479	0.9743	2.570
1679	0.4509	0.9729	2.708
1680	0.4539	0.9714	2.857
1681	0.4393	0.9777	2.228
1682	0.4529	0.9719	2.808
1683	0.4448	0.9751	2.489
1684	0.4522	0.9722	2.781
1685	0.4502	0.9733	2.674
1686	0.4486	0.9739	2.614
1687	0.4505	0.9732	2.680
1688	0.4509	0.9728	2.719
1689	0.4500	0.9729	2.713
1690	0.4531	0.9719	2.811
1691	0.4468	0.9749	2.506
1692	0.4371	0.9795	2.055
1693	0.4520	0.9727	2.726
1694	0.4464	0.9750	2.504
1695	0.4512	0.9730	2.704
1696	0.4515	0.9721	2.785
1697	0.4371	0.9789	2.105
1698	0.4466	0.9745	2.551
1699	0.4353	0.9799	2.006
1700	0.4494	0.9733	2.674
1701	0.4369	0.9793	2.074
1702	0.4534	0.9722	2.780
1703	0.4502	0.9733	2.672
1704	0.4548	0.9710	2.903
1705	0.4544	0.9713	2.875
1706	0.4488	0.9737	2.634
1707	0.4511	0.9727	2.730
1708	0.4460	0.9746	2.540
1709	0.4525	0.9721	2.790
1710	0.4510	0.9729	2.707
1711	0.4507	0.9731	2.689
1712	0.4481	0.9742	2.576
1713	0.4506	0.9726	2.745
1714	0.4522	0.9726	2.737
1715	0.4431	0.9758	2.416
1716	0.4537	0.9714	2.858
1717	0.4396	0.9782	2.177
1718	0.4512	0.9727	2.731
1719	0.4501	0.9729	2.715
1720	0.4504	0.9728	2.717
1721	0.4519	0.9725	2.750
1722	0.4505	0.9729	2.710
1723	0.4536	0.9714	2.864
1724	0.4525	0.9723	2.766
1725	0.4511	0.9727	2.734
1726	0.4498	0.9736	2.643
1727	0.4429	0.9762	2.379
1728	0.4515	0.9728	2.717
1729	0.4530	0.9717	2.830
1730	0.4531	0.9716	2.838
1731	0.4383	0.9783	2.167
1732	0.4520	0.9726	2.742
1733	0.4522	0.9719	2.809
1734	0.4509	0.9731	2.686
1735	0.4501	0.9731	2.690
1736	0.4467	0.9744	2.562
1737	0.4518	0.9722	2.780
1738	0.4463	0.9744	2.561
1739	0.4493	0.9732	2.675
1740	0.4522	0.9723	2.771
1741	0.4452	0.9754	2.463
1742	0.4517	0.9720	2.803
1743	0.4512	0.9728	2.722
1744	0.4520	0.9726	2.737
1745	0.4487	0.9736	2.638
1746	0.4461	0.9746	2.541
1747	0.4476	0.9743	2.572
1748	0.4489	0.9736	2.643
1749	0.4503	0.9726	2.738
1750	0.4511	0.9725	2.747
1751	0.4528	0.9722	2.784
1752	0.4409	0.9771	2.285
1753	0.4511	0.9727	2.735
1754	0.4475	0.9743	2.573
1755	0.4536	0.9714	2.863
1756	0.4508	0.9729	2.708
1757	0.4518	0.9725	2.753
1758	0.4516	0.9726	2.744
1759	0.4477	0.9743	2.568
1760	0.4371	0.9791	2.086
1761	0.4492	0.9733	2.673
1762	0.4463	0.9749	2.509
1763	0.4447	0.9751	2.492
1764	0.4530	0.9717	2.834
1765	0.4515	0.9728	2.717
1766	0.4466	0.9744	2.561
1767	0.4475	0.9743	2.567
1768	0.4428	0.9762	2.383
1769	0.4451	0.9753	2.465
1770	0.4521	0.9725	2.749
1771	0.4518	0.9722	2.782
1772	0.4462	0.9744	2.562
1773	0.4536	0.9716	2.843
1774	0.4500	0.9731	2.692
1775	0.4543	0.9713	2.875
1776	0.4538	0.9714	2.855
1777	0.4480	0.9743	2.574
1778	0.4538	0.9716	2.839
1779	0.4496	0.9733	2.665
1780	0.4509	0.9725	2.749
1781	0.4527	0.9722	2.784
1782	0.4536	0.9714	2.857
1783	0.4430	0.9759	2.414
1784	0.4489	0.9736	2.645
1785	0.4529	0.9720	2.799
1786	0.4504	0.9726	2.744
1787	0.4509	0.9729	2.708
1788	0.4501	0.9731	2.695
1789	0.4525	0.9721	2.790
1790	0.4457	0.9747	2.528
1791	0.4516	0.9720	2.802
1792	0.4508	0.9732	2.684
1793	0.4507	0.9728	2.719
1794	0.4459	0.9746	2.538
1795	0.4500	0.9729	2.715
1796	0.4391	0.9777	2.228
1797	0.4367	0.9792	2.076
1798	0.4527	0.9719	2.809
1799	0.4530	0.9719	2.810
1800	0.4445	0.9751	2.487
1801	0.4486	0.9736	2.637
1802	0.4504	0.9729	2.709
1803	0.4521	0.9726	2.739
1804	0.4505	0.9731	2.687
1805	0.4470	0.9739	2.610
1806	0.4530	0.9716	2.839
1807	0.4532	0.9722	2.783
1808	0.4510	0.9725	2.745
1809	0.4496	0.9736	2.644
1810	0.4368	0.9795	2.054
1811	0.4477	0.9746	2.545
1812	0.4492	0.9733	2.674
1813	0.4520	0.9722	2.784
1814	0.4520	0.9723	2.773
1815	0.4511	0.9727	2.731
1816	0.4477	0.9738	2.619
1817	0.4498	0.9728	2.718
1818	0.4532	0.9722	2.780
1819	0.4466	0.9749	2.506
1820	0.4510	0.9729	2.706
1821	0.4459	0.9746	2.541
1822	0.4517	0.9727	2.728
1823	0.4511	0.9725	2.751
1824	0.4502	0.9726	2.737
1825	0.4369	0.9789	2.106
1826	0.4486	0.9736	2.638
1827	0.4518	0.9726	2.736
1828	0.4511	0.9728	2.719
1829	0.4502	0.9728	2.719
1830	0.4502	0.9732	2.679
1831	0.4500	0.9733	2.673
1832	0.4382	0.9783	2.168
1833	0.4512	0.9722	2.784
1834	0.4500	0.9733	2.671
1835	0.4508	0.9727	2.730
1836	0.4523	0.9724	2.764
1837	0.4407	0.9771	2.285
1838	0.4508	0.9727	2.734
1839	0.4474	0.9740	2.603
1840	0.4483	0.9738	2.618
1841	0.4518	0.9726	2.739
1842	0.4464	0.9745	2.549
1843	0.4483	0.9736	2.638
1844	0.4523	0.9721	2.791
1845	0.4519	0.9723	2.769
1846	0.4545	0.9710	2.903
1847	0.4520	0.9723	2.766
1848	0.4522	0.9723	2.767
1849	0.4350	0.9799	2.006
1850	0.4524	0.9721	2.794
1851	0.4394	0.9782	2.177
1852	0.4526	0.9720	2.803
1853	0.4520	0.9719	2.809
1854	0.4495	0.9736	2.645
1855	0.4509	0.9727	2.734
1856	0.4516	0.9725	2.748
1857	0.4445	0.9752	2.484
1858	0.4512	0.9722	2.785
1859	0.4523	0.9721	2.789
1860	0.4513	0.9729	2.714
1861	0.4485	0.9736	2.635
1862	0.4503	0.9729	2.709
1863	0.4541	0.9713	2.871
1864	0.4427	0.9762	2.379
1865	0.4474	0.9740	2.603
1866	0.4526	0.9719	2.811
1867	0.4499	0.9733	2.671
1868	0.4445	0.9751	2.489
1869	0.4531	0.9722	2.778
1870	0.4381	0.9783	2.168
1871	0.4476	0.9746	2.545
1872	0.4502	0.9732	2.677
1873	0.4369	0.9791	2.086
1874	0.4501	0.9726	2.738
1875	0.4491	0.9733	2.674
1876	0.4509	0.9729	2.706
1877	0.4508	0.9727	2.729
1878	0.4516	0.9727	2.729
1879	0.4531	0.9722	2.780
1880	0.4482	0.9738	2.616
1881	0.4449	0.9754	2.460
1882	0.4519	0.9726	2.735
1883	0.4514	0.9720	2.800
1884	0.4510	0.9725	2.752
1885	0.4523	0.9721	2.792
1886	0.4393	0.9782	2.178
1887	0.4520	0.9719	2.809
1888	0.4504	0.9731	2.687
1889	0.4501	0.9728	2.719
1890	0.4534	0.9714	2.856
1891	0.4515	0.9722	2.778
1892	0.4487	0.9736	2.645
1893	0.4507	0.9725	2.747
1894	0.4518	0.9722	2.780
1895	0.4527	0.9717	2.827
1896	0.4522	0.9724	2.762
1897	0.4519	0.9724	2.764
1898	0.4476	0.9738	2.616
1899	0.4518	0.9724	2.764
1900	0.4528	0.9716	2.840
1901	0.4506	0.9732	2.681
1902	0.4464	0.9744	2.558
1903	0.4349	0.9799	2.006
1904	0.4513	0.9726	2.743
1905	0.4367	0.9789	2.107
1906	0.4469	0.9739	2.609
1907	0.4534	0.9716	2.840
1908	0.4473	0.9743	2.571
1909	0.4535	0.9714	2.855
1910	0.4536	0.9716	2.838
1911	0.4525	0.9720	2.805
1912	0.4509	0.9727	2.731
1913	0.4502	0.9726	2.739
1914	0.4490	0.9733	2.674
1915	0.4507	0.9727	2.731
1916	0.4475	0.9743	2.571
1917	0.4517	0.9726	2.736
1918	0.4509	0.9728	2.717
1919	0.4472	0.9744	2.562
1920	0.4518	0.9723	2.767
1921	0.4521	0.9723	2.765
1922	0.4516	0.9726	2.738
1923	0.4463	0.9745	2.550
1924	0.4497	0.9731	2.686
1925	0.4505	0.9729	2.709
1926	0.4428	0.9759	2.414
1927	0.4365	0.9793	2.074
1928	0.4496	0.9729	2.714
1929	0.4497	0.9729	2.714
1930	0.4459	0.9744	2.558
1931	0.4498	0.9731	2.691
1932	0.4506	0.9730	2.704
1933	0.4477	0.9743	2.575
1934	0.4498	0.9733	2.673
1935	0.4524	0.9722	2.783
1936	0.4389	0.9778	2.225
1937	0.4504	0.9728	2.719
1938	0.4460	0.9749	2.508
1939	0.4518	0.9725	2.748
1940	0.4455	0.9747	2.528
1941	0.4526	0.9720	2.799
1942	0.4527	0.9719	2.810
1943	0.4405	0.9771	2.286
1944	0.4483	0.9736	2.635
1945	0.4482	0.9736	2.639
1946	0.4457	0.9746	2.539
1947	0.4532	0.9714	2.864
1948	0.4366	0.9795	2.054
1949	0.4493	0.9733	2.668
1950	0.4464	0.9749	2.508
1951	0.4508	0.9726	2.745
1952	0.4456	0.9746	2.537
1953	0.4543	0.9709	2.906
1954	0.4522	0.9721	2.790
1955	0.4464	0.9749	2.509
1956	0.4475	0.9738	2.619
1957	0.4507	0.9729	2.706
1958	0.4506	0.9727	2.732
1959	0.4481	0.9736	2.637
1960	0.4516	0.9726	2.737
1961	0.4497	0.9731	2.689
1962	0.4483	0.9737	2.633
1963	0.4527	0.9716	2.837
1964	0.4443	0.9751	2.489
1965	0.4529	0.9722	2.780
1966	0.4518	0.9726	2.737
1967	0.4462	0.9745	2.548
1968	0.4443	0.9752	2.484
1969	0.4533	0.9716	2.839
1970	0.4504	0.9728	2.719
1971	0.4499	0.9728	2.720
1972	0.4485	0.9735	2.645
1973	0.4506	0.9727	2.728
1974	0.4524	0.9720	2.803
1975	0.4507	0.9727	2.734
1976	0.4535	0.9716	2.839
1977	0.4448	0.9754	2.461
1978	0.4520	0.9723	2.768
1979	0.4508	0.9728	2.720
1980	0.4483	0.9736	2.636
1981	0.4481	0.9739	2.614
1982	0.4504	0.9729	2.707
1983	0.4458	0.9744	2.559
1984	0.4388	0.9777	2.227
1985	0.4510	0.9722	2.784
1986	0.4473	0.9743	2.569
1987	0.4517	0.9722	2.781
1988	0.4505	0.9729	2.706
1989	0.4514	0.9722	2.780
1990	0.4426	0.9759	2.413
1991	0.4379	0.9783	2.167
1992	0.4456	0.9746	2.539
1993	0.4522	0.9721	2.794
1994	0.4525	0.9720	2.799
1995	0.4424	0.9762	2.379
1996	0.4516	0.9723	2.768
1997	0.4499	0.9732	2.678
1998	0.4520	0.9723	2.765
1999	0.4488	0.9733	2.675
