0	0.4216	0.9723	2.768
1	0.4158	0.9748	2.520
2	0.4164	0.9748	2.523
3	0.4166	0.9751	2.485
4	0.4197	0.9731	2.686
5	0.4129	0.9760	2.398
6	0.4216	0.9726	2.735
7	0.4207	0.9729	2.706
8	0.4219	0.9726	2.738
9	0.4213	0.9729	2.707
10	0.4207	0.9733	2.673
11	0.4220	0.9722	2.782
12	0.4156	0.9749	2.510
13	0.4205	0.9730	2.696
14	0.4209	0.9730	2.704
15	0.4183	0.9739	2.614
16	0.4201	0.9729	2.711
17	0.4210	0.9729	2.714
18	0.4160	0.9747	2.528
19	0.4223	0.9723	2.772
20	0.4205	0.9733	2.673
21	0.4051	0.9801	1.989
22	0.4225	0.9724	2.764
23	0.4224	0.9722	2.783
24	0.4214	0.9721	2.789
25	0.4210	0.9729	2.707
26	0.4174	0.9741	2.587
27	0.4161	0.9751	2.485
28	0.4217	0.9728	2.721
29	0.4224	0.9723	2.766
30	0.4228	0.9719	2.808
31	0.4208	0.9728	2.723
32	0.4222	0.9726	2.744
33	0.4185	0.9739	2.610
34	0.4218	0.9725	2.754
35	0.4202	0.9734	2.663
36	0.4227	0.9722	2.781
37	0.4067	0.9794	2.063
38	0.4245	0.9711	2.890
39	0.4219	0.9727	2.729
40	0.4199	0.9735	2.651
41	0.4081	0.9785	2.151
42	0.4201	0.9729	2.712
43	0.4236	0.9717	2.829
44	0.4176	0.9740	2.598
45	0.4219	0.9726	2.738
46	0.4219	0.9728	2.719
47	0.4234	0.9719	2.811
48	0.4175	0.9746	2.541
49	0.4090	0.9778	2.216
50	0.4127	0.9764	2.356
51	0.4232	0.9717	2.832
52	0.4213	0.9729	2.712
53	0.4219	0.9725	2.746
54	0.4176	0.9748	2.524
55	0.4227	0.9721	2.793
56	0.4194	0.9734	2.655
57	0.4182	0.9741	2.593
58	0.4157	0.9748	2.516
59	0.4210	0.9728	2.715
60	0.4163	0.9748	2.525
61	0.4227	0.9721	2.793
62	0.4203	0.9728	2.717
63	0.4127	0.9764	2.356
64	0.4184	0.9738	2.618
65	0.4225	0.9724	2.764
66	0.4150	0.9755	2.449
67	0.4068	0.9791	2.088
68	0.4173	0.9741	2.587
69	0.4172	0.9746	2.543
70	0.4225	0.9721	2.788
71	0.4107	0.9774	2.260
72	0.4209	0.9729	2.713
73	0.4195	0.9738	2.619
74	0.4198	0.9734	2.660
75	0.4164	0.9746	2.536
76	0.4207	0.9730	2.702
77	0.4218	0.9724	2.757
78	0.4211	0.9723	2.766
79	0.4240	0.9716	2.841
80	0.4234	0.9719	2.812
81	0.4199	0.9735	2.650
82	0.4208	0.9729	2.706
83	0.4223	0.9723	2.766
84	0.4218	0.9727	2.729
85	0.4204	0.9733	2.672
86	0.4206	0.9734	2.660
87	0.4198	0.9734	2.655
88	0.4228	0.9719	2.810
89	0.4069	0.9794	2.064
90	0.4128	0.9760	2.398
91	0.4232	0.9717	2.831
92	0.4234	0.9716	2.839
93	0.4207	0.9727	2.726
94	0.4200	0.9729	2.711
95	0.4244	0.9711	2.892
96	0.4219	0.9725	2.746
97	0.4144	0.9753	2.467
98	0.4217	0.9727	2.730
99	0.4185	0.9739	2.611
100	0.4081	0.9785	2.152
101	0.4161	0.9751	2.486
102	0.4201	0.9731	2.685
103	0.4230	0.9724	2.757
104	0.4196	0.9731	2.686
105	0.4176	0.9748	2.524
106	0.4204	0.9730	2.697
107	0.4205	0.9731	2.689
108	0.4197	0.9731	2.686
109	0.4218	0.9728	2.720
110	0.4214	0.9721	2.787
111	0.4176	0.9740	2.599
112	0.4235	0.9717	2.827
113	0.4218	0.9726	2.739
114	0.4050	0.9801	1.988
115	0.4168	0.9742	2.576
116	0.4221	0.9726	2.738
117	0.4212	0.9729	2.712
118	0.4219	0.9722	2.782
119	0.4157	0.9748	2.519
120	0.4209	0.9727	2.729
121	0.4215	0.9727	2.734
122	0.4066	0.9794	2.062
123	0.4217	0.9728	2.718
124	0.4236	0.9717	2.828
125	0.4222	0.9723	2.768
126	0.4209	0.9730	2.704
127	0.4190	0.9735	2.654
128	0.4226	0.9722	2.780
129	0.4212	0.9730	2.704
130	0.4182	0.9739	2.614
131	0.4144	0.9753	2.471
132	0.4227	0.9722	2.778
133	0.4200	0.9729	2.708
134	0.4186	0.9737	2.628
135	0.4206	0.9732	2.676
136	0.4216	0.9728	2.720
137	0.4218	0.9727	2.733
138	0.4223	0.9722	2.781
139	0.4206	0.9730	2.703
140	0.4208	0.9732	2.679
141	0.4067	0.9796	2.042
142	0.4201	0.9734	2.661
143	0.4224	0.9722	2.779
144	0.4215	0.9723	2.767
145	0.4189	0.9734	2.657
146	0.4089	0.9779	2.215
147	0.4221	0.9725	2.746
148	0.4093	0.9783	2.168
149	0.4197	0.9734	2.664
150	0.4177	0.9744	2.555
151	0.4159	0.9747	2.530
152	0.4230	0.9723	2.768
153	0.4164	0.9752	2.483
154	0.4172	0.9745	2.548
155	0.4155	0.9749	2.509
156	0.4174	0.9746	2.541
157	0.4209	0.9728	2.715
158	0.4243	0.9711	2.891
159	0.4218	0.9727	2.733
160	0.4193	0.9734	2.655
161	0.4200	0.9729	2.708
162	0.4149	0.9755	2.450
163	0.4234	0.9717	2.827
164	0.4089	0.9778	2.216
165	0.4160	0.9751	2.486
166	0.4216	0.9728	2.719
167	0.4215	0.9727	2.733
168	0.4168	0.9742	2.578
169	0.4230	0.9724	2.759
170	0.4220	0.9726	2.737
171	0.4189	0.9734	2.657
172	0.4171	0.9746	2.542
173	0.4198	0.9734	2.657
174	0.4080	0.9785	2.152
175	0.4206	0.9727	2.726
176	0.4240	0.9716	2.838
177	0.4205	0.9732	2.675
178	0.4217	0.9727	2.730
179	0.4143	0.9753	2.467
180	0.4210	0.9724	2.765
181	0.4208	0.9729	2.712
182	0.4201	0.9731	2.685
183	0.4233	0.9716	2.840
184	0.4218	0.9726	2.738
185	0.4224	0.9721	2.785
186	0.4213	0.9721	2.787
187	0.4220	0.9725	2.745
188	0.4164	0.9752	2.482
189	0.4201	0.9734	2.661
190	0.4217	0.9725	2.752
191	0.4209	0.9727	2.731
192	0.4194	0.9738	2.619
193	0.4218	0.9727	2.728
194	0.4177	0.9745	2.554
195	0.4216	0.9729	2.715
196	0.4174	0.9746	2.542
197	0.4230	0.9723	2.766
198	0.4093	0.9783	2.168
199	0.4067	0.9796	2.043
200	0.4209	0.9730	2.704
201	0.4172	0.9741	2.585
202	0.4206	0.9730	2.701
203	0.4156	0.9748	2.519
204	0.4159	0.9747	2.529
205	0.4196	0.9734	2.664
206	0.4049	0.9801	1.988
207	0.4172	0.9745	2.550
208	0.4190	0.9735	2.654
209	0.4224	0.9722	2.780
210	0.4214	0.9723	2.766
211	0.4197	0.9731	2.686
212	0.4162	0.9748	2.524
213	0.4206	0.9729	2.705
214	0.4181	0.9739	2.614
215	0.4235	0.9717	2.827
216	0.4212	0.9729	2.712
217	0.4201	0.9728	2.717
218	0.4218	0.9728	2.719
219	0.4203	0.9730	2.697
220	0.4225	0.9721	2.794
221	0.4184	0.9739	2.610
222	0.4231	0.9717	2.831
223	0.4222	0.9722	2.780
224	0.4195	0.9732	2.684
225	0.4186	0.9737	2.628
226	0.4224	0.9724	2.761
227	0.4182	0.9738	2.618
228	0.4067	0.9791	2.088
229	0.4175	0.9748	2.524
230	0.4127	0.9760	2.398
231	0.4155	0.9749	2.510
232	0.4207	0.9732	2.680
233	0.4217	0.9725	2.747
234	0.4068	0.9794	2.064
235	0.4181	0.9740	2.596
236	0.4175	0.9740	2.598
237	0.4207	0.9729	2.705
238	0.4143	0.9753	2.471
239	0.4204	0.9731	2.687
240	0.4226	0.9722	2.781
241	0.4232	0.9719	2.811
242	0.4222	0.9723	2.766
243	0.4197	0.9734	2.657
244	0.4221	0.9723	2.768
245	0.4156	0.9748	2.516
246	0.4105	0.9774	2.260
247	0.4205	0.9734	2.660
248	0.4065	0.9794	2.063
249	0.4199	0.9729	2.713
250	0.4197	0.9735	2.651
251	0.4162	0.9746	2.536
252	0.4226	0.9719	2.810
253	0.4125	0.9764	2.357
254	0.4225	0.9722	2.781
255	0.4218	0.9722	2.782
256	0.4203	0.9733	2.673
257	0.4211	0.9730	2.705
258	0.4205	0.9732	2.676
259	0.4196	0.9732	2.685
260	0.4208	0.9727	2.729
261	0.4204	0.9734	2.659
262	0.4148	0.9755	2.450
263	0.4068	0.9794	2.064
264	0.4193	0.9738	2.619
265	0.4219	0.9726	2.738
266	0.4207	0.9729	2.713
267	0.4127	0.9760	2.398
268	0.4174	0.9748	2.524
269	0.4158	0.9747	2.530
270	0.4067	0.9791	2.088
271	0.4197	0.9734	2.660
272	0.4215	0.9728	2.721
273	0.4205	0.9728	2.724
274	0.4214	0.9723	2.767
275	0.4181	0.9741	2.594
276	0.4234	0.9717	2.828
277	0.4173	0.9746	2.541
278	0.4183	0.9739	2.610
279	0.4142	0.9753	2.467
280	0.4230	0.9717	2.831
281	0.4224	0.9721	2.786
282	0.4199	0.9729	2.708
283	0.4092	0.9783	2.169
284	0.4222	0.9723	2.767
285	0.4154	0.9749	2.509
286	0.4208	0.9729	2.706
287	0.4208	0.9729	2.715
288	0.4229	0.9724	2.759
289	0.4199	0.9729	2.711
290	0.4049	0.9801	1.988
291	0.4225	0.9721	2.794
292	0.4174	0.9740	2.598
293	0.4222	0.9722	2.781
294	0.4156	0.9748	2.519
295	0.4203	0.9730	2.697
296	0.4220	0.9723	2.767
297	0.4211	0.9729	2.712
298	0.4163	0.9752	2.481
299	0.4192	0.9734	2.656
300	0.4171	0.9741	2.585
301	0.4182	0.9738	2.617
302	0.4223	0.9722	2.779
303	0.4224	0.9722	2.781
304	0.4202	0.9733	2.670
305	0.4229	0.9723	2.767
306	0.4216	0.9727	2.731
307	0.4162	0.9747	2.533
308	0.4197	0.9735	2.651
309	0.4214	0.9727	2.730
310	0.4159	0.9752	2.485
311	0.4206	0.9732	2.680
312	0.4232	0.9717	2.833
313	0.4216	0.9727	2.734
314	0.4155	0.9748	2.515
315	0.4216	0.9727	2.726
316	0.4167	0.9742	2.580
317	0.4225	0.9722	2.778
318	0.4200	0.9729	2.715
319	0.4219	0.9725	2.745
320	0.4065	0.9794	2.059
321	0.4223	0.9724	2.762
322	0.4170	0.9746	2.542
323	0.4185	0.9737	2.628
324	0.4125	0.9764	2.356
325	0.4079	0.9785	2.152
326	0.4176	0.9744	2.556
327	0.4233	0.9717	2.827
328	0.4203	0.9731	2.689
329	0.4215	0.9728	2.718
330	0.4066	0.9796	2.043
331	0.4142	0.9753	2.470
332	0.4171	0.9745	2.550
333	0.4194	0.9731	2.686
334	0.4209	0.9724	2.764
335	0.4206	0.9729	2.705
336	0.4161	0.9748	2.523
337	0.4199	0.9732	2.685
338	0.4212	0.9721	2.787
339	0.4088	0.9778	2.216
340	0.4226	0.9719	2.809
341	0.4180	0.9739	2.612
342	0.4205	0.9730	2.702
343	0.4217	0.9728	2.721
344	0.4204	0.9729	2.706
345	0.4188	0.9735	2.654
346	0.4217	0.9722	2.782
347	0.4195	0.9734	2.664
348	0.4216	0.9726	2.737
349	0.4210	0.9730	2.705
350	0.4199	0.9734	2.662
351	0.4196	0.9734	2.657
352	0.4238	0.9716	2.837
353	0.4216	0.9725	2.745
354	0.4242	0.9711	2.891
355	0.4188	0.9735	2.653
356	0.4216	0.9725	2.752
357	0.4231	0.9719	2.812
358	0.4104	0.9774	2.262
359	0.4202	0.9733	2.671
360	0.4188	0.9735	2.654
361	0.4066	0.9791	2.087
362	0.4067	0.9794	2.064
363	0.4124	0.9764	2.356
364	0.4065	0.9796	2.043
365	0.4091	0.9783	2.172
366	0.4196	0.9734	2.659
367	0.4208	0.9723	2.767
368	0.4204	0.9729	2.706
369	0.4207	0.9729	2.708
370	0.4216	0.9728	2.721
371	0.4180	0.9739	2.614
372	0.4216	0.9724	2.757
373	0.4225	0.9719	2.808
374	0.4180	0.9740	2.601
375	0.4199	0.9731	2.686
376	0.4218	0.9727	2.734
377	0.4184	0.9737	2.628
378	0.4223	0.9721	2.787
379	0.4202	0.9730	2.696
380	0.4142	0.9753	2.471
381	0.4228	0.9724	2.761
382	0.4195	0.9731	2.686
383	0.4200	0.9728	2.718
384	0.4205	0.9730	2.703
385	0.4242	0.9711	2.891
386	0.4064	0.9794	2.063
387	0.4216	0.9726	2.738
388	0.4215	0.9728	2.720
389	0.4141	0.9753	2.470
390	0.4207	0.9729	2.714
391	0.4192	0.9738	2.620
392	0.4191	0.9735	2.654
393	0.4198	0.9729	2.708
394	0.4126	0.9760	2.398
395	0.4203	0.9734	2.658
396	0.4173	0.9741	2.594
397	0.4231	0.9716	2.840
398	0.4160	0.9748	2.524
399	0.4206	0.9732	2.679
400	0.4238	0.9716	2.841
401	0.4214	0.9728	2.722
402	0.4224	0.9720	2.796
403	0.4196	0.9734	2.658
404	0.4199	0.9734	2.662
405	0.4182	0.9739	2.610
406	0.4213	0.9727	2.734
407	0.4205	0.9729	2.706
408	0.4232	0.9717	2.826
409	0.4155	0.9748	2.519
410	0.4194	0.9731	2.686
411	0.4216	0.9726	2.738
412	0.4157	0.9747	2.529
413	0.4225	0.9722	2.781
414	0.4187	0.9735	2.654
415	0.4203	0.9733	2.673
416	0.4172	0.9746	2.542
417	0.4158	0.9752	2.484
418	0.4204	0.9728	2.724
419	0.4209	0.9729	2.708
420	0.4216	0.9722	2.782
421	0.4198	0.9729	2.713
422	0.4231	0.9719	2.812
423	0.4210	0.9729	2.712
424	0.4222	0.9722	2.780
425	0.4196	0.9735	2.651
426	0.4169	0.9746	2.542
427	0.4216	0.9725	2.748
428	0.4078	0.9785	2.152
429	0.4162	0.9752	2.481
430	0.4216	0.9727	2.728
431	0.4221	0.9724	2.764
432	0.4219	0.9723	2.766
433	0.4170	0.9746	2.545
434	0.4212	0.9723	2.765
435	0.4175	0.9745	2.552
436	0.4233	0.9717	2.826
437	0.4170	0.9741	2.585
438	0.4047	0.9801	1.986
439	0.4215	0.9727	2.730
440	0.4220	0.9722	2.782
441	0.4154	0.9748	2.515
442	0.4229	0.9717	2.833
443	0.4166	0.9742	2.580
444	0.4104	0.9774	2.261
445	0.4228	0.9723	2.768
446	0.4218	0.9726	2.744
447	0.4205	0.9729	2.710
448	0.4161	0.9747	2.534
449	0.4173	0.9748	2.522
450	0.4194	0.9734	2.663
451	0.4207	0.9727	2.731
452	0.4222	0.9724	2.762
453	0.4153	0.9749	2.506
454	0.4223	0.9722	2.780
455	0.4181	0.9738	2.618
456	0.4202	0.9731	2.689
457	0.4087	0.9779	2.215
458	0.4146	0.9755	2.450
459	0.4211	0.9721	2.787
460	0.4212	0.9723	2.767
461	0.4172	0.9746	2.541
462	0.4182	0.9739	2.610
463	0.4065	0.9791	2.086
464	0.4154	0.9749	2.515
465	0.4146	0.9755	2.449
466	0.4064	0.9794	2.063
467	0.4169	0.9746	2.543
468	0.4220	0.9722	2.783
469	0.4215	0.9727	2.735
470	0.4204	0.9730	2.701
471	0.4215	0.9725	2.746
472	0.4141	0.9753	2.467
473	0.4195	0.9735	2.651
474	0.4221	0.9722	2.778
475	0.4218	0.9726	2.745
476	0.4179	0.9741	2.593
477	0.4222	0.9722	2.785
478	0.4201	0.9733	2.669
479	0.4206	0.9729	2.714
480	0.4214	0.9728	2.716
481	0.4197	0.9729	2.707
482	0.4212	0.9727	2.729
483	0.4230	0.9719	2.811
484	0.4161	0.9752	2.482
485	0.4173	0.9740	2.602
486	0.4215	0.9727	2.726
487	0.4087	0.9778	2.216
488	0.4224	0.9722	2.779
489	0.4156	0.9747	2.529
490	0.4174	0.9745	2.552
491	0.4198	0.9734	2.659
492	0.4210	0.9722	2.783
493	0.4198	0.9732	2.683
494	0.4231	0.9718	2.825
495	0.4213	0.9728	2.717
496	0.4203	0.9730	2.701
497	0.4180	0.9738	2.616
498	0.4183	0.9737	2.627
499	0.4230	0.9717	2.833
500	0.4123	0.9764	2.356
501	0.4172	0.9748	2.521
502	0.4215	0.9728	2.718
503	0.4221	0.9724	2.762
504	0.4154	0.9748	2.519
505	0.4208	0.9730	2.703
506	0.4204	0.9730	2.702
507	0.4064	0.9796	2.041
508	0.4214	0.9727	2.729
509	0.4193	0.9732	2.684
510	0.4066	0.9794	2.063
511	0.4224	0.9719	2.809
512	0.4190	0.9734	2.657
513	0.4203	0.9732	2.676
514	0.4103	0.9774	2.262
515	0.4090	0.9783	2.169
516	0.4157	0.9752	2.485
517	0.4186	0.9735	2.654
518	0.4179	0.9739	2.613
519	0.4141	0.9753	2.470
520	0.4194	0.9731	2.686
521	0.4160	0.9746	2.536
522	0.4206	0.9729	2.706
523	0.4220	0.9723	2.766
524	0.4204	0.9732	2.679
525	0.4047	0.9801	1.988
526	0.4218	0.9723	2.771
527	0.4209	0.9729	2.714
528	0.4187	0.9735	2.655
529	0.4240	0.9711	2.891
530	0.4206	0.9727	2.732
531	0.4223	0.9720	2.796
532	0.4222	0.9722	2.782
533	0.4203	0.9728	2.724
534	0.4227	0.9723	2.768
535	0.4207	0.9724	2.764
536	0.4214	0.9725	2.753
537	0.4169	0.9745	2.548
538	0.4165	0.9742	2.576
539	0.4193	0.9734	2.664
540	0.4201	0.9731	2.688
541	0.4197	0.9729	2.711
542	0.4228	0.9717	2.831
543	0.4232	0.9717	2.828
544	0.4201	0.9730	2.697
545	0.4152	0.9749	2.509
546	0.4198	0.9728	2.718
547	0.4195	0.9734	2.658
548	0.4124	0.9760	2.398
549	0.4227	0.9724	2.758
550	0.4159	0.9748	2.524
551	0.4205	0.9729	2.713
552	0.4191	0.9738	2.619
553	0.4236	0.9716	2.838
554	0.4194	0.9734	2.659
555	0.4169	0.9741	2.585
556	0.4202	0.9734	2.659
557	0.4217	0.9726	2.738
558	0.4215	0.9726	2.738
559	0.4077	0.9785	2.152
560	0.4215	0.9722	2.782
561	0.4190	0.9738	2.619
562	0.4230	0.9719	2.811
563	0.4215	0.9722	2.778
564	0.4214	0.9725	2.752
565	0.4194	0.9734	2.656
566	0.4214	0.9726	2.739
567	0.4203	0.9727	2.726
568	0.4157	0.9752	2.485
569	0.4228	0.9717	2.831
570	0.4219	0.9724	2.763
571	0.4178	0.9739	2.614
572	0.4215	0.9725	2.747
573	0.4203	0.9730	2.700
574	0.4160	0.9747	2.534
575	0.4208	0.9730	2.704
576	0.4204	0.9732	2.679
577	0.4172	0.9748	2.522
578	0.4218	0.9723	2.766
579	0.4196	0.9729	2.705
580	0.4217	0.9726	2.737
581	0.4046	0.9801	1.985
582	0.4192	0.9732	2.684
583	0.4161	0.9752	2.482
584	0.4178	0.9741	2.594
585	0.4179	0.9738	2.619
586	0.4169	0.9742	2.585
587	0.4223	0.9722	2.778
588	0.4153	0.9748	2.518
589	0.4193	0.9731	2.687
590	0.4221	0.9724	2.762
591	0.4205	0.9727	2.730
592	0.4202	0.9732	2.676
593	0.4174	0.9745	2.554
594	0.4204	0.9730	2.704
595	0.4172	0.9740	2.600
596	0.4197	0.9732	2.684
597	0.4220	0.9722	2.778
598	0.4219	0.9722	2.783
599	0.4226	0.9723	2.766
600	0.4193	0.9734	2.663
601	0.4211	0.9727	2.728
602	0.4063	0.9794	2.058
603	0.4198	0.9729	2.714
604	0.4229	0.9717	2.832
605	0.4206	0.9724	2.765
606	0.4223	0.9719	2.809
607	0.4077	0.9785	2.150
608	0.4212	0.9728	2.719
609	0.4089	0.9783	2.168
610	0.4190	0.9734	2.656
611	0.4186	0.9735	2.655
612	0.4201	0.9734	2.657
613	0.4214	0.9727	2.727
614	0.4169	0.9746	2.545
615	0.4205	0.9730	2.703
616	0.4155	0.9747	2.531
617	0.4194	0.9735	2.650
618	0.4065	0.9794	2.063
619	0.4185	0.9734	2.656
620	0.4213	0.9727	2.731
621	0.4102	0.9774	2.262
622	0.4205	0.9729	2.715
623	0.4153	0.9749	2.515
624	0.4182	0.9737	2.628
625	0.4145	0.9755	2.450
626	0.4064	0.9791	2.087
627	0.4222	0.9722	2.782
628	0.4151	0.9749	2.509
629	0.4197	0.9734	2.663
630	0.4167	0.9746	2.542
631	0.4240	0.9711	2.891
632	0.4202	0.9729	2.705
633	0.4200	0.9731	2.687
634	0.4140	0.9753	2.470
635	0.4194	0.9734	2.658
636	0.4211	0.9723	2.766
637	0.4231	0.9717	2.828
638	0.4124	0.9760	2.398
639	0.4208	0.9729	2.712
640	0.4170	0.9746	2.542
641	0.4063	0.9796	2.043
642	0.4164	0.9742	2.576
643	0.4214	0.9728	2.723
644	0.4209	0.9721	2.788
645	0.4221	0.9721	2.788
646	0.4085	0.9778	2.217
647	0.4214	0.9726	2.736
648	0.4139	0.9753	2.469
649	0.4122	0.9764	2.356
650	0.4199	0.9733	2.673
651	0.4230	0.9717	2.827
652	0.4236	0.9716	2.841
653	0.4216	0.9726	2.743
654	0.4200	0.9730	2.696
655	0.4226	0.9724	2.758
656	0.4222	0.9720	2.795
657	0.4204	0.9729	2.713
658	0.4213	0.9728	2.718
659	0.4196	0.9729	2.706
660	0.4180	0.9739	2.610
661	0.4158	0.9748	2.522
662	0.4231	0.9717	2.827
663	0.4159	0.9746	2.536
664	0.4220	0.9724	2.762
665	0.4214	0.9728	2.720
666	0.4155	0.9747	2.529
667	0.4122	0.9764	2.356
668	0.4200	0.9730	2.696
669	0.4194	0.9734	2.656
670	0.4230	0.9717	2.827
671	0.4123	0.9760	2.398
672	0.4076	0.9785	2.152
673	0.4168	0.9741	2.587
674	0.4197	0.9731	2.685
675	0.4152	0.9748	2.518
676	0.4064	0.9794	2.065
677	0.4170	0.9746	2.543
678	0.4167	0.9746	2.541
679	0.4151	0.9749	2.511
680	0.4190	0.9738	2.620
681	0.4205	0.9727	2.730
682	0.4160	0.9751	2.485
683	0.4158	0.9748	2.523
684	0.4221	0.9722	2.782
685	0.4177	0.9740	2.601
686	0.4180	0.9739	2.610
687	0.4208	0.9729	2.713
688	0.4164	0.9742	2.575
689	0.4223	0.9719	2.809
690	0.4189	0.9735	2.654
691	0.4203	0.9729	2.713
692	0.4217	0.9723	2.770
693	0.4191	0.9731	2.686
694	0.4235	0.9716	2.839
695	0.4222	0.9722	2.782
696	0.4218	0.9723	2.766
697	0.4193	0.9734	2.658
698	0.4227	0.9717	2.831
699	0.4195	0.9729	2.706
700	0.4213	0.9726	2.738
701	0.4196	0.9734	2.663
702	0.4139	0.9753	2.469
703	0.4182	0.9737	2.628
704	0.4201	0.9733	2.673
705	0.4210	0.9723	2.769
706	0.4168	0.9745	2.550
707	0.4228	0.9716	2.839
708	0.4152	0.9748	2.519
709	0.4205	0.9723	2.766
710	0.4213	0.9725	2.746
711	0.4088	0.9783	2.171
712	0.4101	0.9774	2.259
713	0.4204	0.9729	2.705
714	0.4221	0.9720	2.795
715	0.4192	0.9731	2.686
716	0.4239	0.9711	2.890
717	0.4085	0.9778	2.218
718	0.4211	0.9728	2.721
719	0.4173	0.9744	2.555
720	0.4213	0.9726	2.737
721	0.4216	0.9727	2.734
722	0.4207	0.9729	2.708
723	0.4200	0.9731	2.689
724	0.4170	0.9748	2.524
725	0.4202	0.9730	2.701
726	0.4201	0.9730	2.705
727	0.4045	0.9801	1.988
728	0.4204	0.9729	2.714
729	0.4219	0.9722	2.781
730	0.4214	0.9722	2.779
731	0.4216	0.9726	2.744
732	0.4202	0.9730	2.704
733	0.4185	0.9735	2.654
734	0.4062	0.9796	2.043
735	0.4063	0.9791	2.087
736	0.4228	0.9719	2.811
737	0.4220	0.9721	2.786
738	0.4195	0.9729	2.712
739	0.4210	0.9727	2.733
740	0.4155	0.9751	2.485
741	0.4139	0.9753	2.470
742	0.4199	0.9733	2.673
743	0.4212	0.9728	2.718
744	0.4197	0.9728	2.718
745	0.4178	0.9738	2.616
746	0.4193	0.9735	2.651
747	0.4144	0.9755	2.449
748	0.4201	0.9727	2.725
749	0.4170	0.9740	2.598
750	0.4218	0.9722	2.782
751	0.4200	0.9734	2.659
752	0.4184	0.9734	2.656
753	0.4191	0.9734	2.663
754	0.4225	0.9723	2.768
755	0.4177	0.9739	2.614
756	0.4208	0.9721	2.786
757	0.4202	0.9732	2.680
758	0.4225	0.9724	2.757
759	0.4213	0.9727	2.726
760	0.4061	0.9794	2.059
761	0.4212	0.9727	2.731
762	0.4212	0.9725	2.751
763	0.4144	0.9755	2.449
764	0.4220	0.9722	2.780
765	0.4238	0.9711	2.891
766	0.4177	0.9739	2.614
767	0.4158	0.9747	2.533
768	0.4219	0.9724	2.763
769	0.4216	0.9723	2.767
770	0.4172	0.9745	2.553
771	0.4218	0.9722	2.780
772	0.4139	0.9753	2.471
773	0.4189	0.9738	2.620
774	0.4202	0.9730	2.702
775	0.4193	0.9735	2.650
776	0.4193	0.9735	2.654
777	0.4045	0.9801	1.986
778	0.4063	0.9791	2.086
779	0.4212	0.9727	2.733
780	0.4163	0.9742	2.577
781	0.4166	0.9746	2.542
782	0.4213	0.9726	2.738
783	0.4204	0.9729	2.714
784	0.4075	0.9785	2.152
785	0.4219	0.9722	2.779
786	0.4215	0.9726	2.743
787	0.4204	0.9727	2.731
788	0.4222	0.9719	2.808
789	0.4184	0.9734	2.659
790	0.4192	0.9732	2.685
791	0.4200	0.9734	2.656
792	0.4178	0.9738	2.618
793	0.4181	0.9737	2.626
794	0.4191	0.9734	2.663
795	0.4202	0.9729	2.708
796	0.4213	0.9725	2.747
797	0.4167	0.9742	2.584
798	0.4201	0.9728	2.724
799	0.4101	0.9774	2.260
800	0.4211	0.9728	2.715
801	0.4204	0.9730	2.703
802	0.4224	0.9724	2.756
803	0.4221	0.9722	2.779
804	0.4151	0.9748	2.520
805	0.4138	0.9753	2.467
806	0.4169	0.9746	2.541
807	0.4170	0.9740	2.600
808	0.4206	0.9730	2.702
809	0.4209	0.9723	2.768
810	0.4234	0.9716	2.835
811	0.4159	0.9752	2.482
812	0.4192	0.9735	2.652
813	0.4188	0.9734	2.658
814	0.4215	0.9726	2.736
815	0.4201	0.9730	2.698
816	0.4196	0.9729	2.714
817	0.4062	0.9796	2.041
818	0.4195	0.9732	2.684
819	0.4210	0.9728	2.719
820	0.4217	0.9723	2.766
821	0.4204	0.9724	2.765
822	0.4213	0.9723	2.774
823	0.4167	0.9746	2.542
824	0.4061	0.9794	2.058
825	0.4153	0.9747	2.531
826	0.4202	0.9732	2.679
827	0.4087	0.9783	2.168
828	0.4227	0.9716	2.835
829	0.4208	0.9721	2.787
830	0.4212	0.9727	2.728
831	0.4220	0.9721	2.793
832	0.4212	0.9728	2.717
833	0.4169	0.9748	2.522
834	0.4194	0.9729	2.705
835	0.4063	0.9794	2.063
836	0.4195	0.9734	2.661
837	0.4209	0.9727	2.730
838	0.4184	0.9734	2.655
839	0.4157	0.9748	2.523
840	0.4199	0.9731	2.688
841	0.4200	0.9732	2.675
842	0.4122	0.9760	2.398
843	0.4198	0.9733	2.673
844	0.4084	0.9778	2.216
845	0.4154	0.9751	2.485
846	0.4176	0.9740	2.596
847	0.4149	0.9749	2.508
848	0.4227	0.9719	2.811
849	0.4211	0.9727	2.730
850	0.4230	0.9717	2.828
851	0.4198	0.9730	2.696
852	0.4212	0.9725	2.753
853	0.4200	0.9729	2.705
854	0.4226	0.9717	2.831
855	0.4178	0.9739	2.610
856	0.4206	0.9729	2.712
857	0.4194	0.9729	2.708
858	0.4120	0.9764	2.356
859	0.4224	0.9723	2.768
860	0.4228	0.9717	2.826
861	0.4151	0.9749	2.515
862	0.4219	0.9722	2.785
863	0.4190	0.9732	2.685
864	0.4198	0.9733	2.672
865	0.4187	0.9734	2.656
866	0.4209	0.9727	2.731
867	0.4154	0.9752	2.485
868	0.4207	0.9721	2.786
869	0.4156	0.9748	2.523
870	0.4212	0.9725	2.747
871	0.4224	0.9724	2.757
872	0.4209	0.9723	2.767
873	0.4212	0.9727	2.726
874	0.4150	0.9748	2.516
875	0.4122	0.9760	2.400
876	0.4120	0.9764	2.356
877	0.4215	0.9725	2.745
878	0.4229	0.9717	2.828
879	0.4217	0.9724	2.763
880	0.4203	0.9729	2.715
881	0.4192	0.9734	2.655
882	0.4194	0.9729	2.707
883	0.4061	0.9796	2.043
884	0.4157	0.9747	2.535
885	0.4191	0.9731	2.685
886	0.4062	0.9791	2.087
887	0.4210	0.9728	2.720
888	0.4203	0.9729	2.705
889	0.4198	0.9730	2.697
890	0.4044	0.9801	1.988
891	0.4225	0.9717	2.830
892	0.4177	0.9738	2.617
893	0.4237	0.9711	2.891
894	0.4195	0.9728	2.719
895	0.4218	0.9724	2.762
896	0.4183	0.9734	2.655
897	0.4205	0.9729	2.707
898	0.4083	0.9778	2.216
899	0.4224	0.9723	2.767
900	0.4166	0.9745	2.549
901	0.4200	0.9728	2.724
902	0.4220	0.9721	2.794
903	0.4221	0.9719	2.810
904	0.4206	0.9729	2.711
905	0.4199	0.9733	2.674
906	0.4215	0.9723	2.769
907	0.4200	0.9729	2.706
908	0.4227	0.9716	2.839
909	0.4202	0.9729	2.713
910	0.4198	0.9731	2.687
911	0.4219	0.9722	2.782
912	0.4158	0.9752	2.482
913	0.4217	0.9722	2.781
914	0.4142	0.9755	2.449
915	0.4150	0.9748	2.519
916	0.4175	0.9741	2.594
917	0.4187	0.9738	2.617
918	0.4149	0.9749	2.508
919	0.4168	0.9746	2.542
920	0.4204	0.9724	2.764
921	0.4212	0.9728	2.719
922	0.4189	0.9732	2.683
923	0.4171	0.9745	2.554
924	0.4211	0.9727	2.734
925	0.4212	0.9723	2.775
926	0.4180	0.9737	2.628
927	0.4201	0.9730	2.704
928	0.4137	0.9753	2.467
929	0.4100	0.9774	2.261
930	0.4169	0.9748	2.524
931	0.4201	0.9732	2.680
932	0.4191	0.9735	2.651
933	0.4227	0.9719	2.812
934	0.4162	0.9742	2.577
935	0.4165	0.9746	2.543
936	0.4199	0.9734	2.656
937	0.4086	0.9783	2.168
938	0.4137	0.9753	2.469
939	0.4060	0.9794	2.063
940	0.4190	0.9734	2.664
941	0.4203	0.9727	2.730
942	0.4194	0.9734	2.662
943	0.4178	0.9739	2.609
944	0.4062	0.9794	2.064
945	0.4233	0.9716	2.839
946	0.4211	0.9725	2.755
947	0.4183	0.9735	2.653
948	0.4194	0.9732	2.684
949	0.4218	0.9721	2.787
950	0.4191	0.9734	2.658
951	0.4217	0.9722	2.781
952	0.4175	0.9739	2.613
953	0.4200	0.9730	2.700
954	0.4214	0.9726	2.738
955	0.4210	0.9727	2.731
956	0.4211	0.9726	2.738
957	0.4227	0.9717	2.827
958	0.4220	0.9722	2.778
959	0.4193	0.9729	2.708
960	0.4169	0.9740	2.600
961	0.4074	0.9785	2.152
962	0.4210	0.9728	2.718
963	0.4166	0.9741	2.585
964	0.4152	0.9747	2.530
965	0.4190	0.9731	2.685
966	0.4223	0.9723	2.768
967	0.4099	0.9774	2.260
968	0.4205	0.9729	2.705
969	0.4043	0.9801	1.989
970	0.4199	0.9730	2.705
971	0.4169	0.9740	2.597
972	0.4223	0.9724	2.758
973	0.4210	0.9728	2.718
974	0.4211	0.9726	2.738
975	0.4183	0.9735	2.654
976	0.4156	0.9747	2.534
977	0.4195	0.9728	2.719
978	0.4219	0.9721	2.792
979	0.4152	0.9747	2.529
980	0.4191	0.9734	2.658
981	0.4209	0.9728	2.720
982	0.4216	0.9723	2.765
983	0.4203	0.9724	2.763
984	0.4216	0.9722	2.782
985	0.4226	0.9719	2.812
986	0.4200	0.9730	2.700
987	0.4214	0.9726	2.744
988	0.4161	0.9742	2.578
989	0.4193	0.9729	2.708
990	0.4197	0.9731	2.688
991	0.4191	0.9735	2.651
992	0.4226	0.9716	2.835
993	0.4194	0.9734	2.660
994	0.4208	0.9727	2.730
995	0.4211	0.9727	2.726
996	0.4059	0.9794	2.059
997	0.4061	0.9791	2.087
998	0.4217	0.9722	2.779
999	0.4177	0.9739	2.609
1000	0.4082	0.9778	2.215
1001	0.4155	0.9748	2.523
1002	0.4136	0.9753	2.467
1003	0.4202	0.9729	2.714
1004	0.4119	0.9764	2.356
1005	0.4227	0.9717	2.826
1006	0.4168	0.9748	2.523
1007	0.4210	0.9727	2.731
1008	0.4206	0.9721	2.786
1009	0.4186	0.9734	2.656
1010	0.4200	0.9732	2.680
1011	0.4194	0.9732	2.684
1012	0.4211	0.9728	2.717
1013	0.4220	0.9722	2.778
1014	0.4086	0.9783	2.169
1015	0.4170	0.9744	2.555
1016	0.4193	0.9729	2.706
1017	0.4218	0.9722	2.782
1018	0.4165	0.9745	2.546
1019	0.4150	0.9748	2.519
1020	0.4210	0.9727	2.734
1021	0.4176	0.9738	2.617
1022	0.4211	0.9725	2.747
1023	0.4202	0.9730	2.703
1024	0.4196	0.9733	2.669
1025	0.4224	0.9717	2.832
1026	0.4060	0.9796	2.043
1027	0.4198	0.9732	2.675
1028	0.4205	0.9729	2.712
1029	0.4198	0.9734	2.659
1030	0.4188	0.9732	2.683
1031	0.4149	0.9749	2.515
1032	0.4174	0.9741	2.594
1033	0.4191	0.9734	2.658
1034	0.4201	0.9729	2.712
1035	0.4073	0.9785	2.151
1036	0.4186	0.9738	2.619
1037	0.4211	0.9722	2.778
1038	0.4232	0.9716	2.838
1039	0.4141	0.9755	2.450
1040	0.4189	0.9734	2.664
1041	0.4179	0.9737	2.628
1042	0.4202	0.9727	2.730
1043	0.4120	0.9760	2.400
1044	0.4174	0.9739	2.614
1045	0.4213	0.9726	2.739
1046	0.4157	0.9752	2.480
1047	0.4210	0.9725	2.753
1048	0.4200	0.9730	2.704
1049	0.4217	0.9721	2.785
1050	0.4182	0.9734	2.655
1051	0.4164	0.9746	2.542
1052	0.4228	0.9717	2.829
1053	0.4153	0.9752	2.485
1054	0.4167	0.9746	2.541
1055	0.4136	0.9753	2.471
1056	0.4061	0.9794	2.064
1057	0.4199	0.9727	2.726
1058	0.4217	0.9724	2.763
1059	0.4214	0.9723	2.767
1060	0.4165	0.9741	2.585
1061	0.4148	0.9749	2.509
1062	0.4207	0.9723	2.766
1063	0.4236	0.9711	2.890
1064	0.4196	0.9730	2.696
1065	0.4220	0.9719	2.809
1066	0.4061	0.9794	2.064
1067	0.4168	0.9748	2.524
1068	0.4209	0.9727	2.730
1069	0.4217	0.9722	2.784
1070	0.4164	0.9746	2.542
1071	0.4186	0.9734	2.656
1072	0.4177	0.9739	2.610
1073	0.4210	0.9727	2.728
1074	0.4210	0.9727	2.734
1075	0.4204	0.9730	2.703
1076	0.4136	0.9753	2.471
1077	0.4136	0.9753	2.467
1078	0.4200	0.9730	2.704
1079	0.4155	0.9747	2.534
1080	0.4098	0.9774	2.261
1081	0.4198	0.9733	2.675
1082	0.4188	0.9731	2.685
1083	0.4165	0.9745	2.549
1084	0.4192	0.9729	2.706
1085	0.4120	0.9760	2.398
1086	0.4219	0.9722	2.782
1087	0.4165	0.9741	2.586
1088	0.4213	0.9726	2.745
1089	0.4210	0.9725	2.755
1090	0.4200	0.9729	2.713
1091	0.4169	0.9745	2.553
1092	0.4196	0.9731	2.687
1093	0.4201	0.9729	2.714
1094	0.4189	0.9731	2.686
1095	0.4190	0.9734	2.657
1096	0.4147	0.9749	2.507
1097	0.4224	0.9717	2.831
1098	0.4042	0.9801	1.988
1099	0.4156	0.9752	2.482
1100	0.4226	0.9718	2.824
1101	0.4167	0.9740	2.598
1102	0.4189	0.9734	2.663
1103	0.4214	0.9723	2.767
1104	0.4202	0.9724	2.763
1105	0.4212	0.9726	2.737
1106	0.4218	0.9722	2.780
1107	0.4149	0.9748	2.519
1108	0.4219	0.9719	2.808
1109	0.4151	0.9747	2.531
1110	0.4174	0.9741	2.594
1111	0.4060	0.9791	2.087
1112	0.4208	0.9728	2.719
1113	0.4225	0.9719	2.813
1114	0.4209	0.9728	2.717
1115	0.4210	0.9725	2.748
1116	0.4186	0.9738	2.620
1117	0.4193	0.9734	2.660
1118	0.4210	0.9722	2.775
1119	0.4059	0.9796	2.042
1120	0.4201	0.9727	2.730
1121	0.4199	0.9732	2.679
1122	0.4222	0.9724	2.757
1123	0.4073	0.9785	2.151
1124	0.4227	0.9717	2.827
1125	0.4201	0.9730	2.703
1126	0.4197	0.9734	2.657
1127	0.4215	0.9722	2.781
1128	0.4190	0.9735	2.649
1129	0.4196	0.9731	2.694
1130	0.4152	0.9752	2.484
1131	0.4218	0.9721	2.795
1132	0.4207	0.9723	2.767
1133	0.4194	0.9728	2.716
1134	0.4216	0.9722	2.779
1135	0.4181	0.9734	2.658
1136	0.4193	0.9732	2.682
1137	0.4235	0.9711	2.892
1138	0.4205	0.9722	2.782
1139	0.4148	0.9749	2.515
1140	0.4198	0.9728	2.724
1141	0.4190	0.9735	2.652
1142	0.4225	0.9717	2.834
1143	0.4085	0.9783	2.168
1144	0.4081	0.9779	2.215
1145	0.4166	0.9746	2.540
1146	0.4058	0.9794	2.060
1147	0.4216	0.9724	2.763
1148	0.4210	0.9726	2.738
1149	0.4222	0.9723	2.768
1150	0.4192	0.9729	2.709
1151	0.4231	0.9716	2.837
1152	0.4154	0.9748	2.523
1153	0.4207	0.9727	2.730
1154	0.4118	0.9764	2.356
1155	0.4160	0.9742	2.576
1156	0.4182	0.9735	2.653
1157	0.4210	0.9728	2.719
1158	0.4178	0.9737	2.628
1159	0.4174	0.9739	2.613
1160	0.4175	0.9738	2.616
1161	0.4204	0.9729	2.712
1162	0.4214	0.9723	2.765
1163	0.4195	0.9733	2.672
1164	0.4198	0.9729	2.706
1165	0.4140	0.9755	2.450
1166	0.4198	0.9730	2.701
1167	0.4119	0.9760	2.398
1168	0.4173	0.9739	2.613
1169	0.4140	0.9755	2.449
1170	0.4163	0.9746	2.541
1171	0.4189	0.9734	2.657
1172	0.4148	0.9748	2.519
1173	0.4225	0.9719	2.811
1174	0.4176	0.9739	2.609
1175	0.4181	0.9734	2.655
1176	0.4147	0.9749	2.509
1177	0.4192	0.9734	2.664
1178	0.4185	0.9738	2.618
1179	0.4117	0.9764	2.356
1180	0.4159	0.9743	2.574
1181	0.4135	0.9753	2.470
1182	0.4214	0.9722	2.783
1183	0.4174	0.9738	2.618
1184	0.4193	0.9728	2.717
1185	0.4212	0.9727	2.735
1186	0.4164	0.9741	2.587
1187	0.4199	0.9732	2.680
1188	0.4156	0.9752	2.484
1189	0.4164	0.9745	2.550
1190	0.4195	0.9733	2.672
1191	0.4206	0.9727	2.734
1192	0.4135	0.9753	2.468
1193	0.4205	0.9721	2.788
1194	0.4207	0.9728	2.721
1195	0.4181	0.9735	2.653
1196	0.4188	0.9734	2.664
1197	0.4200	0.9727	2.730
1198	0.4209	0.9725	2.745
1199	0.4177	0.9737	2.628
1200	0.4209	0.9726	2.735
1201	0.4081	0.9778	2.216
1202	0.4197	0.9734	2.658
1203	0.4217	0.9721	2.793
1204	0.4197	0.9730	2.705
1205	0.4209	0.9727	2.729
1206	0.4217	0.9722	2.781
1207	0.4148	0.9748	2.515
1208	0.4060	0.9794	2.064
1209	0.4203	0.9729	2.706
1210	0.4208	0.9727	2.730
1211	0.4166	0.9746	2.541
1212	0.4168	0.9745	2.555
1213	0.4097	0.9774	2.260
1214	0.4231	0.9716	2.837
1215	0.4195	0.9730	2.697
1216	0.4154	0.9746	2.535
1217	0.4209	0.9726	2.738
1218	0.4199	0.9729	2.712
1219	0.4200	0.9729	2.714
1220	0.4151	0.9752	2.484
1221	0.4235	0.9711	2.891
1222	0.4198	0.9730	2.704
1223	0.4166	0.9740	2.598
1224	0.4057	0.9794	2.063
1225	0.4201	0.9724	2.765
1226	0.4084	0.9783	2.171
1227	0.4191	0.9729	2.714
1228	0.4227	0.9717	2.830
1229	0.4189	0.9734	2.655
1230	0.4221	0.9724	2.759
1231	0.4215	0.9722	2.781
1232	0.4218	0.9719	2.809
1233	0.4203	0.9729	2.712
1234	0.4206	0.9723	2.766
1235	0.4191	0.9729	2.707
1236	0.4173	0.9740	2.596
1237	0.4059	0.9791	2.087
1238	0.4222	0.9717	2.830
1239	0.4225	0.9718	2.825
1240	0.4153	0.9748	2.522
1241	0.4216	0.9721	2.786
1242	0.4200	0.9730	2.705
1243	0.4209	0.9728	2.719
1244	0.4041	0.9801	1.989
1245	0.4071	0.9785	2.151
1246	0.4196	0.9733	2.672
1247	0.4187	0.9732	2.685
1248	0.4189	0.9735	2.650
1249	0.4195	0.9731	2.690
1250	0.4224	0.9716	2.839
1251	0.4058	0.9796	2.042
1252	0.4215	0.9724	2.763
1253	0.4208	0.9728	2.718
1254	0.4197	0.9728	2.725
1255	0.4214	0.9723	2.765
1256	0.4197	0.9730	2.701
1257	0.4211	0.9726	2.744
1258	0.4208	0.9725	2.755
1259	0.4209	0.9722	2.778
1260	0.4184	0.9734	2.655
1261	0.4166	0.9748	2.524
1262	0.4192	0.9732	2.684
1263	0.4212	0.9723	2.767
1264	0.4221	0.9723	2.768
1265	0.4150	0.9747	2.529
1266	0.4188	0.9731	2.685
1267	0.4217	0.9722	2.779
1268	0.4215	0.9724	2.762
1269	0.4147	0.9748	2.519
1270	0.4209	0.9728	2.719
1271	0.4166	0.9748	2.524
1272	0.4186	0.9732	2.682
1273	0.4209	0.9725	2.748
1274	0.4153	0.9748	2.522
1275	0.4215	0.9722	2.784
1276	0.4208	0.9726	2.736
1277	0.4080	0.9779	2.215
1278	0.4165	0.9746	2.542
1279	0.4224	0.9719	2.811
1280	0.4222	0.9717	2.829
1281	0.4117	0.9764	2.355
1282	0.4191	0.9729	2.706
1283	0.4234	0.9711	2.891
1284	0.4195	0.9731	2.688
1285	0.4207	0.9728	2.717
1286	0.4211	0.9726	2.739
1287	0.4209	0.9722	2.778
1288	0.4187	0.9732	2.685
1289	0.4225	0.9717	2.826
1290	0.4097	0.9774	2.260
1291	0.4184	0.9734	2.656
1292	0.4153	0.9747	2.534
1293	0.4208	0.9725	2.754
1294	0.4083	0.9783	2.171
1295	0.4198	0.9730	2.704
1296	0.4208	0.9727	2.728
1297	0.4059	0.9794	2.064
1298	0.4217	0.9722	2.782
1299	0.4147	0.9749	2.514
1300	0.4172	0.9739	2.614
1301	0.4179	0.9734	2.655
1302	0.4192	0.9728	2.717
1303	0.4211	0.9725	2.747
1304	0.4216	0.9721	2.793
1305	0.4196	0.9729	2.706
1306	0.4057	0.9796	2.043
1307	0.4191	0.9734	2.664
1308	0.4194	0.9733	2.674
1309	0.4196	0.9733	2.671
1310	0.4206	0.9728	2.721
1311	0.4188	0.9735	2.645
1312	0.4207	0.9727	2.733
1313	0.4163	0.9741	2.587
1314	0.4218	0.9719	2.809
1315	0.4205	0.9726	2.737
1316	0.4145	0.9749	2.509
1317	0.4216	0.9722	2.782
1318	0.4150	0.9752	2.484
1319	0.4204	0.9721	2.790
1320	0.4199	0.9729	2.712
1321	0.4202	0.9729	2.707
1322	0.4230	0.9716	2.840
1323	0.4199	0.9729	2.706
1324	0.4188	0.9734	2.657
1325	0.4213	0.9724	2.764
1326	0.4071	0.9785	2.151
1327	0.4176	0.9737	2.628
1328	0.4058	0.9791	2.088
1329	0.4194	0.9730	2.696
1330	0.4158	0.9743	2.575
1331	0.4118	0.9760	2.398
1332	0.4205	0.9723	2.769
1333	0.4202	0.9728	2.715
1334	0.4056	0.9794	2.063
1335	0.4134	0.9753	2.470
1336	0.4162	0.9746	2.541
1337	0.4133	0.9753	2.469
1338	0.4180	0.9735	2.653
1339	0.4040	0.9801	1.988
1340	0.4191	0.9732	2.684
1341	0.4163	0.9745	2.552
1342	0.4154	0.9752	2.485
1343	0.4197	0.9730	2.702
1344	0.4223	0.9716	2.840
1345	0.4149	0.9747	2.529
1346	0.4220	0.9723	2.766
1347	0.4226	0.9717	2.832
1348	0.4174	0.9739	2.609
1349	0.4188	0.9734	2.655
1350	0.4186	0.9734	2.664
1351	0.4195	0.9734	2.658
1352	0.4213	0.9722	2.784
1353	0.4208	0.9726	2.737
1354	0.4198	0.9729	2.713
1355	0.4165	0.9740	2.597
1356	0.4173	0.9738	2.616
1357	0.4139	0.9755	2.449
1358	0.4167	0.9745	2.554
1359	0.4200	0.9724	2.764
1360	0.4196	0.9728	2.724
1361	0.4172	0.9740	2.596
1362	0.4220	0.9724	2.758
1363	0.4190	0.9729	2.710
1364	0.4197	0.9732	2.680
1365	0.4214	0.9722	2.779
1366	0.4211	0.9723	2.766
1367	0.4199	0.9727	2.730
1368	0.4184	0.9738	2.619
1369	0.4162	0.9742	2.585
1370	0.4133	0.9753	2.467
1371	0.4179	0.9734	2.657
1372	0.4202	0.9729	2.712
1373	0.4186	0.9734	2.663
1374	0.4194	0.9731	2.689
1375	0.4221	0.9717	2.831
1376	0.4153	0.9747	2.533
1377	0.4139	0.9755	2.449
1378	0.4208	0.9722	2.775
1379	0.4171	0.9741	2.592
1380	0.4213	0.9724	2.763
1381	0.4197	0.9730	2.703
1382	0.4216	0.9722	2.777
1383	0.4096	0.9774	2.259
1384	0.4199	0.9727	2.730
1385	0.4185	0.9732	2.684
1386	0.4208	0.9725	2.748
1387	0.4152	0.9748	2.523
1388	0.4229	0.9716	2.837
1389	0.4213	0.9722	2.781
1390	0.4196	0.9728	2.724
1391	0.4176	0.9737	2.627
1392	0.4211	0.9723	2.766
1393	0.4165	0.9748	2.520
1394	0.4059	0.9794	2.064
1395	0.4057	0.9796	2.042
1396	0.4206	0.9728	2.717
1397	0.4183	0.9734	2.657
1398	0.4056	0.9794	2.059
1399	0.4190	0.9729	2.707
1400	0.4146	0.9749	2.515
1401	0.4039	0.9801	1.988
1402	0.4217	0.9719	2.809
1403	0.4203	0.9721	2.786
1404	0.4193	0.9733	2.672
1405	0.4150	0.9752	2.484
1406	0.4208	0.9728	2.719
1407	0.4189	0.9729	2.711
1408	0.4205	0.9727	2.730
1409	0.4116	0.9765	2.354
1410	0.4200	0.9724	2.764
1411	0.4187	0.9735	2.651
1412	0.4214	0.9724	2.762
1413	0.4207	0.9726	2.735
1414	0.4082	0.9783	2.170
1415	0.4195	0.9729	2.707
1416	0.4210	0.9726	2.744
1417	0.4199	0.9729	2.705
1418	0.4197	0.9732	2.680
1419	0.4197	0.9729	2.713
1420	0.4190	0.9732	2.683
1421	0.4167	0.9745	2.554
1422	0.4146	0.9748	2.519
1423	0.4187	0.9734	2.655
1424	0.4133	0.9753	2.470
1425	0.4214	0.9721	2.787
1426	0.4179	0.9735	2.653
1427	0.4207	0.9727	2.729
1428	0.4183	0.9738	2.619
1429	0.4154	0.9752	2.481
1430	0.4157	0.9742	2.576
1431	0.4171	0.9739	2.614
1432	0.4204	0.9723	2.765
1433	0.4210	0.9726	2.739
1434	0.4195	0.9733	2.674
1435	0.4225	0.9717	2.827
1436	0.4223	0.9717	2.825
1437	0.4222	0.9716	2.837
1438	0.4162	0.9745	2.546
1439	0.4079	0.9779	2.215
1440	0.4187	0.9734	2.658
1441	0.4161	0.9746	2.541
1442	0.4222	0.9719	2.811
1443	0.4148	0.9747	2.529
1444	0.4215	0.9722	2.780
1445	0.4057	0.9791	2.087
1446	0.4207	0.9726	2.738
1447	0.4207	0.9725	2.752
1448	0.4213	0.9722	2.780
1449	0.4117	0.9760	2.401
1450	0.4215	0.9721	2.791
1451	0.4190	0.9734	2.662
1452	0.4165	0.9740	2.599
1453	0.4194	0.9734	2.656
1454	0.4164	0.9746	2.541
1455	0.4233	0.9711	2.890
1456	0.4205	0.9728	2.718
1457	0.4219	0.9723	2.768
1458	0.4193	0.9730	2.697
1459	0.4206	0.9727	2.729
1460	0.4172	0.9738	2.618
1461	0.4196	0.9730	2.700
1462	0.4173	0.9739	2.607
1463	0.4219	0.9724	2.757
1464	0.4186	0.9731	2.685
1465	0.4200	0.9730	2.701
1466	0.4144	0.9749	2.506
1467	0.4198	0.9729	2.714
1468	0.4070	0.9785	2.151
1469	0.4191	0.9728	2.718
1470	0.4193	0.9731	2.689
1471	0.4198	0.9729	2.714
1472	0.4095	0.9774	2.260
1473	0.4132	0.9753	2.468
1474	0.4078	0.9778	2.215
1475	0.4219	0.9723	2.768
1476	0.4206	0.9728	2.717
1477	0.4149	0.9752	2.485
1478	0.4189	0.9729	2.709
1479	0.4209	0.9726	2.738
1480	0.4145	0.9748	2.515
1481	0.4058	0.9794	2.064
1482	0.4190	0.9734	2.664
1483	0.4198	0.9727	2.731
1484	0.4213	0.9722	2.781
1485	0.4182	0.9734	2.656
1486	0.4185	0.9734	2.664
1487	0.4213	0.9724	2.763
1488	0.4210	0.9723	2.767
1489	0.4200	0.9730	2.704
1490	0.4214	0.9722	2.780
1491	0.4224	0.9717	2.826
1492	0.4202	0.9721	2.786
1493	0.4212	0.9724	2.764
1494	0.4115	0.9765	2.355
1495	0.4223	0.9717	2.826
1496	0.4207	0.9728	2.716
1497	0.4175	0.9737	2.627
1498	0.4146	0.9748	2.519
1499	0.4206	0.9725	2.752
1500	0.4117	0.9760	2.400
1501	0.4197	0.9729	2.711
1502	0.4161	0.9745	2.546
1503	0.4056	0.9791	2.086
1504	0.4213	0.9721	2.785
1505	0.4153	0.9752	2.480
1506	0.4206	0.9727	2.733
1507	0.4179	0.9735	2.655
1508	0.4178	0.9734	2.656
1509	0.4151	0.9748	2.523
1510	0.4207	0.9726	2.737
1511	0.4195	0.9728	2.724
1512	0.4184	0.9732	2.684
1513	0.4189	0.9729	2.708
1514	0.4196	0.9732	2.678
1515	0.4211	0.9722	2.782
1516	0.4137	0.9755	2.449
1517	0.4170	0.9741	2.594
1518	0.4216	0.9719	2.808
1519	0.4038	0.9801	1.986
1520	0.4152	0.9747	2.533
1521	0.4172	0.9738	2.617
1522	0.4196	0.9730	2.704
1523	0.4132	0.9753	2.470
1524	0.4215	0.9721	2.792
1525	0.4187	0.9735	2.651
1526	0.4144	0.9749	2.506
1527	0.4215	0.9722	2.778
1528	0.4190	0.9728	2.718
1529	0.4203	0.9723	2.766
1530	0.4166	0.9745	2.553
1531	0.4055	0.9794	2.061
1532	0.4164	0.9748	2.522
1533	0.4186	0.9735	2.655
1534	0.4056	0.9796	2.042
1535	0.4192	0.9730	2.696
1536	0.4204	0.9728	2.721
1537	0.4221	0.9716	2.836
1538	0.4218	0.9724	2.757
1539	0.4081	0.9783	2.169
1540	0.4207	0.9722	2.777
1541	0.4161	0.9741	2.586
1542	0.4069	0.9785	2.151
1543	0.4163	0.9746	2.542
1544	0.4186	0.9734	2.655
1545	0.4147	0.9747	2.528
1546	0.4185	0.9731	2.685
1547	0.4205	0.9727	2.732
1548	0.4194	0.9734	2.658
1549	0.4200	0.9729	2.712
1550	0.4221	0.9719	2.810
1551	0.4206	0.9727	2.729
1552	0.4189	0.9732	2.683
1553	0.4182	0.9738	2.620
1554	0.4198	0.9724	2.763
1555	0.4170	0.9739	2.614
1556	0.4220	0.9717	2.830
1557	0.4203	0.9727	2.731
1558	0.4192	0.9733	2.671
1559	0.4156	0.9742	2.577
1560	0.4172	0.9739	2.609
1561	0.4194	0.9730	2.704
1562	0.4194	0.9732	2.675
1563	0.4164	0.9740	2.599
1564	0.4209	0.9726	2.744
1565	0.4232	0.9711	2.890
1566	0.4160	0.9746	2.541
1567	0.4206	0.9725	2.748
1568	0.4228	0.9716	2.836
1569	0.4195	0.9730	2.700
1570	0.4197	0.9730	2.702
1571	0.4215	0.9719	2.808
1572	0.4143	0.9749	2.506
1573	0.4195	0.9730	2.703
1574	0.4114	0.9765	2.355
1575	0.4192	0.9731	2.689
1576	0.4211	0.9724	2.763
1577	0.4222	0.9717	2.826
1578	0.4194	0.9730	2.703
1579	0.4186	0.9735	2.653
1580	0.4148	0.9752	2.485
1581	0.4214	0.9721	2.791
1582	0.4172	0.9739	2.607
1583	0.4186	0.9735	2.650
1584	0.4215	0.9722	2.778
1585	0.4228	0.9716	2.836
1586	0.4137	0.9755	2.448
1587	0.4171	0.9738	2.618
1588	0.4209	0.9726	2.742
1589	0.4161	0.9742	2.583
1590	0.4199	0.9730	2.702
1591	0.4056	0.9792	2.085
1592	0.4221	0.9719	2.812
1593	0.4057	0.9794	2.063
1594	0.4209	0.9723	2.767
1595	0.4206	0.9728	2.717
1596	0.4196	0.9729	2.709
1597	0.4184	0.9734	2.663
1598	0.4182	0.9738	2.620
1599	0.4197	0.9729	2.714
1600	0.4201	0.9722	2.785
1601	0.4205	0.9725	2.748
1602	0.4203	0.9727	2.729
1603	0.4197	0.9727	2.730
1604	0.4195	0.9732	2.680
1605	0.4150	0.9748	2.524
1606	0.4162	0.9746	2.542
1607	0.4069	0.9785	2.149
1608	0.4077	0.9778	2.216
1609	0.4208	0.9727	2.735
1610	0.4144	0.9748	2.515
1611	0.4193	0.9734	2.656
1612	0.4197	0.9730	2.703
1613	0.4219	0.9717	2.833
1614	0.4181	0.9734	2.659
1615	0.4160	0.9746	2.543
1616	0.4151	0.9747	2.535
1617	0.4163	0.9748	2.520
1618	0.4185	0.9731	2.685
1619	0.4116	0.9760	2.401
1620	0.4156	0.9742	2.577
1621	0.4054	0.9794	2.058
1622	0.4152	0.9752	2.481
1623	0.4206	0.9726	2.737
1624	0.4174	0.9737	2.627
1625	0.4223	0.9717	2.827
1626	0.4188	0.9729	2.707
1627	0.4177	0.9734	2.657
1628	0.4203	0.9728	2.718
1629	0.4213	0.9722	2.780
1630	0.4163	0.9740	2.600
1631	0.4147	0.9747	2.530
1632	0.4194	0.9730	2.700
1633	0.4202	0.9723	2.767
1634	0.4037	0.9801	1.986
1635	0.4198	0.9724	2.763
1636	0.4194	0.9728	2.724
1637	0.4212	0.9722	2.784
1638	0.4178	0.9735	2.654
1639	0.4212	0.9722	2.779
1640	0.4183	0.9732	2.685
1641	0.4200	0.9729	2.713
1642	0.4094	0.9774	2.260
1643	0.4212	0.9724	2.764
1644	0.4187	0.9729	2.708
1645	0.4218	0.9723	2.767
1646	0.4080	0.9783	2.168
1647	0.4159	0.9746	2.541
1648	0.4189	0.9728	2.717
1649	0.4169	0.9739	2.614
1650	0.4204	0.9727	2.731
1651	0.4191	0.9733	2.671
1652	0.4206	0.9725	2.748
1653	0.4055	0.9796	2.042
1654	0.4131	0.9753	2.468
1655	0.4210	0.9722	2.782
1656	0.4188	0.9734	2.662
1657	0.4169	0.9740	2.595
1658	0.4193	0.9733	2.674
1659	0.4231	0.9711	2.891
1660	0.4220	0.9716	2.838
1661	0.4205	0.9726	2.736
1662	0.4204	0.9728	2.717
1663	0.4205	0.9727	2.728
1664	0.4185	0.9734	2.657
1665	0.4131	0.9753	2.466
1666	0.4188	0.9732	2.683
1667	0.4217	0.9724	2.757
1668	0.4191	0.9730	2.697
1669	0.4144	0.9748	2.519
1670	0.4165	0.9745	2.553
1671	0.4206	0.9722	2.775
1672	0.4213	0.9721	2.791
1673	0.4199	0.9729	2.711
1674	0.4220	0.9716	2.836
1675	0.4188	0.9732	2.684
1676	0.4077	0.9779	2.215
1677	0.4150	0.9748	2.521
1678	0.4208	0.9726	2.744
1679	0.4227	0.9716	2.838
1680	0.4202	0.9723	2.766
1681	0.4165	0.9745	2.553
1682	0.4199	0.9730	2.703
1683	0.4187	0.9729	2.708
1684	0.4220	0.9719	2.811
1685	0.4194	0.9730	2.700
1686	0.4197	0.9724	2.763
1687	0.4219	0.9717	2.831
1688	0.4189	0.9728	2.719
1689	0.4205	0.9727	2.726
1690	0.4131	0.9753	2.470
1691	0.4223	0.9717	2.827
1692	0.4173	0.9737	2.627
1693	0.4193	0.9732	2.675
1694	0.4205	0.9725	2.748
1695	0.4068	0.9785	2.152
1696	0.4160	0.9741	2.585
1697	0.4170	0.9738	2.616
1698	0.4191	0.9733	2.672
1699	0.4221	0.9717	2.826
1700	0.4204	0.9728	2.716
1701	0.4180	0.9734	2.655
1702	0.4196	0.9730	2.703
1703	0.4144	0.9748	2.518
1704	0.4192	0.9734	2.656
1705	0.4214	0.9722	2.778
1706	0.4202	0.9727	2.729
1707	0.4162	0.9748	2.520
1708	0.4205	0.9727	2.733
1709	0.4130	0.9753	2.467
1710	0.4056	0.9794	2.063
1711	0.4176	0.9734	2.656
1712	0.4196	0.9727	2.730
1713	0.4205	0.9728	2.716
1714	0.4055	0.9791	2.085
1715	0.4146	0.9747	2.528
1716	0.4191	0.9730	2.698
1717	0.4159	0.9745	2.546
1718	0.4053	0.9794	2.060
1719	0.4217	0.9723	2.768
1720	0.4113	0.9765	2.354
1721	0.4200	0.9721	2.787
1722	0.4177	0.9735	2.654
1723	0.4183	0.9734	2.664
1724	0.4151	0.9752	2.480
1725	0.4210	0.9724	2.763
1726	0.4202	0.9728	2.718
1727	0.4204	0.9725	2.750
1728	0.4171	0.9739	2.607
1729	0.4211	0.9722	2.778
1730	0.4194	0.9732	2.679
1731	0.4169	0.9739	2.611
1732	0.4147	0.9752	2.484
1733	0.4188	0.9734	2.660
1734	0.4162	0.9740	2.600
1735	0.4184	0.9735	2.654
1736	0.4191	0.9731	2.689
1737	0.4210	0.9722	2.781
1738	0.4150	0.9747	2.534
1739	0.4187	0.9729	2.706
1740	0.4136	0.9755	2.447
1741	0.4230	0.9711	2.891
1742	0.4207	0.9726	2.735
1743	0.4193	0.9730	2.703
1744	0.4080	0.9783	2.168
1745	0.4036	0.9801	1.988
1746	0.4142	0.9749	2.507
1747	0.4185	0.9734	2.655
1748	0.4194	0.9730	2.704
1749	0.4211	0.9724	2.762
1750	0.4093	0.9774	2.259
1751	0.4168	0.9740	2.598
1752	0.4161	0.9746	2.542
1753	0.4217	0.9724	2.759
1754	0.4194	0.9729	2.712
1755	0.4214	0.9719	2.809
1756	0.4205	0.9722	2.778
1757	0.4208	0.9723	2.767
1758	0.4114	0.9760	2.399
1759	0.4184	0.9732	2.684
1760	0.4211	0.9721	2.786
1761	0.4185	0.9735	2.652
1762	0.4196	0.9729	2.713
1763	0.4054	0.9796	2.043
1764	0.4158	0.9746	2.540
1765	0.4204	0.9727	2.731
1766	0.4143	0.9749	2.515
1767	0.4193	0.9728	2.725
1768	0.4204	0.9726	2.736
1769	0.4212	0.9722	2.779
1770	0.4182	0.9732	2.683
1771	0.4180	0.9738	2.618
1772	0.4155	0.9742	2.576
1773	0.4183	0.9734	2.663
1774	0.4164	0.9745	2.552
1775	0.4210	0.9722	2.779
1776	0.4067	0.9785	2.152
1777	0.4130	0.9753	2.469
1778	0.4193	0.9728	2.725
1779	0.4147	0.9752	2.484
1780	0.4168	0.9739	2.614
1781	0.4154	0.9742	2.576
1782	0.4053	0.9796	2.043
1783	0.4200	0.9721	2.787
1784	0.4149	0.9748	2.521
1785	0.4142	0.9749	2.509
1786	0.4187	0.9734	2.663
1787	0.4190	0.9731	2.695
1788	0.4194	0.9729	2.715
1789	0.4184	0.9734	2.656
1790	0.4191	0.9731	2.690
1791	0.4220	0.9719	2.812
1792	0.4055	0.9793	2.065
1793	0.4194	0.9730	2.703
1794	0.4204	0.9725	2.748
1795	0.4195	0.9729	2.713
1796	0.4184	0.9734	2.657
1797	0.4168	0.9740	2.598
1798	0.4149	0.9747	2.534
1799	0.4195	0.9727	2.730
1800	0.4213	0.9719	2.809
1801	0.4230	0.9711	2.892
1802	0.4188	0.9728	2.717
1803	0.4186	0.9729	2.707
1804	0.4036	0.9801	1.988
1805	0.4158	0.9746	2.541
1806	0.4162	0.9741	2.594
1807	0.4159	0.9741	2.587
1808	0.4054	0.9791	2.089
1809	0.4172	0.9737	2.628
1810	0.4159	0.9745	2.550
1811	0.4204	0.9725	2.755
1812	0.4203	0.9727	2.733
1813	0.4145	0.9747	2.528
1814	0.4195	0.9729	2.706
1815	0.4092	0.9774	2.259
1816	0.4191	0.9734	2.657
1817	0.4204	0.9727	2.727
1818	0.4180	0.9738	2.618
1819	0.4208	0.9723	2.769
1820	0.4220	0.9718	2.824
1821	0.4075	0.9778	2.217
1822	0.4161	0.9748	2.524
1823	0.4205	0.9722	2.777
1824	0.4212	0.9721	2.794
1825	0.4210	0.9724	2.761
1826	0.4206	0.9726	2.737
1827	0.4219	0.9716	2.836
1828	0.4212	0.9722	2.782
1829	0.4201	0.9723	2.765
1830	0.4190	0.9733	2.673
1831	0.4150	0.9752	2.480
1832	0.4135	0.9755	2.449
1833	0.4209	0.9724	2.763
1834	0.4226	0.9716	2.836
1835	0.4052	0.9794	2.060
1836	0.4211	0.9721	2.785
1837	0.4202	0.9728	2.720
1838	0.4204	0.9727	2.734
1839	0.4183	0.9731	2.685
1840	0.4209	0.9722	2.780
1841	0.4179	0.9734	2.655
1842	0.4186	0.9729	2.706
1843	0.4079	0.9783	2.168
1844	0.4201	0.9727	2.730
1845	0.4176	0.9735	2.654
1846	0.4204	0.9726	2.738
1847	0.4217	0.9717	2.829
1848	0.4114	0.9760	2.401
1849	0.4143	0.9748	2.519
1850	0.4191	0.9733	2.674
1851	0.4221	0.9717	2.828
1852	0.4142	0.9749	2.515
1853	0.4196	0.9724	2.763
1854	0.4187	0.9732	2.684
1855	0.4192	0.9730	2.700
1856	0.4169	0.9738	2.616
1857	0.4184	0.9735	2.652
1858	0.4216	0.9724	2.757
1859	0.4197	0.9730	2.703
1860	0.4181	0.9732	2.684
1861	0.4129	0.9753	2.466
1862	0.4204	0.9728	2.718
1863	0.4216	0.9723	2.767
1864	0.4193	0.9732	2.678
1865	0.4192	0.9730	2.703
1866	0.4202	0.9728	2.717
1867	0.4160	0.9746	2.542
1868	0.4212	0.9722	2.777
1869	0.4198	0.9729	2.712
1870	0.4112	0.9765	2.354
1871	0.4175	0.9734	2.655
1872	0.4170	0.9739	2.609
1873	0.4206	0.9726	2.743
1874	0.4149	0.9747	2.533
1875	0.4187	0.9728	2.717
1876	0.4183	0.9734	2.656
1877	0.4204	0.9725	2.747
1878	0.4053	0.9791	2.085
1879	0.4181	0.9732	2.682
1880	0.4167	0.9740	2.595
1881	0.4198	0.9729	2.712
1882	0.4035	0.9801	1.988
1883	0.4192	0.9730	2.704
1884	0.4163	0.9745	2.554
1885	0.4167	0.9739	2.614
1886	0.4160	0.9746	2.541
1887	0.4142	0.9748	2.519
1888	0.4203	0.9726	2.737
1889	0.4195	0.9729	2.714
1890	0.4221	0.9717	2.827
1891	0.4195	0.9727	2.729
1892	0.4129	0.9753	2.467
1893	0.4146	0.9752	2.484
1894	0.4208	0.9722	2.781
1895	0.4185	0.9729	2.706
1896	0.4144	0.9747	2.529
1897	0.4193	0.9729	2.711
1898	0.4179	0.9738	2.619
1899	0.4183	0.9734	2.656
1900	0.4202	0.9727	2.730
1901	0.4175	0.9734	2.655
1902	0.4199	0.9721	2.787
1903	0.4202	0.9728	2.717
1904	0.4186	0.9732	2.683
1905	0.4195	0.9724	2.763
1906	0.4194	0.9730	2.702
1907	0.4203	0.9728	2.716
1908	0.4216	0.9723	2.767
1909	0.4197	0.9730	2.701
1910	0.4148	0.9748	2.523
1911	0.4168	0.9738	2.617
1912	0.4153	0.9742	2.577
1913	0.4212	0.9722	2.778
1914	0.4052	0.9794	2.058
1915	0.4075	0.9779	2.215
1916	0.4183	0.9735	2.652
1917	0.4186	0.9734	2.662
1918	0.4205	0.9726	2.737
1919	0.4200	0.9727	2.729
1920	0.4158	0.9745	2.546
1921	0.4225	0.9716	2.836
1922	0.4134	0.9755	2.448
1923	0.4149	0.9752	2.480
1924	0.4218	0.9717	2.834
1925	0.4206	0.9726	2.742
1926	0.4182	0.9731	2.686
1927	0.4113	0.9760	2.400
1928	0.4211	0.9721	2.791
1929	0.4140	0.9749	2.506
1930	0.4174	0.9735	2.655
1931	0.4192	0.9730	2.700
1932	0.4229	0.9711	2.891
1933	0.4189	0.9731	2.689
1934	0.4054	0.9794	2.063
1935	0.4200	0.9723	2.766
1936	0.4190	0.9734	2.656
1937	0.4111	0.9765	2.354
1938	0.4178	0.9734	2.656
1939	0.4156	0.9746	2.541
1940	0.4218	0.9719	2.812
1941	0.4185	0.9729	2.708
1942	0.4192	0.9730	2.703
1943	0.4169	0.9739	2.609
1944	0.4181	0.9734	2.663
1945	0.4191	0.9728	2.723
1946	0.4203	0.9727	2.734
1947	0.4206	0.9723	2.766
1948	0.4129	0.9753	2.471
1949	0.4211	0.9722	2.781
1950	0.4212	0.9719	2.806
1951	0.4215	0.9724	2.757
1952	0.4189	0.9731	2.694
1953	0.4208	0.9723	2.765
1954	0.4066	0.9785	2.151
1955	0.4091	0.9774	2.260
1956	0.4202	0.9725	2.752
1957	0.4052	0.9796	2.042
1958	0.4203	0.9723	2.773
1959	0.4078	0.9783	2.169
1960	0.4219	0.9718	2.825
1961	0.4216	0.9717	2.828
1962	0.4157	0.9741	2.586
1963	0.4171	0.9737	2.626
1964	0.4188	0.9733	2.671
1965	0.4201	0.9728	2.721
1966	0.4160	0.9740	2.598
1967	0.4209	0.9724	2.763
1968	0.4209	0.9722	2.780
1969	0.4160	0.9748	2.521
1970	0.4141	0.9748	2.516
1971	0.4210	0.9721	2.785
1972	0.4192	0.9732	2.679
1973	0.4203	0.9727	2.728
1974	0.4190	0.9732	2.675
1975	0.4191	0.9728	2.725
1976	0.4166	0.9741	2.594
1977	0.4144	0.9747	2.529
1978	0.4194	0.9729	2.714
1979	0.4160	0.9740	2.599
1980	0.4142	0.9748	2.518
1981	0.4191	0.9730	2.704
1982	0.4203	0.9722	2.776
1983	0.4192	0.9732	2.678
1984	0.4203	0.9728	2.716
1985	0.4211	0.9722	2.778
1986	0.4169	0.9739	2.607
1987	0.4215	0.9723	2.766
1988	0.4195	0.9724	2.764
1989	0.4181	0.9734	2.664
1990	0.4215	0.9724	2.758
1991	0.4193	0.9729	2.707
1992	0.4207	0.9722	2.779
1993	0.4205	0.9726	2.737
1994	0.4191	0.9730	2.698
1995	0.4180	0.9731	2.686
1996	0.4189	0.9731	2.693
1997	0.4065	0.9785	2.149
1998	0.4034	0.9801	1.985
1999	0.4178	0.9734	2.658
