0	0.4183	0.9735	2.650
1	0.4157	0.9742	2.584
2	0.4200	0.9728	2.719
3	0.4197	0.9729	2.712
4	0.4182	0.9735	2.652
5	0.4162	0.9745	2.551
6	0.4206	0.9723	2.765
7	0.4193	0.9730	2.701
8	0.4129	0.9753	2.471
9	0.4153	0.9742	2.578
10	0.4157	0.9746	2.544
11	0.4207	0.9723	2.765
12	0.4189	0.9731	2.687
13	0.4217	0.9717	2.833
14	0.4156	0.9746	2.538
15	0.4199	0.9723	2.766
16	0.4111	0.9765	2.354
17	0.4201	0.9727	2.730
18	0.4051	0.9794	2.058
19	0.4190	0.9733	2.675
20	0.4166	0.9739	2.612
21	0.4077	0.9783	2.168
22	0.4185	0.9734	2.662
23	0.4220	0.9717	2.828
24	0.4074	0.9779	2.215
25	0.4193	0.9727	2.728
26	0.4202	0.9725	2.748
27	0.4190	0.9734	2.656
28	0.4186	0.9728	2.718
29	0.4184	0.9729	2.706
30	0.4141	0.9749	2.515
31	0.4173	0.9734	2.655
32	0.4144	0.9752	2.483
33	0.4149	0.9752	2.481
34	0.4199	0.9727	2.729
35	0.4201	0.9728	2.717
36	0.4208	0.9722	2.779
37	0.4188	0.9733	2.667
38	0.4171	0.9737	2.627
39	0.4147	0.9747	2.534
40	0.4209	0.9722	2.784
41	0.4202	0.9727	2.726
42	0.4053	0.9794	2.064
43	0.4205	0.9726	2.743
44	0.4181	0.9731	2.686
45	0.4184	0.9729	2.706
46	0.4185	0.9732	2.685
47	0.4210	0.9722	2.781
48	0.4178	0.9738	2.619
49	0.4228	0.9711	2.892
50	0.4216	0.9717	2.833
51	0.4128	0.9753	2.467
52	0.4218	0.9717	2.825
53	0.4167	0.9738	2.618
54	0.4191	0.9730	2.702
55	0.4112	0.9760	2.400
56	0.4174	0.9735	2.654
57	0.4210	0.9721	2.793
58	0.4051	0.9796	2.042
59	0.4052	0.9791	2.085
60	0.4217	0.9719	2.812
61	0.4133	0.9755	2.448
62	0.4202	0.9726	2.738
63	0.4208	0.9724	2.763
64	0.4090	0.9774	2.260
65	0.4159	0.9748	2.523
66	0.4224	0.9716	2.837
67	0.4195	0.9730	2.703
68	0.4159	0.9746	2.541
69	0.4139	0.9749	2.506
70	0.4211	0.9719	2.809
71	0.4202	0.9727	2.734
72	0.4197	0.9721	2.787
73	0.4182	0.9734	2.656
74	0.4201	0.9725	2.753
75	0.4146	0.9748	2.522
76	0.4112	0.9760	2.399
77	0.4156	0.9745	2.548
78	0.4182	0.9735	2.651
79	0.4209	0.9722	2.784
80	0.4052	0.9791	2.085
81	0.4211	0.9719	2.809
82	0.4178	0.9738	2.618
83	0.4188	0.9731	2.690
84	0.4167	0.9738	2.616
85	0.4189	0.9733	2.673
86	0.4227	0.9711	2.892
87	0.4174	0.9735	2.653
88	0.4140	0.9749	2.514
89	0.4196	0.9729	2.711
90	0.4051	0.9796	2.043
91	0.4207	0.9724	2.765
92	0.4202	0.9725	2.745
93	0.4207	0.9722	2.783
94	0.4199	0.9727	2.734
95	0.4182	0.9734	2.656
96	0.4190	0.9730	2.705
97	0.4053	0.9794	2.064
98	0.4156	0.9741	2.587
99	0.4214	0.9724	2.758
100	0.4193	0.9729	2.712
101	0.4204	0.9726	2.744
102	0.4201	0.9728	2.717
103	0.4128	0.9753	2.469
104	0.4152	0.9742	2.576
105	0.4201	0.9725	2.754
106	0.4177	0.9734	2.655
107	0.4148	0.9752	2.481
108	0.4181	0.9734	2.655
109	0.4184	0.9729	2.710
110	0.4090	0.9774	2.260
111	0.4185	0.9728	2.718
112	0.4214	0.9723	2.768
113	0.4139	0.9749	2.508
114	0.4159	0.9740	2.595
115	0.4144	0.9752	2.484
116	0.4132	0.9755	2.449
117	0.4210	0.9721	2.793
118	0.4202	0.9728	2.721
119	0.4204	0.9727	2.735
120	0.4050	0.9794	2.063
121	0.4146	0.9748	2.520
122	0.4194	0.9723	2.765
123	0.4165	0.9740	2.598
124	0.4223	0.9716	2.840
125	0.4191	0.9730	2.703
126	0.4205	0.9723	2.769
127	0.4158	0.9746	2.543
128	0.4191	0.9729	2.712
129	0.4208	0.9724	2.761
130	0.4076	0.9783	2.171
131	0.4127	0.9753	2.468
132	0.4168	0.9739	2.609
133	0.4033	0.9801	1.987
134	0.4219	0.9717	2.833
135	0.4155	0.9746	2.541
136	0.4193	0.9729	2.706
137	0.4179	0.9732	2.683
138	0.4193	0.9727	2.730
139	0.4191	0.9732	2.680
140	0.4197	0.9721	2.788
141	0.4201	0.9726	2.736
142	0.4189	0.9734	2.657
143	0.4209	0.9722	2.781
144	0.4208	0.9722	2.780
145	0.4184	0.9732	2.682
146	0.4173	0.9734	2.655
147	0.4195	0.9730	2.703
148	0.4217	0.9717	2.826
149	0.4180	0.9731	2.686
150	0.4073	0.9779	2.215
151	0.4165	0.9739	2.615
152	0.4140	0.9748	2.519
153	0.4190	0.9727	2.725
154	0.4210	0.9722	2.779
155	0.4202	0.9722	2.776
156	0.4190	0.9730	2.700
157	0.4109	0.9765	2.354
158	0.4215	0.9717	2.829
159	0.4216	0.9716	2.837
160	0.4064	0.9785	2.151
161	0.4142	0.9747	2.528
162	0.4200	0.9727	2.731
163	0.4183	0.9729	2.708
164	0.4158	0.9748	2.524
165	0.4169	0.9737	2.626
166	0.4187	0.9733	2.671
167	0.4201	0.9726	2.736
168	0.4187	0.9730	2.696
169	0.4161	0.9745	2.554
170	0.4198	0.9723	2.766
171	0.4146	0.9747	2.533
172	0.4201	0.9727	2.728
173	0.4180	0.9734	2.664
174	0.4184	0.9734	2.662
175	0.4216	0.9719	2.812
176	0.4199	0.9728	2.717
177	0.4183	0.9729	2.707
178	0.4064	0.9785	2.152
179	0.4187	0.9733	2.669
180	0.4206	0.9722	2.780
181	0.4190	0.9730	2.702
182	0.4201	0.9727	2.726
183	0.4192	0.9727	2.730
184	0.4198	0.9727	2.728
185	0.4173	0.9734	2.655
186	0.4165	0.9739	2.611
187	0.4209	0.9722	2.781
188	0.4216	0.9717	2.832
189	0.4190	0.9730	2.698
190	0.4177	0.9738	2.618
191	0.4181	0.9735	2.649
192	0.4207	0.9724	2.761
193	0.4190	0.9732	2.678
194	0.4195	0.9729	2.712
195	0.4218	0.9718	2.822
196	0.4138	0.9749	2.506
197	0.4126	0.9753	2.467
198	0.4143	0.9752	2.484
199	0.4223	0.9716	2.837
200	0.4052	0.9794	2.063
201	0.4210	0.9719	2.805
202	0.4176	0.9734	2.656
203	0.4139	0.9748	2.516
204	0.4226	0.9711	2.892
205	0.4156	0.9741	2.585
206	0.4179	0.9734	2.663
207	0.4213	0.9723	2.768
208	0.4185	0.9728	2.718
209	0.4188	0.9734	2.656
210	0.4189	0.9730	2.703
211	0.4198	0.9723	2.766
212	0.4145	0.9748	2.523
213	0.4187	0.9731	2.689
214	0.4183	0.9729	2.706
215	0.4189	0.9728	2.724
216	0.4207	0.9722	2.779
217	0.4164	0.9741	2.594
218	0.4191	0.9729	2.707
219	0.4184	0.9732	2.681
220	0.4142	0.9747	2.528
221	0.4111	0.9760	2.401
222	0.4089	0.9774	2.260
223	0.4158	0.9740	2.600
224	0.4207	0.9722	2.784
225	0.4206	0.9724	2.764
226	0.4132	0.9755	2.448
227	0.4166	0.9738	2.617
228	0.4127	0.9753	2.470
229	0.4201	0.9728	2.716
230	0.4192	0.9729	2.714
231	0.4154	0.9746	2.541
232	0.4151	0.9742	2.576
233	0.4160	0.9745	2.551
234	0.4169	0.9737	2.626
235	0.4209	0.9722	2.778
236	0.4200	0.9727	2.730
237	0.4050	0.9791	2.086
238	0.4072	0.9778	2.215
239	0.4216	0.9719	2.812
240	0.4109	0.9765	2.354
241	0.4217	0.9718	2.825
242	0.4194	0.9730	2.703
243	0.4184	0.9734	2.662
244	0.4203	0.9726	2.736
245	0.4213	0.9724	2.757
246	0.4187	0.9730	2.698
247	0.4201	0.9723	2.774
248	0.4157	0.9746	2.541
249	0.4049	0.9794	2.061
250	0.4139	0.9748	2.519
251	0.4193	0.9724	2.762
252	0.4180	0.9734	2.656
253	0.4200	0.9726	2.736
254	0.4172	0.9735	2.654
255	0.4188	0.9733	2.673
256	0.4180	0.9734	2.655
257	0.4147	0.9752	2.481
258	0.4158	0.9748	2.523
259	0.4209	0.9721	2.792
260	0.4192	0.9730	2.703
261	0.4204	0.9723	2.766
262	0.4167	0.9739	2.608
263	0.4146	0.9747	2.534
264	0.4200	0.9725	2.752
265	0.4032	0.9801	1.988
266	0.4199	0.9728	2.716
267	0.4196	0.9721	2.787
268	0.4075	0.9783	2.169
269	0.4178	0.9732	2.682
270	0.4049	0.9796	2.043
271	0.4201	0.9725	2.745
272	0.4214	0.9717	2.830
273	0.4200	0.9726	2.735
274	0.4203	0.9725	2.745
275	0.4179	0.9731	2.685
276	0.4198	0.9728	2.721
277	0.4155	0.9745	2.547
278	0.4032	0.9801	1.988
279	0.4208	0.9722	2.781
280	0.4187	0.9731	2.690
281	0.4179	0.9732	2.684
282	0.4207	0.9722	2.784
283	0.4200	0.9725	2.746
284	0.4196	0.9721	2.787
285	0.4198	0.9728	2.721
286	0.4200	0.9725	2.753
287	0.4190	0.9729	2.711
288	0.4206	0.9722	2.778
289	0.4200	0.9726	2.737
290	0.4209	0.9719	2.806
291	0.4178	0.9732	2.684
292	0.4186	0.9733	2.668
293	0.4075	0.9783	2.168
294	0.4222	0.9716	2.837
295	0.4191	0.9730	2.702
296	0.4188	0.9732	2.676
297	0.4131	0.9755	2.448
298	0.4197	0.9727	2.729
299	0.4144	0.9748	2.521
300	0.4176	0.9738	2.619
301	0.4212	0.9723	2.768
302	0.4139	0.9748	2.518
303	0.4199	0.9727	2.730
304	0.4201	0.9723	2.775
305	0.4154	0.9746	2.540
306	0.4204	0.9723	2.766
307	0.4206	0.9724	2.761
308	0.4213	0.9717	2.832
309	0.4180	0.9735	2.654
310	0.4215	0.9717	2.833
311	0.4050	0.9791	2.086
312	0.4199	0.9728	2.717
313	0.4088	0.9774	2.259
314	0.4182	0.9729	2.707
315	0.4182	0.9729	2.707
316	0.4202	0.9726	2.737
317	0.4168	0.9737	2.627
318	0.4146	0.9752	2.480
319	0.4203	0.9726	2.743
320	0.4155	0.9741	2.585
321	0.4193	0.9730	2.703
322	0.4110	0.9760	2.401
323	0.4200	0.9727	2.734
324	0.4200	0.9727	2.727
325	0.4192	0.9724	2.763
326	0.4191	0.9727	2.730
327	0.4138	0.9748	2.516
328	0.4212	0.9724	2.757
329	0.4157	0.9740	2.600
330	0.4164	0.9741	2.593
331	0.4051	0.9794	2.063
332	0.4157	0.9748	2.521
333	0.4189	0.9732	2.679
334	0.4205	0.9722	2.781
335	0.4142	0.9752	2.484
336	0.4184	0.9728	2.719
337	0.4183	0.9734	2.660
338	0.4216	0.9717	2.826
339	0.4186	0.9730	2.698
340	0.4108	0.9765	2.354
341	0.4145	0.9747	2.533
342	0.4205	0.9724	2.762
343	0.4141	0.9747	2.528
344	0.4225	0.9711	2.891
345	0.4178	0.9734	2.663
346	0.4194	0.9729	2.710
347	0.4049	0.9796	2.044
348	0.4165	0.9738	2.616
349	0.4191	0.9729	2.712
350	0.4164	0.9739	2.614
351	0.4126	0.9753	2.469
352	0.4188	0.9730	2.699
353	0.4215	0.9719	2.811
354	0.4175	0.9734	2.656
355	0.4209	0.9722	2.779
356	0.4189	0.9730	2.704
357	0.4200	0.9728	2.718
358	0.4217	0.9717	2.828
359	0.4187	0.9734	2.655
360	0.4137	0.9749	2.506
361	0.4188	0.9728	2.724
362	0.4048	0.9794	2.062
363	0.4150	0.9742	2.576
364	0.4180	0.9735	2.652
365	0.4166	0.9739	2.609
366	0.4125	0.9753	2.467
367	0.4062	0.9785	2.151
368	0.4188	0.9730	2.704
369	0.4179	0.9735	2.655
370	0.4171	0.9735	2.655
371	0.4183	0.9732	2.684
372	0.4196	0.9723	2.765
373	0.4172	0.9735	2.654
374	0.4208	0.9721	2.793
375	0.4156	0.9746	2.541
376	0.4159	0.9745	2.554
377	0.4071	0.9778	2.216
378	0.4154	0.9745	2.548
379	0.4142	0.9752	2.484
380	0.4157	0.9748	2.523
381	0.4168	0.9737	2.626
382	0.4200	0.9728	2.718
383	0.4193	0.9730	2.703
384	0.4206	0.9721	2.785
385	0.4216	0.9717	2.825
386	0.4225	0.9711	2.890
387	0.4185	0.9730	2.698
388	0.4200	0.9725	2.748
389	0.4178	0.9734	2.663
390	0.4202	0.9726	2.737
391	0.4191	0.9729	2.714
392	0.4181	0.9729	2.707
393	0.4214	0.9717	2.834
394	0.4202	0.9726	2.742
395	0.4179	0.9735	2.652
396	0.4144	0.9747	2.535
397	0.4209	0.9719	2.806
398	0.4187	0.9732	2.675
399	0.4088	0.9774	2.258
400	0.4183	0.9728	2.718
401	0.4188	0.9730	2.699
402	0.4125	0.9753	2.468
403	0.4191	0.9724	2.764
404	0.4189	0.9729	2.713
405	0.4166	0.9739	2.609
406	0.4204	0.9722	2.782
407	0.4071	0.9778	2.216
408	0.4199	0.9726	2.736
409	0.4130	0.9755	2.448
410	0.4136	0.9749	2.507
411	0.4205	0.9722	2.780
412	0.4190	0.9727	2.731
413	0.4189	0.9732	2.679
414	0.4185	0.9733	2.669
415	0.4214	0.9719	2.811
416	0.4179	0.9735	2.654
417	0.4182	0.9732	2.684
418	0.4140	0.9747	2.528
419	0.4048	0.9796	2.042
420	0.4062	0.9785	2.151
421	0.4198	0.9727	2.731
422	0.4154	0.9741	2.586
423	0.4179	0.9735	2.652
424	0.4107	0.9765	2.354
425	0.4074	0.9783	2.172
426	0.4170	0.9734	2.655
427	0.4163	0.9739	2.614
428	0.4047	0.9794	2.063
429	0.4178	0.9732	2.685
430	0.4199	0.9726	2.739
431	0.4159	0.9744	2.557
432	0.4221	0.9716	2.840
433	0.4157	0.9741	2.595
434	0.4203	0.9723	2.769
435	0.4211	0.9723	2.768
436	0.4200	0.9722	2.778
437	0.4125	0.9753	2.468
438	0.4181	0.9729	2.712
439	0.4198	0.9728	2.717
440	0.4171	0.9735	2.653
441	0.4208	0.9722	2.778
442	0.4194	0.9721	2.788
443	0.4149	0.9743	2.575
444	0.4205	0.9724	2.761
445	0.4196	0.9723	2.768
446	0.4050	0.9794	2.064
447	0.4164	0.9738	2.616
448	0.4138	0.9748	2.519
449	0.4187	0.9729	2.707
450	0.4207	0.9722	2.781
451	0.4185	0.9731	2.689
452	0.4199	0.9727	2.727
453	0.4182	0.9734	2.663
454	0.4174	0.9735	2.653
455	0.4190	0.9729	2.705
456	0.4193	0.9729	2.710
457	0.4196	0.9727	2.732
458	0.4152	0.9746	2.540
459	0.4049	0.9791	2.085
460	0.4211	0.9724	2.759
461	0.4177	0.9732	2.683
462	0.4031	0.9801	1.988
463	0.4197	0.9728	2.721
464	0.4188	0.9730	2.702
465	0.4153	0.9745	2.547
466	0.4207	0.9721	2.792
467	0.4145	0.9752	2.481
468	0.4198	0.9725	2.752
469	0.4187	0.9728	2.724
470	0.4109	0.9760	2.401
471	0.4212	0.9717	2.829
472	0.4204	0.9724	2.762
473	0.4162	0.9741	2.594
474	0.4175	0.9738	2.620
475	0.4186	0.9734	2.655
476	0.4137	0.9748	2.515
477	0.4143	0.9748	2.522
478	0.4216	0.9717	2.827
479	0.4155	0.9746	2.541
480	0.4220	0.9716	2.836
481	0.4212	0.9717	2.830
482	0.4211	0.9723	2.767
483	0.4214	0.9719	2.812
484	0.4194	0.9721	2.785
485	0.4196	0.9728	2.718
486	0.4191	0.9724	2.764
487	0.4176	0.9731	2.685
488	0.4141	0.9752	2.484
489	0.4190	0.9730	2.702
490	0.4202	0.9723	2.765
491	0.4070	0.9778	2.216
492	0.4179	0.9735	2.649
493	0.4170	0.9734	2.657
494	0.4050	0.9794	2.063
495	0.4182	0.9728	2.717
496	0.4182	0.9732	2.683
497	0.4048	0.9791	2.085
498	0.4206	0.9722	2.779
499	0.4178	0.9731	2.686
500	0.4211	0.9724	2.758
501	0.4153	0.9745	2.547
502	0.4178	0.9734	2.655
503	0.4165	0.9739	2.607
504	0.4181	0.9729	2.707
505	0.4203	0.9722	2.779
506	0.4182	0.9734	2.660
507	0.4216	0.9717	2.827
508	0.4167	0.9737	2.627
509	0.4187	0.9730	2.700
510	0.4184	0.9730	2.698
511	0.4124	0.9753	2.467
512	0.4198	0.9727	2.734
513	0.4163	0.9738	2.616
514	0.4137	0.9749	2.515
515	0.4030	0.9801	1.988
516	0.4197	0.9728	2.716
517	0.4139	0.9747	2.529
518	0.4190	0.9727	2.729
519	0.4162	0.9741	2.594
520	0.4108	0.9760	2.401
521	0.4047	0.9794	2.063
522	0.4203	0.9724	2.764
523	0.4145	0.9752	2.480
524	0.4162	0.9739	2.613
525	0.4153	0.9741	2.585
526	0.4086	0.9774	2.258
527	0.4124	0.9753	2.469
528	0.4174	0.9738	2.619
529	0.4143	0.9748	2.520
530	0.4106	0.9765	2.354
531	0.4186	0.9730	2.705
532	0.4137	0.9748	2.519
533	0.4208	0.9719	2.809
534	0.4148	0.9742	2.575
535	0.4185	0.9731	2.689
536	0.4192	0.9729	2.706
537	0.4155	0.9746	2.542
538	0.4155	0.9748	2.524
539	0.4073	0.9783	2.172
540	0.4143	0.9747	2.534
541	0.4201	0.9725	2.748
542	0.4204	0.9722	2.781
543	0.4178	0.9734	2.656
544	0.4198	0.9726	2.736
545	0.4207	0.9722	2.778
546	0.4214	0.9718	2.824
547	0.4047	0.9796	2.043
548	0.4174	0.9735	2.654
549	0.4135	0.9749	2.508
550	0.4205	0.9721	2.787
551	0.4061	0.9785	2.153
552	0.4195	0.9723	2.767
553	0.4152	0.9746	2.539
554	0.4184	0.9733	2.673
555	0.4195	0.9727	2.732
556	0.4200	0.9726	2.736
557	0.4187	0.9730	2.701
558	0.4157	0.9745	2.552
559	0.4129	0.9755	2.447
560	0.4187	0.9727	2.726
561	0.4185	0.9734	2.656
562	0.4189	0.9729	2.713
563	0.4155	0.9740	2.598
564	0.4198	0.9725	2.747
565	0.4204	0.9724	2.763
566	0.4197	0.9727	2.730
567	0.4206	0.9721	2.791
568	0.4224	0.9711	2.892
569	0.4198	0.9728	2.716
570	0.4188	0.9729	2.709
571	0.4186	0.9733	2.674
572	0.4180	0.9729	2.707
573	0.4188	0.9732	2.678
574	0.4213	0.9717	2.834
575	0.4197	0.9725	2.752
576	0.4176	0.9734	2.663
577	0.4170	0.9734	2.655
578	0.4198	0.9727	2.727
579	0.4199	0.9722	2.776
580	0.4192	0.9729	2.712
581	0.4178	0.9735	2.650
582	0.4086	0.9774	2.259
583	0.4061	0.9785	2.152
584	0.4176	0.9734	2.663
585	0.4220	0.9716	2.835
586	0.4210	0.9723	2.768
587	0.4108	0.9760	2.401
588	0.4184	0.9731	2.689
589	0.4174	0.9738	2.619
590	0.4106	0.9765	2.354
591	0.4176	0.9732	2.682
592	0.4049	0.9794	2.063
593	0.4136	0.9749	2.514
594	0.4211	0.9717	2.829
595	0.4162	0.9740	2.596
596	0.4198	0.9728	2.718
597	0.4073	0.9783	2.171
598	0.4205	0.9721	2.786
599	0.4198	0.9722	2.777
600	0.4203	0.9724	2.764
601	0.4189	0.9730	2.703
602	0.4142	0.9748	2.521
603	0.4206	0.9721	2.792
604	0.4137	0.9748	2.518
605	0.4189	0.9727	2.730
606	0.4192	0.9729	2.711
607	0.4152	0.9741	2.586
608	0.4144	0.9752	2.481
609	0.4186	0.9728	2.724
610	0.4047	0.9791	2.086
611	0.4195	0.9727	2.731
612	0.4210	0.9724	2.757
613	0.4148	0.9742	2.576
614	0.4181	0.9732	2.682
615	0.4155	0.9748	2.521
616	0.4124	0.9753	2.470
617	0.4157	0.9745	2.552
618	0.4223	0.9711	2.890
619	0.4198	0.9726	2.737
620	0.4185	0.9732	2.675
621	0.4197	0.9727	2.728
622	0.4214	0.9717	2.827
623	0.4197	0.9727	2.731
624	0.4046	0.9794	2.061
625	0.4135	0.9749	2.506
626	0.4187	0.9730	2.703
627	0.4180	0.9729	2.706
628	0.4181	0.9734	2.662
629	0.4200	0.9726	2.737
630	0.4198	0.9725	2.747
631	0.4181	0.9728	2.718
632	0.4194	0.9723	2.766
633	0.4140	0.9752	2.483
634	0.4069	0.9778	2.216
635	0.4204	0.9722	2.780
636	0.4162	0.9738	2.616
637	0.4176	0.9731	2.686
638	0.4213	0.9719	2.811
639	0.4189	0.9729	2.712
640	0.4193	0.9721	2.787
641	0.4169	0.9734	2.655
642	0.4047	0.9796	2.043
643	0.4154	0.9746	2.542
644	0.4201	0.9723	2.767
645	0.4164	0.9739	2.609
646	0.4179	0.9729	2.710
647	0.4200	0.9726	2.743
648	0.4185	0.9734	2.656
649	0.4189	0.9724	2.762
650	0.4197	0.9727	2.734
651	0.4215	0.9717	2.828
652	0.4212	0.9716	2.835
653	0.4177	0.9734	2.655
654	0.4191	0.9730	2.703
655	0.4161	0.9739	2.613
656	0.4195	0.9728	2.718
657	0.4029	0.9801	1.988
658	0.4183	0.9730	2.697
659	0.4185	0.9730	2.704
660	0.4123	0.9753	2.467
661	0.4166	0.9737	2.626
662	0.4142	0.9747	2.532
663	0.4177	0.9735	2.655
664	0.4206	0.9722	2.778
665	0.4152	0.9745	2.548
666	0.4151	0.9746	2.539
667	0.4196	0.9728	2.716
668	0.4128	0.9755	2.447
669	0.4187	0.9729	2.711
670	0.4205	0.9722	2.779
671	0.4155	0.9740	2.598
672	0.4183	0.9733	2.669
673	0.4206	0.9719	2.805
674	0.4173	0.9734	2.656
675	0.4202	0.9722	2.778
676	0.4186	0.9730	2.699
677	0.4197	0.9725	2.751
678	0.4169	0.9735	2.654
679	0.4138	0.9747	2.527
680	0.4203	0.9724	2.762
681	0.4187	0.9732	2.678
682	0.4139	0.9752	2.484
683	0.4188	0.9727	2.729
684	0.4206	0.9719	2.806
685	0.4143	0.9752	2.480
686	0.4196	0.9725	2.751
687	0.4168	0.9734	2.656
688	0.4212	0.9719	2.811
689	0.4154	0.9740	2.600
690	0.4185	0.9730	2.703
691	0.4197	0.9725	2.746
692	0.4136	0.9748	2.519
693	0.4196	0.9728	2.715
694	0.4204	0.9722	2.783
695	0.4161	0.9741	2.593
696	0.4202	0.9722	2.780
697	0.4183	0.9731	2.694
698	0.4194	0.9727	2.727
699	0.4172	0.9734	2.656
700	0.4169	0.9734	2.655
701	0.4186	0.9730	2.699
702	0.4203	0.9724	2.762
703	0.4209	0.9724	2.758
704	0.4048	0.9794	2.062
705	0.4197	0.9727	2.726
706	0.4141	0.9748	2.523
707	0.4177	0.9735	2.648
708	0.4123	0.9753	2.471
709	0.4045	0.9794	2.057
710	0.4177	0.9735	2.654
711	0.4183	0.9731	2.688
712	0.4179	0.9729	2.706
713	0.4197	0.9722	2.775
714	0.4188	0.9729	2.712
715	0.4072	0.9783	2.168
716	0.4128	0.9755	2.447
717	0.4188	0.9730	2.702
718	0.4151	0.9741	2.585
719	0.4204	0.9722	2.779
720	0.4177	0.9735	2.652
721	0.4200	0.9723	2.765
722	0.4153	0.9746	2.541
723	0.4068	0.9778	2.215
724	0.4206	0.9722	2.778
725	0.4085	0.9774	2.257
726	0.4205	0.9721	2.792
727	0.4197	0.9728	2.716
728	0.4135	0.9749	2.515
729	0.4199	0.9726	2.744
730	0.4161	0.9739	2.614
731	0.4162	0.9738	2.615
732	0.4059	0.9785	2.151
733	0.4184	0.9733	2.673
734	0.4165	0.9737	2.627
735	0.4122	0.9753	2.467
736	0.4163	0.9739	2.607
737	0.4174	0.9732	2.682
738	0.4189	0.9724	2.764
739	0.4156	0.9744	2.555
740	0.4196	0.9727	2.730
741	0.4209	0.9723	2.767
742	0.4106	0.9760	2.398
743	0.4138	0.9747	2.528
744	0.4186	0.9732	2.681
745	0.4185	0.9727	2.726
746	0.4197	0.9726	2.736
747	0.4046	0.9791	2.086
748	0.4193	0.9723	2.765
749	0.4154	0.9748	2.522
750	0.4210	0.9717	2.829
751	0.4213	0.9717	2.825
752	0.4199	0.9726	2.737
753	0.4218	0.9716	2.837
754	0.4184	0.9734	2.655
755	0.4192	0.9721	2.787
756	0.4186	0.9729	2.712
757	0.4178	0.9729	2.707
758	0.4172	0.9738	2.619
759	0.4105	0.9765	2.354
760	0.4147	0.9742	2.575
761	0.4186	0.9730	2.703
762	0.4211	0.9716	2.836
763	0.4214	0.9717	2.828
764	0.4196	0.9727	2.735
765	0.4175	0.9734	2.664
766	0.4141	0.9747	2.534
767	0.4046	0.9796	2.042
768	0.4175	0.9731	2.686
769	0.4180	0.9728	2.718
770	0.4190	0.9729	2.705
771	0.4194	0.9728	2.721
772	0.4151	0.9745	2.546
773	0.4150	0.9746	2.540
774	0.4190	0.9729	2.711
775	0.4202	0.9722	2.780
776	0.4179	0.9734	2.660
777	0.4028	0.9801	1.988
778	0.4182	0.9733	2.668
779	0.4201	0.9724	2.762
780	0.4179	0.9732	2.683
781	0.4134	0.9749	2.506
782	0.4222	0.9711	2.891
783	0.4156	0.9745	2.550
784	0.4214	0.9717	2.826
785	0.4187	0.9730	2.701
786	0.4059	0.9785	2.151
787	0.4163	0.9739	2.606
788	0.4137	0.9747	2.528
789	0.4045	0.9794	2.058
790	0.4203	0.9721	2.785
791	0.4161	0.9738	2.615
792	0.4185	0.9728	2.724
793	0.4196	0.9727	2.726
794	0.4160	0.9741	2.593
795	0.4186	0.9732	2.678
796	0.4200	0.9724	2.765
797	0.4208	0.9724	2.758
798	0.4211	0.9717	2.832
799	0.4151	0.9742	2.582
800	0.4179	0.9732	2.682
801	0.4167	0.9734	2.656
802	0.4196	0.9726	2.738
803	0.4194	0.9728	2.717
804	0.4196	0.9728	2.717
805	0.4205	0.9719	2.805
806	0.4140	0.9748	2.522
807	0.4028	0.9801	1.986
808	0.4135	0.9749	2.514
809	0.4127	0.9755	2.447
810	0.4068	0.9778	2.216
811	0.4195	0.9725	2.752
812	0.4193	0.9727	2.728
813	0.4187	0.9729	2.713
814	0.4133	0.9749	2.506
815	0.4208	0.9723	2.767
816	0.4204	0.9722	2.781
817	0.4176	0.9735	2.648
818	0.4153	0.9746	2.541
819	0.4182	0.9733	2.666
820	0.4212	0.9718	2.824
821	0.4204	0.9720	2.796
822	0.4175	0.9732	2.685
823	0.4172	0.9738	2.618
824	0.4174	0.9734	2.661
825	0.4164	0.9737	2.626
826	0.4184	0.9733	2.672
827	0.4171	0.9734	2.656
828	0.4198	0.9726	2.737
829	0.4141	0.9747	2.534
830	0.4196	0.9725	2.745
831	0.4202	0.9722	2.780
832	0.4142	0.9752	2.482
833	0.4205	0.9722	2.778
834	0.4178	0.9730	2.705
835	0.4160	0.9739	2.611
836	0.4211	0.9719	2.810
837	0.4150	0.9746	2.542
838	0.4179	0.9734	2.660
839	0.4186	0.9729	2.707
840	0.4209	0.9717	2.831
841	0.4176	0.9735	2.652
842	0.4202	0.9724	2.762
843	0.4184	0.9730	2.702
844	0.4178	0.9730	2.704
845	0.4045	0.9796	2.042
846	0.4146	0.9742	2.576
847	0.4182	0.9730	2.698
848	0.4195	0.9728	2.716
849	0.4183	0.9734	2.655
850	0.4084	0.9774	2.258
851	0.4185	0.9730	2.701
852	0.4121	0.9753	2.467
853	0.4191	0.9721	2.787
854	0.4122	0.9753	2.470
855	0.4138	0.9752	2.483
856	0.4193	0.9723	2.765
857	0.4071	0.9783	2.170
858	0.4149	0.9746	2.539
859	0.4153	0.9740	2.598
860	0.4153	0.9748	2.522
861	0.4221	0.9711	2.890
862	0.4217	0.9716	2.836
863	0.4187	0.9727	2.728
864	0.4175	0.9735	2.652
865	0.4173	0.9732	2.685
866	0.4201	0.9722	2.778
867	0.4195	0.9727	2.733
868	0.4190	0.9729	2.711
869	0.4195	0.9727	2.730
870	0.4105	0.9760	2.401
871	0.4045	0.9792	2.085
872	0.4184	0.9730	2.699
873	0.4188	0.9724	2.763
874	0.4047	0.9794	2.063
875	0.4196	0.9722	2.776
876	0.4168	0.9735	2.654
877	0.4182	0.9731	2.690
878	0.4134	0.9748	2.518
879	0.4189	0.9730	2.702
880	0.4179	0.9728	2.719
881	0.4198	0.9726	2.745
882	0.4104	0.9765	2.354
883	0.4200	0.9724	2.763
884	0.4171	0.9738	2.618
885	0.4153	0.9740	2.598
886	0.4184	0.9728	2.724
887	0.4174	0.9734	2.664
888	0.4213	0.9717	2.827
889	0.4202	0.9724	2.763
890	0.4174	0.9731	2.685
891	0.4179	0.9728	2.718
892	0.4187	0.9730	2.704
893	0.4194	0.9728	2.716
894	0.4067	0.9778	2.215
895	0.4045	0.9796	2.042
896	0.4196	0.9725	2.746
897	0.4193	0.9727	2.729
898	0.4208	0.9723	2.767
899	0.4211	0.9719	2.811
900	0.4200	0.9722	2.779
901	0.4150	0.9742	2.583
902	0.4175	0.9735	2.652
903	0.4146	0.9742	2.576
904	0.4200	0.9724	2.763
905	0.4210	0.9717	2.834
906	0.4134	0.9748	2.515
907	0.4046	0.9794	2.063
908	0.4121	0.9753	2.467
909	0.4103	0.9765	2.354
910	0.4058	0.9785	2.150
911	0.4207	0.9724	2.758
912	0.4185	0.9729	2.711
913	0.4070	0.9783	2.173
914	0.4043	0.9794	2.063
915	0.4171	0.9735	2.654
916	0.4187	0.9723	2.765
917	0.4150	0.9745	2.548
918	0.4140	0.9748	2.519
919	0.4195	0.9726	2.739
920	0.4186	0.9729	2.712
921	0.4183	0.9734	2.657
922	0.4211	0.9718	2.823
923	0.4189	0.9729	2.705
924	0.4195	0.9726	2.736
925	0.4204	0.9719	2.807
926	0.4177	0.9729	2.708
927	0.4196	0.9722	2.777
928	0.4126	0.9755	2.448
929	0.4209	0.9717	2.829
930	0.4140	0.9747	2.532
931	0.4195	0.9728	2.719
932	0.4186	0.9727	2.730
933	0.4204	0.9722	2.777
934	0.4201	0.9722	2.779
935	0.4190	0.9721	2.787
936	0.4178	0.9732	2.682
937	0.4195	0.9727	2.727
938	0.4203	0.9721	2.791
939	0.4161	0.9739	2.606
940	0.4221	0.9711	2.891
941	0.4194	0.9725	2.750
942	0.4163	0.9737	2.627
943	0.4197	0.9726	2.737
944	0.4181	0.9731	2.689
945	0.4183	0.9730	2.704
946	0.4134	0.9748	2.518
947	0.4166	0.9734	2.655
948	0.4189	0.9729	2.711
949	0.4148	0.9746	2.540
950	0.4105	0.9760	2.401
951	0.4194	0.9727	2.730
952	0.4175	0.9735	2.651
953	0.4184	0.9730	2.699
954	0.4083	0.9774	2.257
955	0.4181	0.9730	2.697
956	0.4136	0.9747	2.528
957	0.4199	0.9723	2.766
958	0.4178	0.9734	2.662
959	0.4152	0.9748	2.520
960	0.4184	0.9730	2.702
961	0.4151	0.9746	2.541
962	0.4141	0.9752	2.480
963	0.4202	0.9722	2.783
964	0.4132	0.9749	2.506
965	0.4027	0.9801	1.988
966	0.4180	0.9733	2.669
967	0.4121	0.9753	2.470
968	0.4175	0.9734	2.655
969	0.4173	0.9732	2.682
970	0.4159	0.9741	2.594
971	0.4137	0.9752	2.484
972	0.4045	0.9791	2.086
973	0.4202	0.9721	2.785
974	0.4154	0.9745	2.553
975	0.4184	0.9732	2.679
976	0.4177	0.9729	2.706
977	0.4182	0.9733	2.673
978	0.4217	0.9716	2.838
979	0.4192	0.9723	2.765
980	0.4160	0.9738	2.616
981	0.4159	0.9739	2.614
982	0.4197	0.9725	2.746
983	0.4192	0.9728	2.720
984	0.4167	0.9735	2.654
985	0.4192	0.9723	2.766
986	0.4195	0.9723	2.774
987	0.4178	0.9732	2.683
988	0.4121	0.9753	2.469
989	0.4183	0.9728	2.724
990	0.4183	0.9730	2.699
991	0.4175	0.9735	2.651
992	0.4182	0.9733	2.673
993	0.4186	0.9730	2.703
994	0.4194	0.9725	2.752
995	0.4132	0.9749	2.506
996	0.4207	0.9724	2.758
997	0.4158	0.9741	2.593
998	0.4180	0.9733	2.666
999	0.4202	0.9722	2.781
1000	0.4141	0.9752	2.482
1001	0.4120	0.9753	2.466
1002	0.4083	0.9774	2.259
1003	0.4161	0.9739	2.606
1004	0.4194	0.9726	2.739
1005	0.4201	0.9722	2.783
1006	0.4187	0.9724	2.765
1007	0.4204	0.9719	2.805
1008	0.4210	0.9717	2.833
1009	0.4199	0.9722	2.779
1010	0.4178	0.9734	2.660
1011	0.4177	0.9730	2.703
1012	0.4181	0.9731	2.688
1013	0.4198	0.9724	2.765
1014	0.4192	0.9728	2.716
1015	0.4193	0.9729	2.715
1016	0.4174	0.9735	2.650
1017	0.4125	0.9755	2.448
1018	0.4152	0.9748	2.517
1019	0.4194	0.9727	2.728
1020	0.4158	0.9739	2.611
1021	0.4186	0.9727	2.729
1022	0.4216	0.9717	2.832
1023	0.4174	0.9735	2.650
1024	0.4103	0.9765	2.354
1025	0.4170	0.9734	2.655
1026	0.4070	0.9783	2.168
1027	0.4194	0.9727	2.731
1028	0.4044	0.9796	2.042
1029	0.4194	0.9725	2.745
1030	0.4154	0.9745	2.551
1031	0.4178	0.9728	2.717
1032	0.4191	0.9727	2.728
1033	0.4104	0.9760	2.401
1034	0.4200	0.9722	2.779
1035	0.4184	0.9729	2.707
1036	0.4135	0.9747	2.527
1037	0.4144	0.9742	2.576
1038	0.4066	0.9778	2.216
1039	0.4182	0.9730	2.704
1040	0.4209	0.9719	2.812
1041	0.4044	0.9791	2.085
1042	0.4057	0.9785	2.151
1043	0.4210	0.9718	2.824
1044	0.4188	0.9730	2.703
1045	0.4165	0.9734	2.655
1046	0.4159	0.9738	2.616
1047	0.4149	0.9741	2.586
1048	0.4133	0.9749	2.513
1049	0.4208	0.9717	2.829
1050	0.4220	0.9711	2.892
1051	0.4151	0.9746	2.542
1052	0.4148	0.9746	2.539
1053	0.4197	0.9725	2.746
1054	0.4194	0.9728	2.718
1055	0.4184	0.9732	2.678
1056	0.4202	0.9721	2.792
1057	0.4045	0.9794	2.063
1058	0.4149	0.9745	2.547
1059	0.4138	0.9748	2.519
1060	0.4166	0.9735	2.653
1061	0.4173	0.9731	2.685
1062	0.4170	0.9738	2.619
1063	0.4180	0.9730	2.695
1064	0.4196	0.9726	2.736
1065	0.4185	0.9729	2.712
1066	0.4162	0.9737	2.626
1067	0.4176	0.9729	2.707
1068	0.4042	0.9794	2.063
1069	0.4026	0.9801	1.988
1070	0.4200	0.9724	2.762
1071	0.4139	0.9747	2.533
1072	0.4206	0.9723	2.768
1073	0.4133	0.9748	2.519
1074	0.4136	0.9752	2.482
1075	0.4203	0.9722	2.781
1076	0.4183	0.9730	2.704
1077	0.4173	0.9734	2.664
1078	0.4188	0.9729	2.712
1079	0.4151	0.9741	2.594
1080	0.4193	0.9727	2.732
1081	0.4189	0.9721	2.788
1082	0.4172	0.9732	2.683
1083	0.4199	0.9724	2.764
1084	0.4181	0.9734	2.656
1085	0.4211	0.9717	2.828
1086	0.4069	0.9783	2.171
1087	0.4193	0.9725	2.753
1088	0.4181	0.9733	2.671
1089	0.4219	0.9711	2.891
1090	0.4135	0.9747	2.528
1091	0.4180	0.9731	2.691
1092	0.4172	0.9734	2.663
1093	0.4200	0.9724	2.761
1094	0.4191	0.9727	2.734
1095	0.4199	0.9722	2.784
1096	0.4209	0.9716	2.837
1097	0.4158	0.9740	2.597
1098	0.4056	0.9785	2.153
1099	0.4199	0.9724	2.763
1100	0.4140	0.9752	2.480
1101	0.4194	0.9728	2.719
1102	0.4148	0.9741	2.586
1103	0.4193	0.9726	2.736
1104	0.4132	0.9749	2.514
1105	0.4171	0.9732	2.682
1106	0.4176	0.9729	2.707
1107	0.4185	0.9729	2.711
1108	0.4103	0.9760	2.397
1109	0.4211	0.9717	2.828
1110	0.4182	0.9727	2.726
1111	0.4162	0.9737	2.625
1112	0.4191	0.9728	2.722
1113	0.4179	0.9733	2.671
1114	0.4147	0.9746	2.540
1115	0.4202	0.9721	2.791
1116	0.4190	0.9723	2.767
1117	0.4197	0.9723	2.765
1118	0.4194	0.9723	2.774
1119	0.4153	0.9745	2.550
1120	0.4174	0.9735	2.649
1121	0.4119	0.9753	2.467
1122	0.4203	0.9719	2.806
1123	0.4045	0.9794	2.063
1124	0.4160	0.9739	2.607
1125	0.4025	0.9801	1.988
1126	0.4102	0.9765	2.354
1127	0.4144	0.9743	2.575
1128	0.4139	0.9747	2.532
1129	0.4215	0.9716	2.838
1130	0.4177	0.9734	2.662
1131	0.4200	0.9721	2.786
1132	0.4183	0.9730	2.703
1133	0.4132	0.9748	2.517
1134	0.4194	0.9726	2.736
1135	0.4200	0.9722	2.779
1136	0.4173	0.9735	2.653
1137	0.4157	0.9739	2.613
1138	0.4159	0.9738	2.616
1139	0.4172	0.9731	2.686
1140	0.4201	0.9722	2.778
1141	0.4196	0.9725	2.745
1142	0.4131	0.9749	2.506
1143	0.4179	0.9730	2.696
1144	0.4189	0.9721	2.787
1145	0.4148	0.9745	2.546
1146	0.4165	0.9734	2.655
1147	0.4192	0.9728	2.716
1148	0.4151	0.9740	2.597
1149	0.4209	0.9719	2.812
1150	0.4136	0.9752	2.483
1151	0.4175	0.9729	2.709
1152	0.4176	0.9732	2.682
1153	0.4182	0.9730	2.699
1154	0.4065	0.9778	2.216
1155	0.4207	0.9717	2.829
1156	0.4165	0.9735	2.654
1157	0.4181	0.9734	2.657
1158	0.4042	0.9794	2.062
1159	0.4042	0.9796	2.042
1160	0.4193	0.9726	2.745
1161	0.4185	0.9727	2.730
1162	0.4209	0.9718	2.822
1163	0.4124	0.9755	2.448
1164	0.4196	0.9727	2.735
1165	0.4119	0.9753	2.470
1166	0.4187	0.9730	2.704
1167	0.4206	0.9723	2.767
1168	0.4183	0.9729	2.712
1169	0.4169	0.9738	2.619
1170	0.4205	0.9724	2.758
1171	0.4185	0.9724	2.762
1172	0.4187	0.9729	2.711
1173	0.4184	0.9730	2.703
1174	0.4138	0.9748	2.521
1175	0.4081	0.9774	2.257
1176	0.4183	0.9732	2.678
1177	0.4043	0.9791	2.086
1178	0.4150	0.9746	2.542
1179	0.4193	0.9727	2.727
1180	0.4177	0.9728	2.718
1181	0.4150	0.9748	2.522
1182	0.4192	0.9727	2.730
1183	0.4202	0.9722	2.777
1184	0.4181	0.9730	2.704
1185	0.4169	0.9735	2.654
1186	0.4173	0.9735	2.654
1187	0.4211	0.9717	2.827
1188	0.4143	0.9743	2.575
1189	0.4025	0.9801	1.987
1190	0.4137	0.9748	2.519
1191	0.4150	0.9746	2.541
1192	0.4209	0.9718	2.822
1193	0.4180	0.9734	2.657
1194	0.4215	0.9716	2.839
1195	0.4044	0.9794	2.064
1196	0.4190	0.9723	2.767
1197	0.4176	0.9732	2.683
1198	0.4205	0.9723	2.768
1199	0.4208	0.9716	2.836
1200	0.4161	0.9737	2.626
1201	0.4064	0.9778	2.215
1202	0.4041	0.9794	2.063
1203	0.4157	0.9740	2.598
1204	0.4179	0.9733	2.672
1205	0.4171	0.9734	2.664
1206	0.4181	0.9730	2.704
1207	0.4171	0.9732	2.684
1208	0.4193	0.9727	2.726
1209	0.4192	0.9727	2.730
1210	0.4192	0.9728	2.715
1211	0.4132	0.9748	2.518
1212	0.4173	0.9734	2.655
1213	0.4198	0.9722	2.781
1214	0.4186	0.9730	2.701
1215	0.4131	0.9749	2.514
1216	0.4068	0.9783	2.168
1217	0.4180	0.9733	2.673
1218	0.4181	0.9730	2.700
1219	0.4182	0.9732	2.679
1220	0.4198	0.9724	2.763
1221	0.4218	0.9711	2.892
1222	0.4193	0.9728	2.717
1223	0.4101	0.9765	2.354
1224	0.4196	0.9723	2.766
1225	0.4192	0.9726	2.735
1226	0.4158	0.9738	2.616
1227	0.4152	0.9745	2.552
1228	0.4176	0.9734	2.662
1229	0.4199	0.9722	2.779
1230	0.4193	0.9726	2.737
1231	0.4179	0.9731	2.689
1232	0.4193	0.9723	2.774
1233	0.4208	0.9719	2.812
1234	0.4168	0.9734	2.656
1235	0.4195	0.9726	2.736
1236	0.4172	0.9731	2.685
1237	0.4169	0.9738	2.619
1238	0.4134	0.9747	2.527
1239	0.4150	0.9740	2.599
1240	0.4206	0.9717	2.830
1241	0.4199	0.9724	2.762
1242	0.4103	0.9760	2.400
1243	0.4055	0.9785	2.150
1244	0.4173	0.9735	2.651
1245	0.4124	0.9755	2.449
1246	0.4183	0.9729	2.711
1247	0.4130	0.9749	2.506
1248	0.4081	0.9774	2.257
1249	0.4165	0.9735	2.653
1250	0.4202	0.9719	2.808
1251	0.4192	0.9725	2.752
1252	0.4200	0.9722	2.779
1253	0.4135	0.9752	2.482
1254	0.4184	0.9730	2.703
1255	0.4199	0.9722	2.784
1256	0.4187	0.9729	2.711
1257	0.4201	0.9722	2.779
1258	0.4184	0.9729	2.712
1259	0.4164	0.9734	2.655
1260	0.4146	0.9746	2.540
1261	0.4205	0.9724	2.757
1262	0.4159	0.9739	2.607
1263	0.4195	0.9726	2.743
1264	0.4042	0.9796	2.042
1265	0.4184	0.9727	2.729
1266	0.4118	0.9753	2.467
1267	0.4190	0.9727	2.728
1268	0.4156	0.9739	2.614
1269	0.4181	0.9728	2.724
1270	0.4138	0.9747	2.534
1271	0.4200	0.9721	2.791
1272	0.4178	0.9730	2.698
1273	0.4174	0.9729	2.707
1274	0.4150	0.9748	2.521
1275	0.4042	0.9792	2.085
1276	0.4182	0.9730	2.702
1277	0.4184	0.9724	2.762
1278	0.4188	0.9721	2.787
1279	0.4176	0.9728	2.719
1280	0.4172	0.9735	2.652
1281	0.4174	0.9729	2.705
1282	0.4118	0.9753	2.469
1283	0.4190	0.9728	2.721
1284	0.4147	0.9741	2.586
1285	0.4192	0.9725	2.747
1286	0.4147	0.9745	2.546
1287	0.4139	0.9752	2.481
1288	0.4055	0.9785	2.150
1289	0.4182	0.9729	2.711
1290	0.4178	0.9733	2.669
1291	0.4175	0.9732	2.682
1292	0.4214	0.9716	2.836
1293	0.4204	0.9724	2.758
1294	0.4024	0.9801	1.988
1295	0.4200	0.9722	2.780
1296	0.4178	0.9730	2.697
1297	0.4191	0.9728	2.716
1298	0.4157	0.9738	2.616
1299	0.4180	0.9730	2.704
1300	0.4149	0.9746	2.540
1301	0.4159	0.9739	2.607
1302	0.4199	0.9722	2.785
1303	0.4183	0.9730	2.702
1304	0.4181	0.9728	2.723
1305	0.4133	0.9747	2.527
1306	0.4042	0.9792	2.085
1307	0.4118	0.9753	2.467
1308	0.4168	0.9738	2.619
1309	0.4190	0.9728	2.719
1310	0.4192	0.9725	2.750
1311	0.4181	0.9730	2.699
1312	0.4149	0.9748	2.520
1313	0.4156	0.9741	2.594
1314	0.4118	0.9753	2.469
1315	0.4207	0.9717	2.834
1316	0.4195	0.9726	2.742
1317	0.4192	0.9726	2.745
1318	0.4123	0.9755	2.446
1319	0.4176	0.9728	2.717
1320	0.4201	0.9719	2.806
1321	0.4080	0.9774	2.258
1322	0.4142	0.9742	2.575
1323	0.4138	0.9752	2.480
1324	0.4164	0.9734	2.655
1325	0.4130	0.9749	2.515
1326	0.4187	0.9721	2.787
1327	0.4178	0.9731	2.689
1328	0.4171	0.9731	2.685
1329	0.4040	0.9794	2.062
1330	0.4186	0.9729	2.711
1331	0.4179	0.9733	2.672
1332	0.4198	0.9724	2.761
1333	0.4181	0.9730	2.703
1334	0.4175	0.9734	2.663
1335	0.4182	0.9732	2.680
1336	0.4160	0.9737	2.626
1337	0.4189	0.9723	2.767
1338	0.4147	0.9741	2.586
1339	0.4209	0.9717	2.828
1340	0.4179	0.9734	2.657
1341	0.4149	0.9740	2.597
1342	0.4174	0.9729	2.707
1343	0.4043	0.9794	2.064
1344	0.4129	0.9749	2.507
1345	0.4172	0.9735	2.650
1346	0.4197	0.9722	2.783
1347	0.4194	0.9727	2.735
1348	0.4137	0.9747	2.533
1349	0.4192	0.9728	2.725
1350	0.4198	0.9722	2.779
1351	0.4145	0.9746	2.540
1352	0.4131	0.9748	2.518
1353	0.4102	0.9760	2.399
1354	0.4197	0.9724	2.764
1355	0.4151	0.9745	2.552
1356	0.4192	0.9722	2.776
1357	0.4192	0.9728	2.716
1358	0.4172	0.9735	2.652
1359	0.4183	0.9729	2.712
1360	0.4192	0.9726	2.739
1361	0.4136	0.9748	2.522
1362	0.4174	0.9729	2.706
1363	0.4156	0.9739	2.612
1364	0.4184	0.9724	2.762
1365	0.4204	0.9723	2.767
1366	0.4191	0.9727	2.733
1367	0.4191	0.9727	2.730
1368	0.4041	0.9796	2.042
1369	0.4217	0.9711	2.890
1370	0.4205	0.9717	2.830
1371	0.4207	0.9719	2.811
1372	0.4134	0.9752	2.484
1373	0.4208	0.9717	2.826
1374	0.4100	0.9765	2.354
1375	0.4146	0.9746	2.544
1376	0.4200	0.9721	2.791
1377	0.4170	0.9734	2.663
1378	0.4063	0.9778	2.216
1379	0.4067	0.9783	2.169
1380	0.4167	0.9735	2.654
1381	0.4185	0.9730	2.702
1382	0.4163	0.9734	2.655
1383	0.4195	0.9723	2.765
1384	0.4200	0.9722	2.777
1385	0.4189	0.9727	2.729
1386	0.4169	0.9732	2.683
1387	0.4171	0.9734	2.655
1388	0.4183	0.9727	2.729
1389	0.4130	0.9749	2.514
1390	0.4117	0.9753	2.467
1391	0.4191	0.9726	2.737
1392	0.4189	0.9727	2.728
1393	0.4167	0.9734	2.657
1394	0.4155	0.9739	2.611
1395	0.4192	0.9723	2.772
1396	0.4179	0.9734	2.656
1397	0.4217	0.9711	2.890
1398	0.4206	0.9717	2.831
1399	0.4122	0.9755	2.446
1400	0.4179	0.9730	2.703
1401	0.4183	0.9729	2.712
1402	0.4198	0.9724	2.761
1403	0.4132	0.9747	2.527
1404	0.4200	0.9722	2.778
1405	0.4213	0.9716	2.836
1406	0.4101	0.9760	2.400
1407	0.4197	0.9722	2.778
1408	0.4191	0.9727	2.726
1409	0.4194	0.9726	2.742
1410	0.4181	0.9729	2.707
1411	0.4187	0.9722	2.783
1412	0.4155	0.9741	2.593
1413	0.4181	0.9730	2.704
1414	0.4145	0.9746	2.538
1415	0.4158	0.9739	2.607
1416	0.4191	0.9728	2.717
1417	0.4177	0.9734	2.664
1418	0.4146	0.9746	2.540
1419	0.4191	0.9726	2.744
1420	0.4188	0.9723	2.765
1421	0.4203	0.9724	2.762
1422	0.4209	0.9718	2.819
1423	0.4041	0.9791	2.086
1424	0.4185	0.9729	2.713
1425	0.4207	0.9718	2.824
1426	0.4136	0.9747	2.525
1427	0.4206	0.9719	2.810
1428	0.4080	0.9774	2.262
1429	0.4148	0.9746	2.541
1430	0.4199	0.9721	2.794
1431	0.4042	0.9794	2.062
1432	0.4185	0.9730	2.698
1433	0.4162	0.9734	2.656
1434	0.4117	0.9753	2.471
1435	0.4066	0.9783	2.168
1436	0.4149	0.9740	2.599
1437	0.4174	0.9734	2.661
1438	0.4169	0.9732	2.684
1439	0.4159	0.9737	2.628
1440	0.4173	0.9729	2.706
1441	0.4181	0.9732	2.677
1442	0.4177	0.9731	2.688
1443	0.4179	0.9733	2.673
1444	0.4174	0.9732	2.683
1445	0.4182	0.9727	2.729
1446	0.4130	0.9748	2.518
1447	0.4190	0.9727	2.730
1448	0.4023	0.9801	1.988
1449	0.4183	0.9724	2.762
1450	0.4180	0.9730	2.699
1451	0.4196	0.9724	2.763
1452	0.4128	0.9749	2.506
1453	0.4196	0.9722	2.778
1454	0.4199	0.9722	2.782
1455	0.4150	0.9745	2.550
1456	0.4062	0.9778	2.216
1457	0.4099	0.9765	2.354
1458	0.4148	0.9748	2.520
1459	0.4040	0.9796	2.043
1460	0.4173	0.9729	2.705
1461	0.4190	0.9725	2.752
1462	0.4203	0.9724	2.757
1463	0.4141	0.9743	2.575
1464	0.4167	0.9738	2.618
1465	0.4170	0.9731	2.686
1466	0.4039	0.9794	2.062
1467	0.4156	0.9738	2.616
1468	0.4177	0.9730	2.695
1469	0.4189	0.9728	2.721
1470	0.4133	0.9752	2.482
1471	0.4053	0.9785	2.151
1472	0.4194	0.9723	2.767
1473	0.4171	0.9735	2.651
1474	0.4190	0.9728	2.716
1475	0.4179	0.9727	2.725
1476	0.4175	0.9728	2.719
1477	0.4204	0.9717	2.829
1478	0.4193	0.9726	2.737
1479	0.4163	0.9735	2.655
1480	0.4137	0.9752	2.481
1481	0.4136	0.9747	2.533
1482	0.4200	0.9719	2.807
1483	0.4182	0.9730	2.701
1484	0.4198	0.9721	2.785
1485	0.4169	0.9734	2.664
1486	0.4190	0.9727	2.734
1487	0.4171	0.9735	2.652
1488	0.4171	0.9734	2.655
1489	0.4145	0.9741	2.585
1490	0.4200	0.9719	2.806
1491	0.4128	0.9749	2.506
1492	0.4193	0.9726	2.737
1493	0.4174	0.9728	2.719
1494	0.4174	0.9734	2.662
1495	0.4186	0.9721	2.787
1496	0.4176	0.9733	2.670
1497	0.4100	0.9760	2.398
1498	0.4166	0.9735	2.654
1499	0.4148	0.9748	2.521
1500	0.4022	0.9801	1.987
1501	0.4177	0.9730	2.695
1502	0.4117	0.9753	2.469
1503	0.4178	0.9734	2.656
1504	0.4197	0.9724	2.761
1505	0.4141	0.9742	2.575
1506	0.4144	0.9746	2.539
1507	0.4204	0.9717	2.829
1508	0.4182	0.9730	2.704
1509	0.4170	0.9735	2.653
1510	0.4191	0.9728	2.718
1511	0.4182	0.9727	2.729
1512	0.4154	0.9741	2.594
1513	0.4157	0.9739	2.607
1514	0.4150	0.9745	2.550
1515	0.4188	0.9727	2.727
1516	0.4133	0.9752	2.484
1517	0.4203	0.9723	2.767
1518	0.4183	0.9724	2.762
1519	0.4199	0.9722	2.778
1520	0.4156	0.9738	2.616
1521	0.4191	0.9723	2.771
1522	0.4135	0.9748	2.522
1523	0.4207	0.9717	2.826
1524	0.4172	0.9729	2.705
1525	0.4190	0.9725	2.750
1526	0.4198	0.9722	2.782
1527	0.4206	0.9719	2.810
1528	0.4184	0.9729	2.710
1529	0.4170	0.9735	2.651
1530	0.4180	0.9732	2.677
1531	0.4212	0.9716	2.836
1532	0.4190	0.9727	2.731
1533	0.4154	0.9739	2.611
1534	0.4137	0.9752	2.482
1535	0.4196	0.9722	2.780
1536	0.4173	0.9732	2.681
1537	0.4179	0.9728	2.722
1538	0.4079	0.9774	2.259
1539	0.4162	0.9735	2.655
1540	0.4188	0.9728	2.717
1541	0.4202	0.9724	2.757
1542	0.4187	0.9723	2.766
1543	0.4040	0.9796	2.041
1544	0.4099	0.9765	2.353
1545	0.4148	0.9740	2.601
1546	0.4166	0.9738	2.617
1547	0.4145	0.9746	2.542
1548	0.4197	0.9722	2.781
1549	0.4189	0.9729	2.714
1550	0.4040	0.9792	2.084
1551	0.4147	0.9746	2.541
1552	0.4180	0.9729	2.708
1553	0.4205	0.9717	2.832
1554	0.4116	0.9754	2.464
1555	0.4131	0.9747	2.528
1556	0.4181	0.9729	2.711
1557	0.4135	0.9747	2.533
1558	0.4179	0.9730	2.699
1559	0.4129	0.9749	2.514
1560	0.4190	0.9726	2.738
1561	0.4172	0.9730	2.704
1562	0.4194	0.9724	2.764
1563	0.4039	0.9794	2.058
1564	0.4161	0.9734	2.655
1565	0.4195	0.9724	2.764
1566	0.4178	0.9733	2.673
1567	0.4179	0.9730	2.701
1568	0.4065	0.9783	2.169
1569	0.4169	0.9734	2.663
1570	0.4198	0.9721	2.791
1571	0.4170	0.9735	2.651
1572	0.4168	0.9732	2.683
1573	0.4176	0.9731	2.689
1574	0.4208	0.9717	2.826
1575	0.4053	0.9785	2.149
1576	0.4183	0.9730	2.701
1577	0.4195	0.9722	2.779
1578	0.4121	0.9755	2.446
1579	0.4129	0.9748	2.518
1580	0.4193	0.9726	2.743
1581	0.4190	0.9725	2.746
1582	0.4190	0.9727	2.727
1583	0.4189	0.9727	2.731
1584	0.4041	0.9794	2.063
1585	0.4145	0.9741	2.585
1586	0.4215	0.9711	2.891
1587	0.4169	0.9731	2.686
1588	0.4158	0.9737	2.626
1589	0.4178	0.9730	2.704
1590	0.4061	0.9778	2.217
1591	0.4185	0.9721	2.787
1592	0.4205	0.9716	2.838
1593	0.4127	0.9749	2.506
1594	0.4197	0.9721	2.785
1595	0.4116	0.9753	2.469
1596	0.4115	0.9753	2.467
1597	0.4078	0.9774	2.257
1598	0.4166	0.9738	2.618
1599	0.4207	0.9717	2.828
1600	0.4181	0.9727	2.730
1601	0.4174	0.9728	2.718
1602	0.4184	0.9729	2.709
1603	0.4100	0.9760	2.397
1604	0.4175	0.9733	2.672
1605	0.4196	0.9722	2.779
1606	0.4187	0.9723	2.765
1607	0.4179	0.9730	2.702
1608	0.4154	0.9739	2.614
1609	0.4187	0.9728	2.719
1610	0.4190	0.9725	2.745
1611	0.4177	0.9733	2.672
1612	0.4173	0.9732	2.682
1613	0.4156	0.9739	2.607
1614	0.4039	0.9796	2.042
1615	0.4132	0.9752	2.482
1616	0.4144	0.9745	2.547
1617	0.4165	0.9735	2.654
1618	0.4203	0.9717	2.828
1619	0.4168	0.9734	2.663
1620	0.4173	0.9734	2.662
1621	0.4178	0.9730	2.704
1622	0.4187	0.9727	2.730
1623	0.4190	0.9726	2.737
1624	0.4176	0.9730	2.697
1625	0.4039	0.9791	2.086
1626	0.4197	0.9722	2.779
1627	0.4136	0.9752	2.481
1628	0.4215	0.9711	2.891
1629	0.4155	0.9738	2.615
1630	0.4188	0.9729	2.715
1631	0.4178	0.9728	2.723
1632	0.4162	0.9735	2.653
1633	0.4146	0.9746	2.540
1634	0.4195	0.9722	2.779
1635	0.4179	0.9732	2.677
1636	0.4176	0.9731	2.689
1637	0.4190	0.9723	2.772
1638	0.4161	0.9734	2.655
1639	0.4140	0.9742	2.575
1640	0.4206	0.9717	2.826
1641	0.4189	0.9725	2.749
1642	0.4172	0.9729	2.705
1643	0.4199	0.9719	2.806
1644	0.4143	0.9746	2.538
1645	0.4178	0.9730	2.700
1646	0.4134	0.9748	2.522
1647	0.4065	0.9783	2.169
1648	0.4169	0.9734	2.655
1649	0.4169	0.9735	2.650
1650	0.4190	0.9728	2.716
1651	0.4181	0.9730	2.702
1652	0.4147	0.9740	2.599
1653	0.4197	0.9721	2.791
1654	0.4192	0.9726	2.738
1655	0.4189	0.9727	2.726
1656	0.4196	0.9724	2.762
1657	0.4128	0.9749	2.514
1658	0.4040	0.9794	2.063
1659	0.4201	0.9724	2.758
1660	0.4147	0.9748	2.520
1661	0.4128	0.9748	2.518
1662	0.4120	0.9755	2.448
1663	0.4158	0.9737	2.626
1664	0.4189	0.9727	2.734
1665	0.4177	0.9734	2.656
1666	0.4144	0.9741	2.585
1667	0.4038	0.9794	2.060
1668	0.4167	0.9732	2.684
1669	0.4061	0.9778	2.216
1670	0.4183	0.9730	2.703
1671	0.4192	0.9725	2.746
1672	0.4097	0.9765	2.354
1673	0.4181	0.9724	2.763
1674	0.4169	0.9735	2.653
1675	0.4168	0.9731	2.686
1676	0.4134	0.9747	2.532
1677	0.4180	0.9729	2.711
1678	0.4021	0.9801	1.987
1679	0.4171	0.9729	2.705
1680	0.4202	0.9723	2.767
1681	0.4153	0.9740	2.595
1682	0.4149	0.9745	2.552
1683	0.4179	0.9729	2.710
1684	0.4193	0.9723	2.765
1685	0.4204	0.9719	2.811
1686	0.4052	0.9785	2.150
1687	0.4188	0.9727	2.730
1688	0.4130	0.9747	2.528
1689	0.4198	0.9722	2.777
1690	0.4211	0.9716	2.836
1691	0.4194	0.9724	2.764
1692	0.4204	0.9717	2.833
1693	0.4115	0.9753	2.469
1694	0.4061	0.9778	2.217
1695	0.4189	0.9728	2.717
1696	0.4157	0.9737	2.626
1697	0.4194	0.9724	2.763
1698	0.4148	0.9745	2.550
1699	0.4143	0.9746	2.540
1700	0.4037	0.9794	2.061
1701	0.4153	0.9741	2.594
1702	0.4135	0.9752	2.480
1703	0.4169	0.9735	2.655
1704	0.4198	0.9722	2.778
1705	0.4211	0.9716	2.837
1706	0.4099	0.9760	2.400
1707	0.4196	0.9721	2.785
1708	0.4179	0.9729	2.709
1709	0.4181	0.9724	2.762
1710	0.4189	0.9727	2.734
1711	0.4195	0.9722	2.778
1712	0.4201	0.9724	2.756
1713	0.4197	0.9721	2.791
1714	0.4120	0.9755	2.446
1715	0.4191	0.9726	2.737
1716	0.4175	0.9731	2.688
1717	0.4143	0.9746	2.544
1718	0.4052	0.9785	2.149
1719	0.4176	0.9733	2.672
1720	0.4097	0.9765	2.354
1721	0.4214	0.9711	2.891
1722	0.4164	0.9735	2.654
1723	0.4177	0.9727	2.726
1724	0.4188	0.9728	2.716
1725	0.4186	0.9727	2.728
1726	0.4126	0.9749	2.506
1727	0.4146	0.9748	2.521
1728	0.4180	0.9729	2.712
1729	0.4195	0.9724	2.760
1730	0.4161	0.9735	2.655
1731	0.4160	0.9735	2.654
1732	0.4171	0.9729	2.705
1733	0.4178	0.9732	2.677
1734	0.4169	0.9735	2.652
1735	0.4153	0.9739	2.614
1736	0.4192	0.9724	2.764
1737	0.4178	0.9730	2.701
1738	0.4196	0.9722	2.782
1739	0.4064	0.9783	2.169
1740	0.4114	0.9753	2.467
1741	0.4172	0.9734	2.662
1742	0.4189	0.9725	2.745
1743	0.4154	0.9739	2.615
1744	0.4191	0.9725	2.746
1745	0.4189	0.9726	2.737
1746	0.4188	0.9725	2.751
1747	0.4176	0.9734	2.656
1748	0.4038	0.9796	2.043
1749	0.4177	0.9730	2.703
1750	0.4168	0.9731	2.686
1751	0.4184	0.9721	2.787
1752	0.4172	0.9732	2.682
1753	0.4145	0.9746	2.541
1754	0.4182	0.9730	2.702
1755	0.4020	0.9801	1.988
1756	0.4172	0.9728	2.718
1757	0.4204	0.9719	2.812
1758	0.4134	0.9747	2.533
1759	0.4205	0.9718	2.822
1760	0.4206	0.9717	2.828
1761	0.4180	0.9730	2.703
1762	0.4171	0.9729	2.709
1763	0.4139	0.9743	2.574
1764	0.4167	0.9734	2.663
1765	0.4169	0.9735	2.652
1766	0.4038	0.9791	2.086
1767	0.4077	0.9774	2.257
1768	0.4131	0.9752	2.481
1769	0.4183	0.9729	2.709
1770	0.4177	0.9730	2.701
1771	0.4129	0.9747	2.528
1772	0.4155	0.9739	2.608
1773	0.4127	0.9748	2.517
1774	0.4188	0.9727	2.729
1775	0.4133	0.9748	2.518
1776	0.4193	0.9722	2.783
1777	0.4143	0.9741	2.586
1778	0.4202	0.9717	2.830
1779	0.4164	0.9738	2.618
1780	0.4166	0.9732	2.684
1781	0.4127	0.9749	2.514
1782	0.4198	0.9719	2.808
1783	0.4180	0.9727	2.730
1784	0.4201	0.9723	2.767
1785	0.4185	0.9723	2.765
1786	0.4174	0.9730	2.696
1787	0.4186	0.9728	2.719
1788	0.4174	0.9733	2.669
1789	0.4189	0.9723	2.772
1790	0.4146	0.9740	2.598
1791	0.4188	0.9727	2.728
1792	0.4039	0.9794	2.063
1793	0.4191	0.9726	2.736
1794	0.4189	0.9723	2.773
1795	0.4038	0.9792	2.085
1796	0.4178	0.9732	2.677
1797	0.4174	0.9730	2.696
1798	0.4179	0.9727	2.728
1799	0.4170	0.9729	2.705
1800	0.4130	0.9752	2.484
1801	0.4133	0.9748	2.521
1802	0.4127	0.9749	2.514
1803	0.4202	0.9717	2.829
1804	0.4171	0.9732	2.682
1805	0.4152	0.9741	2.594
1806	0.4114	0.9753	2.467
1807	0.4160	0.9735	2.654
1808	0.4203	0.9719	2.811
1809	0.4182	0.9730	2.701
1810	0.4125	0.9749	2.506
1811	0.4193	0.9722	2.778
1812	0.4188	0.9727	2.734
1813	0.4156	0.9737	2.626
1814	0.4145	0.9746	2.540
1815	0.4114	0.9753	2.469
1816	0.4191	0.9726	2.743
1817	0.4129	0.9747	2.527
1818	0.4176	0.9733	2.672
1819	0.4177	0.9730	2.699
1820	0.4167	0.9734	2.662
1821	0.4168	0.9735	2.654
1822	0.4168	0.9735	2.651
1823	0.4210	0.9716	2.837
1824	0.4196	0.9722	2.782
1825	0.4036	0.9794	2.060
1826	0.4119	0.9755	2.448
1827	0.4127	0.9748	2.517
1828	0.4138	0.9743	2.574
1829	0.4168	0.9735	2.653
1830	0.4152	0.9739	2.613
1831	0.4059	0.9779	2.215
1832	0.4197	0.9722	2.779
1833	0.4098	0.9760	2.397
1834	0.4164	0.9738	2.618
1835	0.4188	0.9726	2.736
1836	0.4037	0.9796	2.041
1837	0.4182	0.9729	2.711
1838	0.4183	0.9721	2.788
1839	0.4176	0.9729	2.706
1840	0.4159	0.9734	2.655
1841	0.4188	0.9728	2.719
1842	0.4200	0.9724	2.758
1843	0.4172	0.9728	2.718
1844	0.4174	0.9733	2.671
1845	0.4187	0.9725	2.752
1846	0.4197	0.9719	2.807
1847	0.4186	0.9728	2.721
1848	0.4213	0.9711	2.891
1849	0.4180	0.9724	2.763
1850	0.4170	0.9729	2.710
1851	0.4187	0.9728	2.715
1852	0.4154	0.9739	2.607
1853	0.4195	0.9721	2.786
1854	0.4141	0.9746	2.540
1855	0.4142	0.9746	2.544
1856	0.4167	0.9731	2.685
1857	0.4188	0.9727	2.727
1858	0.4204	0.9717	2.826
1859	0.4205	0.9718	2.825
1860	0.4177	0.9730	2.702
1861	0.4196	0.9721	2.791
1862	0.4178	0.9729	2.708
1863	0.4020	0.9801	1.988
1864	0.4165	0.9732	2.682
1865	0.4174	0.9731	2.689
1866	0.4153	0.9739	2.615
1867	0.4096	0.9765	2.354
1868	0.4133	0.9747	2.534
1869	0.4063	0.9783	2.171
1870	0.4203	0.9716	2.837
1871	0.4185	0.9723	2.768
1872	0.4194	0.9722	2.779
1873	0.4171	0.9734	2.662
1874	0.4176	0.9727	2.726
1875	0.4039	0.9794	2.063
1876	0.4076	0.9774	2.256
1877	0.4191	0.9723	2.767
1878	0.4145	0.9740	2.598
1879	0.4179	0.9729	2.710
1880	0.4194	0.9724	2.761
1881	0.4200	0.9723	2.766
1882	0.4175	0.9734	2.655
1883	0.4134	0.9752	2.480
1884	0.4179	0.9730	2.701
1885	0.4192	0.9724	2.762
1886	0.4050	0.9785	2.149
1887	0.4147	0.9745	2.550
1888	0.4163	0.9734	2.656
1889	0.4145	0.9748	2.521
1890	0.4188	0.9725	2.746
1891	0.4142	0.9742	2.584
1892	0.4185	0.9727	2.728
1893	0.4187	0.9727	2.730
1894	0.4177	0.9732	2.676
1895	0.4166	0.9734	2.661
1896	0.4167	0.9735	2.650
1897	0.4144	0.9746	2.540
1898	0.4188	0.9729	2.715
1899	0.4196	0.9722	2.778
1900	0.4194	0.9722	2.783
1901	0.4159	0.9735	2.654
1902	0.4203	0.9719	2.811
1903	0.4156	0.9737	2.627
1904	0.4173	0.9730	2.696
1905	0.4037	0.9796	2.042
1906	0.4187	0.9727	2.726
1907	0.4194	0.9724	2.761
1908	0.4192	0.9724	2.763
1909	0.4209	0.9716	2.837
1910	0.4038	0.9794	2.063
1911	0.4190	0.9726	2.744
1912	0.4190	0.9726	2.737
1913	0.4159	0.9735	2.654
1914	0.4191	0.9724	2.764
1915	0.4132	0.9748	2.521
1916	0.4126	0.9748	2.518
1917	0.4179	0.9724	2.762
1918	0.4170	0.9732	2.683
1919	0.4193	0.9722	2.778
1920	0.4177	0.9730	2.702
1921	0.4147	0.9745	2.550
1922	0.4128	0.9747	2.527
1923	0.4195	0.9722	2.782
1924	0.4163	0.9734	2.657
1925	0.4075	0.9774	2.257
1926	0.4097	0.9760	2.400
1927	0.4174	0.9731	2.689
1928	0.4142	0.9741	2.585
1929	0.4178	0.9730	2.701
1930	0.4196	0.9719	2.806
1931	0.4129	0.9752	2.482
1932	0.4200	0.9723	2.767
1933	0.4178	0.9727	2.728
1934	0.4167	0.9735	2.651
1935	0.4169	0.9730	2.704
1936	0.4176	0.9728	2.722
1937	0.4176	0.9730	2.700
1938	0.4195	0.9721	2.790
1939	0.4036	0.9794	2.060
1940	0.4192	0.9722	2.778
1941	0.4095	0.9765	2.354
1942	0.4167	0.9734	2.655
1943	0.4186	0.9727	2.730
1944	0.4203	0.9717	2.826
1945	0.4178	0.9729	2.712
1946	0.4151	0.9739	2.611
1947	0.4174	0.9734	2.655
1948	0.4170	0.9734	2.661
1949	0.4062	0.9783	2.169
1950	0.4126	0.9749	2.514
1951	0.4175	0.9733	2.672
1952	0.4124	0.9749	2.506
1953	0.4019	0.9801	1.987
1954	0.4187	0.9726	2.736
1955	0.4188	0.9722	2.778
1956	0.4185	0.9728	2.721
1957	0.4177	0.9729	2.711
1958	0.4184	0.9723	2.765
1959	0.4186	0.9725	2.752
1960	0.4165	0.9732	2.683
1961	0.4163	0.9738	2.618
1962	0.4037	0.9792	2.085
1963	0.4169	0.9729	2.709
1964	0.4113	0.9753	2.469
1965	0.4182	0.9721	2.788
1966	0.4200	0.9717	2.827
1967	0.4212	0.9711	2.891
1968	0.4175	0.9730	2.703
1969	0.4187	0.9726	2.745
1970	0.4187	0.9727	2.734
1971	0.4184	0.9727	2.729
1972	0.4058	0.9778	2.217
1973	0.4180	0.9730	2.701
1974	0.4112	0.9753	2.467
1975	0.4137	0.9743	2.574
1976	0.4049	0.9785	2.151
1977	0.4140	0.9746	2.539
1978	0.4202	0.9716	2.835
1979	0.4132	0.9747	2.533
1980	0.4173	0.9733	2.670
1981	0.4118	0.9755	2.449
1982	0.4151	0.9741	2.594
1983	0.4199	0.9724	2.758
1984	0.4144	0.9748	2.520
1985	0.4133	0.9752	2.480
1986	0.4166	0.9731	2.685
1987	0.4171	0.9728	2.718
1988	0.4144	0.9740	2.598
1989	0.4204	0.9717	2.827
1990	0.4186	0.9729	2.715
1991	0.4152	0.9739	2.614
1992	0.4153	0.9739	2.606
1993	0.4141	0.9746	2.544
1994	0.4181	0.9729	2.710
1995	0.4058	0.9778	2.217
1996	0.4019	0.9801	1.988
1997	0.4199	0.9724	2.758
1998	0.4175	0.9730	2.703
1999	0.4190	0.9724	2.764
