0	0.4125	0.9791	2.094
1	0.4265	0.9731	2.686
2	0.4282	0.9721	2.789
3	0.4255	0.9731	2.690
4	0.4282	0.9723	2.768
5	0.4164	0.9773	2.267
6	0.4273	0.9728	2.721
7	0.4276	0.9728	2.718
8	0.4274	0.9728	2.719
9	0.4280	0.9723	2.770
10	0.4261	0.9733	2.672
11	0.4230	0.9741	2.588
12	0.4255	0.9734	2.664
13	0.4263	0.9734	2.660
14	0.4247	0.9734	2.658
15	0.4247	0.9734	2.655
16	0.4297	0.9716	2.843
17	0.4230	0.9745	2.552
18	0.4266	0.9730	2.704
19	0.4239	0.9741	2.595
20	0.4268	0.9724	2.765
21	0.4254	0.9734	2.665
22	0.4275	0.9725	2.752
23	0.4272	0.9727	2.732
24	0.4258	0.9734	2.661
25	0.4232	0.9746	2.541
26	0.4126	0.9793	2.072
27	0.4239	0.9739	2.613
28	0.4292	0.9717	2.830
29	0.4290	0.9716	2.838
30	0.4206	0.9755	2.448
31	0.4253	0.9731	2.685
32	0.4265	0.9729	2.709
33	0.4255	0.9734	2.663
34	0.4293	0.9717	2.830
35	0.4285	0.9719	2.810
36	0.4229	0.9745	2.550
37	0.4232	0.9747	2.526
38	0.4107	0.9801	1.992
39	0.4255	0.9734	2.656
40	0.4271	0.9722	2.783
41	0.4264	0.9727	2.726
42	0.4138	0.9785	2.155
43	0.4251	0.9734	2.656
44	0.4301	0.9711	2.895
45	0.4212	0.9749	2.513
46	0.4277	0.9726	2.737
47	0.4278	0.9725	2.753
48	0.4279	0.9723	2.772
49	0.4241	0.9739	2.611
50	0.4266	0.9728	2.717
51	0.4124	0.9796	2.043
52	0.4289	0.9716	2.838
53	0.4263	0.9729	2.708
54	0.4150	0.9783	2.170
55	0.4258	0.9731	2.688
56	0.4257	0.9729	2.712
57	0.4243	0.9737	2.631
58	0.4220	0.9746	2.540
59	0.4240	0.9738	2.624
60	0.4234	0.9744	2.559
61	0.4290	0.9718	2.819
62	0.4280	0.9722	2.783
63	0.4265	0.9728	2.716
64	0.4123	0.9794	2.065
65	0.4287	0.9723	2.768
66	0.4281	0.9722	2.781
67	0.4263	0.9732	2.682
68	0.4261	0.9731	2.692
69	0.4276	0.9721	2.786
70	0.4146	0.9778	2.217
71	0.4216	0.9747	2.532
72	0.4266	0.9727	2.735
73	0.4232	0.9740	2.604
74	0.4275	0.9726	2.740
75	0.4282	0.9722	2.779
76	0.4257	0.9729	2.713
77	0.4259	0.9728	2.719
78	0.4251	0.9737	2.628
79	0.4287	0.9724	2.764
80	0.4275	0.9727	2.730
81	0.4274	0.9727	2.734
82	0.4200	0.9753	2.471
83	0.4269	0.9729	2.713
84	0.4217	0.9751	2.489
85	0.4268	0.9729	2.708
86	0.4225	0.9742	2.582
87	0.4274	0.9726	2.742
88	0.4213	0.9748	2.519
89	0.4274	0.9724	2.760
90	0.4284	0.9721	2.785
91	0.4219	0.9747	2.527
92	0.4214	0.9748	2.522
93	0.4261	0.9730	2.698
94	0.4263	0.9729	2.705
95	0.4271	0.9723	2.766
96	0.4221	0.9752	2.484
97	0.4269	0.9729	2.714
98	0.4231	0.9746	2.545
99	0.4282	0.9722	2.780
100	0.4273	0.9727	2.734
101	0.4274	0.9724	2.757
102	0.4286	0.9724	2.763
103	0.4255	0.9734	2.655
104	0.4258	0.9731	2.689
105	0.4257	0.9729	2.713
106	0.4213	0.9748	2.519
107	0.4274	0.9726	2.739
108	0.4281	0.9723	2.768
109	0.4277	0.9725	2.753
110	0.4254	0.9731	2.689
111	0.4291	0.9717	2.834
112	0.4275	0.9725	2.754
113	0.4264	0.9728	2.715
114	0.4263	0.9727	2.727
115	0.4273	0.9728	2.719
116	0.4231	0.9747	2.528
117	0.4229	0.9745	2.551
118	0.4212	0.9749	2.512
119	0.4275	0.9722	2.785
120	0.4261	0.9731	2.690
121	0.4270	0.9722	2.782
122	0.4232	0.9739	2.605
123	0.4257	0.9734	2.663
124	0.4149	0.9783	2.169
125	0.4106	0.9801	1.990
126	0.4256	0.9729	2.712
127	0.4239	0.9738	2.625
128	0.4260	0.9730	2.698
129	0.4258	0.9728	2.719
130	0.4240	0.9739	2.613
131	0.4266	0.9723	2.770
132	0.4246	0.9734	2.657
133	0.4277	0.9726	2.738
134	0.4271	0.9723	2.767
135	0.4264	0.9731	2.687
136	0.4274	0.9726	2.743
137	0.4182	0.9764	2.360
138	0.4162	0.9773	2.267
139	0.4264	0.9729	2.708
140	0.4238	0.9740	2.600
141	0.4271	0.9727	2.735
142	0.4124	0.9791	2.093
143	0.4265	0.9727	2.734
144	0.4261	0.9734	2.663
145	0.4280	0.9722	2.780
146	0.4267	0.9729	2.708
147	0.4227	0.9745	2.549
148	0.4262	0.9732	2.682
149	0.4254	0.9734	2.662
150	0.4263	0.9729	2.706
151	0.4282	0.9720	2.802
152	0.4123	0.9796	2.044
153	0.4279	0.9722	2.783
154	0.4249	0.9734	2.655
155	0.4219	0.9746	2.539
156	0.4213	0.9748	2.521
157	0.4289	0.9716	2.842
158	0.4281	0.9721	2.792
159	0.4259	0.9733	2.672
160	0.4136	0.9785	2.152
161	0.4253	0.9733	2.669
162	0.4252	0.9731	2.690
163	0.4291	0.9717	2.835
164	0.4238	0.9738	2.617
165	0.4254	0.9734	2.665
166	0.4286	0.9723	2.769
167	0.4274	0.9728	2.720
168	0.4122	0.9794	2.064
169	0.4262	0.9729	2.709
170	0.4184	0.9760	2.401
171	0.4220	0.9751	2.486
172	0.4215	0.9747	2.533
173	0.4277	0.9723	2.774
174	0.4200	0.9753	2.475
175	0.4265	0.9729	2.705
176	0.4242	0.9737	2.632
177	0.4271	0.9728	2.722
178	0.4283	0.9722	2.785
179	0.4218	0.9747	2.527
180	0.4228	0.9741	2.589
181	0.4224	0.9742	2.581
182	0.4233	0.9744	2.559
183	0.4287	0.9716	2.839
184	0.4145	0.9778	2.216
185	0.4265	0.9728	2.719
186	0.4299	0.9711	2.894
187	0.4279	0.9723	2.771
188	0.4250	0.9737	2.627
189	0.4199	0.9753	2.469
190	0.4245	0.9734	2.658
191	0.4283	0.9719	2.811
192	0.4204	0.9755	2.449
193	0.4296	0.9716	2.845
194	0.4273	0.9727	2.730
195	0.4216	0.9751	2.487
196	0.4124	0.9793	2.071
197	0.4289	0.9718	2.816
198	0.4261	0.9732	2.683
199	0.4280	0.9721	2.785
200	0.4272	0.9727	2.734
201	0.4262	0.9727	2.731
202	0.4231	0.9747	2.527
203	0.4253	0.9731	2.690
204	0.4295	0.9716	2.844
205	0.4148	0.9783	2.170
206	0.4122	0.9793	2.065
207	0.4199	0.9753	2.473
208	0.4145	0.9779	2.214
209	0.4263	0.9729	2.709
210	0.4273	0.9724	2.760
211	0.4255	0.9729	2.712
212	0.4224	0.9742	2.582
213	0.4276	0.9726	2.745
214	0.4274	0.9728	2.721
215	0.4255	0.9728	2.716
216	0.4259	0.9733	2.675
217	0.4260	0.9731	2.693
218	0.4280	0.9723	2.767
219	0.4218	0.9746	2.541
220	0.4273	0.9726	2.744
221	0.4278	0.9722	2.785
222	0.4259	0.9730	2.699
223	0.4271	0.9728	2.722
224	0.4199	0.9753	2.468
225	0.4252	0.9733	2.669
226	0.4282	0.9721	2.788
227	0.4253	0.9734	2.663
228	0.4273	0.9726	2.743
229	0.4277	0.9723	2.774
230	0.4218	0.9747	2.527
231	0.4214	0.9747	2.532
232	0.4267	0.9729	2.709
233	0.4228	0.9744	2.556
234	0.4215	0.9751	2.488
235	0.4212	0.9748	2.523
236	0.4123	0.9791	2.091
237	0.4239	0.9739	2.614
238	0.4264	0.9726	2.735
239	0.4261	0.9729	2.709
240	0.4136	0.9785	2.152
241	0.4280	0.9721	2.790
242	0.4257	0.9728	2.721
243	0.4288	0.9716	2.844
244	0.4274	0.9721	2.787
245	0.4288	0.9718	2.816
246	0.4264	0.9728	2.718
247	0.4237	0.9740	2.603
248	0.4268	0.9721	2.791
249	0.4275	0.9726	2.737
250	0.4299	0.9711	2.892
251	0.4287	0.9716	2.838
252	0.4260	0.9734	2.665
253	0.4249	0.9737	2.627
254	0.4281	0.9720	2.803
255	0.4273	0.9727	2.730
256	0.4161	0.9773	2.267
257	0.4256	0.9731	2.688
258	0.4244	0.9734	2.659
259	0.4282	0.9719	2.811
260	0.4290	0.9717	2.835
261	0.4285	0.9724	2.764
262	0.4237	0.9738	2.616
263	0.4238	0.9738	2.623
264	0.4104	0.9801	1.990
265	0.4251	0.9731	2.689
266	0.4262	0.9730	2.705
267	0.4270	0.9723	2.767
268	0.4181	0.9764	2.359
269	0.4270	0.9727	2.734
270	0.4211	0.9748	2.520
271	0.4122	0.9795	2.045
272	0.4264	0.9729	2.707
273	0.4123	0.9793	2.070
274	0.4241	0.9737	2.634
275	0.4182	0.9760	2.401
276	0.4278	0.9723	2.773
277	0.4245	0.9734	2.659
278	0.4232	0.9744	2.557
279	0.4267	0.9728	2.718
280	0.4256	0.9734	2.665
281	0.4204	0.9755	2.450
282	0.4248	0.9735	2.654
283	0.4285	0.9723	2.766
284	0.4273	0.9725	2.753
285	0.4280	0.9722	2.780
286	0.4227	0.9741	2.589
287	0.4210	0.9749	2.512
288	0.4272	0.9728	2.725
289	0.4219	0.9751	2.486
290	0.4265	0.9723	2.770
291	0.4253	0.9734	2.665
292	0.4230	0.9740	2.603
293	0.4263	0.9728	2.717
294	0.4253	0.9734	2.655
295	0.4229	0.9746	2.545
296	0.4226	0.9745	2.547
297	0.4262	0.9731	2.687
298	0.4289	0.9717	2.832
299	0.4256	0.9734	2.664
300	0.4211	0.9748	2.519
301	0.4248	0.9734	2.655
302	0.4288	0.9716	2.842
303	0.4135	0.9785	2.152
304	0.4270	0.9728	2.721
305	0.4226	0.9745	2.547
306	0.4271	0.9727	2.734
307	0.4270	0.9727	2.734
308	0.4261	0.9729	2.706
309	0.4121	0.9794	2.065
310	0.4122	0.9791	2.094
311	0.4277	0.9723	2.772
312	0.4238	0.9738	2.624
313	0.4121	0.9795	2.047
314	0.4239	0.9739	2.614
315	0.4213	0.9747	2.533
316	0.4262	0.9731	2.689
317	0.4182	0.9760	2.401
318	0.4285	0.9723	2.766
319	0.4251	0.9731	2.690
320	0.4236	0.9738	2.618
321	0.4281	0.9721	2.789
322	0.4210	0.9749	2.513
323	0.4288	0.9718	2.816
324	0.4144	0.9779	2.214
325	0.4211	0.9748	2.524
326	0.4266	0.9728	2.720
327	0.4214	0.9751	2.489
328	0.4252	0.9733	2.668
329	0.4294	0.9716	2.844
330	0.4272	0.9728	2.722
331	0.4263	0.9729	2.711
332	0.4230	0.9740	2.600
333	0.4269	0.9723	2.770
334	0.4286	0.9716	2.838
335	0.4254	0.9729	2.713
336	0.4198	0.9753	2.468
337	0.4180	0.9764	2.358
338	0.4217	0.9746	2.541
339	0.4261	0.9727	2.732
340	0.4104	0.9801	1.990
341	0.4279	0.9721	2.792
342	0.4260	0.9729	2.711
343	0.4266	0.9729	2.711
344	0.4276	0.9723	2.772
345	0.4236	0.9740	2.603
346	0.4272	0.9724	2.760
347	0.4240	0.9737	2.633
348	0.4252	0.9735	2.653
349	0.4243	0.9734	2.660
350	0.4263	0.9728	2.718
351	0.4244	0.9734	2.659
352	0.4298	0.9711	2.892
353	0.4277	0.9722	2.784
354	0.4278	0.9722	2.785
355	0.4281	0.9719	2.811
356	0.4248	0.9737	2.627
357	0.4284	0.9724	2.764
358	0.4258	0.9730	2.696
359	0.4259	0.9734	2.662
360	0.4250	0.9731	2.688
361	0.4257	0.9733	2.670
362	0.4256	0.9728	2.717
363	0.4280	0.9722	2.781
364	0.4228	0.9746	2.544
365	0.4203	0.9755	2.448
366	0.4250	0.9733	2.667
367	0.4272	0.9726	2.739
368	0.4222	0.9742	2.581
369	0.4274	0.9726	2.738
370	0.4218	0.9752	2.484
371	0.4272	0.9725	2.754
372	0.4271	0.9728	2.719
373	0.4147	0.9783	2.169
374	0.4261	0.9729	2.708
375	0.4198	0.9752	2.475
376	0.4216	0.9747	2.526
377	0.4254	0.9729	2.712
378	0.4278	0.9723	2.767
379	0.4263	0.9727	2.735
380	0.4272	0.9727	2.730
381	0.4289	0.9716	2.835
382	0.4280	0.9720	2.801
383	0.4267	0.9721	2.786
384	0.4229	0.9747	2.527
385	0.4274	0.9725	2.753
386	0.4226	0.9741	2.589
387	0.4255	0.9731	2.688
388	0.4258	0.9731	2.691
389	0.4160	0.9773	2.265
390	0.4288	0.9717	2.833
391	0.4231	0.9744	2.558
392	0.4272	0.9721	2.786
393	0.4122	0.9793	2.070
394	0.4259	0.9732	2.681
395	0.4264	0.9723	2.770
396	0.4262	0.9728	2.717
397	0.4251	0.9734	2.663
398	0.4226	0.9745	2.555
399	0.4271	0.9726	2.742
400	0.4261	0.9729	2.708
401	0.4270	0.9728	2.720
402	0.4258	0.9730	2.696
403	0.4284	0.9723	2.768
404	0.4103	0.9801	1.991
405	0.4251	0.9734	2.664
406	0.4121	0.9791	2.093
407	0.4134	0.9785	2.152
408	0.4217	0.9746	2.541
409	0.4272	0.9721	2.787
410	0.4243	0.9734	2.659
411	0.4235	0.9738	2.617
412	0.4279	0.9722	2.780
413	0.4257	0.9733	2.673
414	0.4249	0.9731	2.689
415	0.4228	0.9746	2.544
416	0.4280	0.9721	2.786
417	0.4251	0.9734	2.665
418	0.4288	0.9717	2.833
419	0.4255	0.9728	2.718
420	0.4247	0.9734	2.655
421	0.4262	0.9727	2.734
422	0.4243	0.9734	2.656
423	0.4265	0.9729	2.709
424	0.4260	0.9729	2.705
425	0.4251	0.9735	2.654
426	0.4265	0.9729	2.713
427	0.4287	0.9718	2.818
428	0.4261	0.9728	2.717
429	0.4271	0.9726	2.740
430	0.4236	0.9738	2.623
431	0.4271	0.9727	2.730
432	0.4258	0.9731	2.691
433	0.4179	0.9764	2.358
434	0.4271	0.9728	2.720
435	0.4285	0.9716	2.837
436	0.4120	0.9796	2.044
437	0.4250	0.9731	2.691
438	0.4280	0.9719	2.811
439	0.4278	0.9721	2.792
440	0.4237	0.9739	2.612
441	0.4253	0.9729	2.712
442	0.4259	0.9732	2.681
443	0.4253	0.9729	2.713
444	0.4230	0.9744	2.559
445	0.4270	0.9727	2.735
446	0.4275	0.9723	2.774
447	0.4262	0.9728	2.716
448	0.4273	0.9726	2.739
449	0.4276	0.9722	2.782
450	0.4212	0.9747	2.533
451	0.4271	0.9726	2.739
452	0.4250	0.9733	2.666
453	0.4288	0.9717	2.832
454	0.4224	0.9745	2.549
455	0.4217	0.9752	2.484
456	0.4119	0.9794	2.063
457	0.4254	0.9731	2.688
458	0.4279	0.9720	2.802
459	0.4268	0.9723	2.769
460	0.4276	0.9723	2.769
461	0.4259	0.9729	2.708
462	0.4266	0.9722	2.783
463	0.4159	0.9773	2.266
464	0.4146	0.9783	2.169
465	0.4142	0.9778	2.217
466	0.4271	0.9725	2.753
467	0.4228	0.9740	2.604
468	0.4269	0.9728	2.721
469	0.4296	0.9711	2.895
470	0.4277	0.9722	2.780
471	0.4181	0.9760	2.400
472	0.4260	0.9731	2.686
473	0.4209	0.9748	2.519
474	0.4221	0.9742	2.581
475	0.4225	0.9745	2.554
476	0.4215	0.9747	2.526
477	0.4197	0.9752	2.476
478	0.4277	0.9723	2.769
479	0.4262	0.9729	2.707
480	0.4259	0.9727	2.730
481	0.4210	0.9748	2.523
482	0.4228	0.9747	2.527
483	0.4121	0.9793	2.071
484	0.4208	0.9749	2.513
485	0.4196	0.9753	2.468
486	0.4274	0.9725	2.747
487	0.4268	0.9726	2.736
488	0.4258	0.9733	2.665
489	0.4213	0.9751	2.488
490	0.4283	0.9724	2.763
491	0.4201	0.9755	2.449
492	0.4270	0.9724	2.759
493	0.4293	0.9716	2.845
494	0.4263	0.9723	2.770
495	0.4225	0.9741	2.589
496	0.4247	0.9738	2.625
497	0.4234	0.9740	2.599
498	0.4286	0.9716	2.842
499	0.4254	0.9734	2.664
500	0.4239	0.9737	2.633
501	0.4257	0.9730	2.698
502	0.4120	0.9791	2.093
503	0.4228	0.9740	2.602
504	0.4282	0.9723	2.765
505	0.4279	0.9721	2.787
506	0.4209	0.9748	2.523
507	0.4253	0.9729	2.713
508	0.4270	0.9726	2.743
509	0.4224	0.9745	2.547
510	0.4270	0.9724	2.761
511	0.4217	0.9751	2.485
512	0.4215	0.9747	2.526
513	0.4209	0.9748	2.519
514	0.4250	0.9734	2.665
515	0.4145	0.9783	2.169
516	0.4256	0.9733	2.674
517	0.4275	0.9723	2.772
518	0.4284	0.9716	2.839
519	0.4269	0.9727	2.734
520	0.4248	0.9731	2.688
521	0.4269	0.9728	2.722
522	0.4133	0.9785	2.152
523	0.4292	0.9716	2.845
524	0.4274	0.9723	2.773
525	0.4264	0.9729	2.709
526	0.4280	0.9719	2.811
527	0.4270	0.9725	2.754
528	0.4246	0.9734	2.655
529	0.4227	0.9746	2.544
530	0.4241	0.9734	2.658
531	0.4261	0.9730	2.705
532	0.4212	0.9751	2.488
533	0.4270	0.9726	2.738
534	0.4253	0.9734	2.663
535	0.4215	0.9746	2.540
536	0.4276	0.9722	2.782
537	0.4276	0.9723	2.767
538	0.4235	0.9738	2.623
539	0.4196	0.9752	2.476
540	0.4102	0.9801	1.991
541	0.4180	0.9760	2.401
542	0.4285	0.9718	2.816
543	0.4258	0.9734	2.665
544	0.4282	0.9723	2.767
545	0.4261	0.9727	2.734
546	0.4285	0.9716	2.842
547	0.4258	0.9729	2.708
548	0.4260	0.9731	2.687
549	0.4249	0.9731	2.690
550	0.4278	0.9720	2.801
551	0.4271	0.9721	2.786
552	0.4227	0.9747	2.527
553	0.4258	0.9727	2.730
554	0.4273	0.9725	2.752
555	0.4262	0.9723	2.769
556	0.4254	0.9728	2.717
557	0.4211	0.9747	2.534
558	0.4275	0.9722	2.783
559	0.4234	0.9740	2.598
560	0.4268	0.9728	2.721
561	0.4158	0.9773	2.265
562	0.4250	0.9734	2.663
563	0.4121	0.9793	2.071
564	0.4258	0.9732	2.682
565	0.4238	0.9737	2.633
566	0.4272	0.9726	2.737
567	0.4178	0.9764	2.359
568	0.4277	0.9721	2.789
569	0.4295	0.9711	2.892
570	0.4252	0.9729	2.714
571	0.4119	0.9795	2.045
572	0.4258	0.9729	2.706
573	0.4224	0.9744	2.557
574	0.4242	0.9734	2.659
575	0.4195	0.9753	2.470
576	0.4259	0.9729	2.706
577	0.4248	0.9733	2.668
578	0.4201	0.9755	2.451
579	0.4286	0.9717	2.834
580	0.4141	0.9779	2.214
581	0.4207	0.9749	2.512
582	0.4220	0.9742	2.581
583	0.4234	0.9738	2.617
584	0.4250	0.9735	2.651
585	0.4267	0.9726	2.736
586	0.4264	0.9728	2.719
587	0.4287	0.9717	2.834
588	0.4267	0.9723	2.770
589	0.4224	0.9741	2.589
590	0.4118	0.9794	2.064
591	0.4246	0.9737	2.626
592	0.4277	0.9722	2.781
593	0.4261	0.9728	2.718
594	0.4265	0.9721	2.791
595	0.4260	0.9728	2.717
596	0.4253	0.9731	2.690
597	0.4270	0.9727	2.730
598	0.4229	0.9744	2.557
599	0.4236	0.9739	2.613
600	0.4270	0.9728	2.721
601	0.4256	0.9731	2.693
602	0.4216	0.9752	2.485
603	0.4211	0.9747	2.532
604	0.4229	0.9744	2.559
605	0.4227	0.9740	2.604
606	0.4274	0.9722	2.784
607	0.4261	0.9726	2.735
608	0.4253	0.9728	2.717
609	0.4259	0.9731	2.686
610	0.4235	0.9738	2.623
611	0.4195	0.9752	2.475
612	0.4278	0.9721	2.785
613	0.4200	0.9755	2.449
614	0.4258	0.9730	2.704
615	0.4223	0.9745	2.546
616	0.4238	0.9737	2.631
617	0.4251	0.9729	2.712
618	0.4208	0.9748	2.519
619	0.4272	0.9725	2.749
620	0.4214	0.9747	2.527
621	0.4283	0.9716	2.838
622	0.4141	0.9778	2.216
623	0.4241	0.9734	2.659
624	0.4284	0.9716	2.842
625	0.4291	0.9716	2.844
626	0.4120	0.9793	2.069
627	0.4240	0.9734	2.660
628	0.4276	0.9722	2.783
629	0.4252	0.9731	2.690
630	0.4277	0.9722	2.780
631	0.4118	0.9796	2.045
632	0.4214	0.9746	2.540
633	0.4286	0.9717	2.833
634	0.4269	0.9726	2.742
635	0.4211	0.9751	2.489
636	0.4263	0.9729	2.711
637	0.4268	0.9727	2.734
638	0.4132	0.9785	2.152
639	0.4245	0.9737	2.626
640	0.4273	0.9723	2.774
641	0.4233	0.9740	2.602
642	0.4235	0.9739	2.613
643	0.4267	0.9728	2.720
644	0.4248	0.9731	2.690
645	0.4179	0.9760	2.401
646	0.4260	0.9728	2.717
647	0.4233	0.9738	2.619
648	0.4224	0.9741	2.590
649	0.4266	0.9726	2.735
650	0.4177	0.9764	2.358
651	0.4269	0.9727	2.730
652	0.4255	0.9733	2.673
653	0.4277	0.9720	2.803
654	0.4223	0.9745	2.554
655	0.4258	0.9729	2.709
656	0.4269	0.9728	2.719
657	0.4257	0.9727	2.729
658	0.4295	0.9710	2.897
659	0.4226	0.9747	2.528
660	0.4206	0.9749	2.513
661	0.4264	0.9721	2.786
662	0.4117	0.9794	2.063
663	0.4194	0.9753	2.470
664	0.4255	0.9731	2.693
665	0.4208	0.9748	2.524
666	0.4271	0.9726	2.737
667	0.4286	0.9717	2.834
668	0.4249	0.9734	2.664
669	0.4248	0.9733	2.668
670	0.4260	0.9730	2.705
671	0.4259	0.9728	2.716
672	0.4157	0.9773	2.266
673	0.4266	0.9723	2.766
674	0.4249	0.9735	2.654
675	0.4100	0.9801	1.990
676	0.4284	0.9718	2.818
677	0.4256	0.9732	2.682
678	0.4257	0.9729	2.709
679	0.4268	0.9728	2.721
680	0.4255	0.9730	2.696
681	0.4268	0.9724	2.759
682	0.4251	0.9729	2.712
683	0.4269	0.9721	2.786
684	0.4269	0.9726	2.742
685	0.4256	0.9734	2.663
686	0.4225	0.9746	2.543
687	0.4261	0.9723	2.768
688	0.4278	0.9719	2.811
689	0.4244	0.9734	2.656
690	0.4246	0.9731	2.687
691	0.4118	0.9791	2.092
692	0.4249	0.9734	2.665
693	0.4144	0.9783	2.169
694	0.4219	0.9742	2.582
695	0.4275	0.9721	2.790
696	0.4269	0.9725	2.752
697	0.4263	0.9728	2.717
698	0.4274	0.9723	2.773
699	0.4281	0.9723	2.767
700	0.4281	0.9724	2.763
701	0.4275	0.9723	2.767
702	0.4252	0.9733	2.666
703	0.4233	0.9738	2.616
704	0.4258	0.9728	2.717
705	0.4262	0.9729	2.709
706	0.4278	0.9719	2.811
707	0.4256	0.9732	2.683
708	0.4272	0.9723	2.772
709	0.4252	0.9728	2.719
710	0.4269	0.9721	2.787
711	0.4277	0.9721	2.787
712	0.4273	0.9723	2.772
713	0.4117	0.9795	2.045
714	0.4294	0.9711	2.893
715	0.4244	0.9734	2.656
716	0.4268	0.9726	2.742
717	0.4226	0.9747	2.527
718	0.4228	0.9744	2.558
719	0.4248	0.9734	2.663
720	0.4251	0.9731	2.688
721	0.4268	0.9726	2.742
722	0.4257	0.9729	2.706
723	0.4118	0.9791	2.093
724	0.4258	0.9731	2.687
725	0.4265	0.9723	2.767
726	0.4207	0.9748	2.520
727	0.4259	0.9730	2.704
728	0.4214	0.9746	2.541
729	0.4256	0.9734	2.664
730	0.4226	0.9740	2.603
731	0.4244	0.9737	2.626
732	0.4199	0.9755	2.448
733	0.4251	0.9734	2.664
734	0.4116	0.9794	2.065
735	0.4248	0.9734	2.655
736	0.4268	0.9725	2.753
737	0.4236	0.9737	2.633
738	0.4232	0.9740	2.600
739	0.4268	0.9727	2.730
740	0.4100	0.9801	1.990
741	0.4290	0.9716	2.845
742	0.4266	0.9728	2.720
743	0.4280	0.9724	2.763
744	0.4176	0.9764	2.359
745	0.4209	0.9747	2.532
746	0.4264	0.9721	2.791
747	0.4275	0.9721	2.791
748	0.4283	0.9719	2.815
749	0.4270	0.9726	2.738
750	0.4143	0.9783	2.169
751	0.4139	0.9779	2.214
752	0.4222	0.9745	2.547
753	0.4239	0.9734	2.659
754	0.4254	0.9733	2.674
755	0.4284	0.9717	2.833
756	0.4283	0.9716	2.843
757	0.4246	0.9731	2.690
758	0.4256	0.9729	2.709
759	0.4225	0.9745	2.547
760	0.4194	0.9753	2.474
761	0.4214	0.9751	2.486
762	0.4250	0.9729	2.712
763	0.4280	0.9723	2.766
764	0.4222	0.9744	2.556
765	0.4259	0.9728	2.719
766	0.4257	0.9729	2.707
767	0.4259	0.9727	2.735
768	0.4247	0.9731	2.690
769	0.4193	0.9753	2.470
770	0.4130	0.9785	2.152
771	0.4247	0.9733	2.667
772	0.4210	0.9751	2.488
773	0.4250	0.9729	2.714
774	0.4276	0.9720	2.803
775	0.4274	0.9723	2.768
776	0.4212	0.9747	2.528
777	0.4207	0.9748	2.523
778	0.4267	0.9728	2.725
779	0.4218	0.9742	2.580
780	0.4276	0.9722	2.779
781	0.4205	0.9749	2.512
782	0.4267	0.9727	2.734
783	0.4262	0.9728	2.719
784	0.4273	0.9721	2.785
785	0.4118	0.9793	2.070
786	0.4254	0.9730	2.699
787	0.4281	0.9716	2.839
788	0.4265	0.9726	2.736
789	0.4248	0.9733	2.667
790	0.4156	0.9773	2.266
791	0.4234	0.9739	2.613
792	0.4268	0.9728	2.721
793	0.4233	0.9738	2.624
794	0.4274	0.9722	2.784
795	0.4240	0.9734	2.659
796	0.4285	0.9716	2.835
797	0.4222	0.9741	2.589
798	0.4177	0.9760	2.400
799	0.4260	0.9723	2.773
800	0.4256	0.9727	2.731
801	0.4270	0.9725	2.747
802	0.4267	0.9724	2.759
803	0.4254	0.9731	2.692
804	0.4280	0.9723	2.765
805	0.4266	0.9728	2.722
806	0.4225	0.9740	2.604
807	0.4255	0.9734	2.663
808	0.4156	0.9774	2.265
809	0.4268	0.9721	2.787
810	0.4247	0.9731	2.690
811	0.4116	0.9795	2.045
812	0.4268	0.9725	2.753
813	0.4257	0.9728	2.717
814	0.4117	0.9791	2.093
815	0.4267	0.9726	2.743
816	0.4243	0.9734	2.655
817	0.4231	0.9738	2.616
818	0.4274	0.9722	2.784
819	0.4212	0.9747	2.526
820	0.4280	0.9723	2.767
821	0.4250	0.9731	2.688
822	0.4249	0.9729	2.712
823	0.4213	0.9746	2.540
824	0.4130	0.9785	2.152
825	0.4208	0.9747	2.532
826	0.4251	0.9728	2.721
827	0.4193	0.9753	2.473
828	0.4270	0.9726	2.739
829	0.4261	0.9728	2.720
830	0.4289	0.9716	2.844
831	0.4255	0.9729	2.710
832	0.4273	0.9723	2.769
833	0.4264	0.9726	2.735
834	0.4249	0.9728	2.715
835	0.4238	0.9734	2.659
836	0.4214	0.9751	2.487
837	0.4224	0.9745	2.548
838	0.4115	0.9793	2.065
839	0.4247	0.9733	2.668
840	0.4267	0.9726	2.743
841	0.4265	0.9728	2.722
842	0.4258	0.9729	2.712
843	0.4257	0.9729	2.706
844	0.4275	0.9722	2.780
845	0.4276	0.9721	2.788
846	0.4275	0.9720	2.803
847	0.4224	0.9747	2.528
848	0.4231	0.9740	2.601
849	0.4293	0.9711	2.893
850	0.4270	0.9725	2.749
851	0.4257	0.9731	2.687
852	0.4258	0.9727	2.735
853	0.4222	0.9741	2.589
854	0.4099	0.9801	1.990
855	0.4253	0.9731	2.693
856	0.4221	0.9744	2.556
857	0.4217	0.9742	2.581
858	0.4221	0.9745	2.546
859	0.4264	0.9723	2.768
860	0.4271	0.9723	2.774
861	0.4276	0.9719	2.811
862	0.4255	0.9727	2.730
863	0.4243	0.9737	2.627
864	0.4239	0.9735	2.654
865	0.4272	0.9722	2.781
866	0.4260	0.9729	2.708
867	0.4233	0.9739	2.613
868	0.4259	0.9723	2.767
869	0.4258	0.9728	2.717
870	0.4266	0.9727	2.733
871	0.4255	0.9730	2.704
872	0.4192	0.9753	2.470
873	0.4204	0.9749	2.512
874	0.4247	0.9734	2.656
875	0.4142	0.9783	2.169
876	0.4272	0.9723	2.769
877	0.4235	0.9737	2.629
878	0.4280	0.9716	2.836
879	0.4255	0.9732	2.682
880	0.4247	0.9734	2.663
881	0.4250	0.9734	2.663
882	0.4232	0.9738	2.622
883	0.4282	0.9716	2.843
884	0.4283	0.9717	2.832
885	0.4245	0.9733	2.667
886	0.4267	0.9728	2.720
887	0.4245	0.9731	2.686
888	0.4118	0.9793	2.070
889	0.4252	0.9733	2.672
890	0.4198	0.9755	2.448
891	0.4206	0.9748	2.523
892	0.4209	0.9751	2.486
893	0.4205	0.9748	2.518
894	0.4262	0.9721	2.791
895	0.4175	0.9764	2.359
896	0.4266	0.9724	2.759
897	0.4253	0.9730	2.697
898	0.4138	0.9779	2.214
899	0.4282	0.9718	2.816
900	0.4226	0.9744	2.558
901	0.4273	0.9721	2.790
902	0.4266	0.9727	2.730
903	0.4284	0.9717	2.835
904	0.4176	0.9760	2.401
905	0.4264	0.9726	2.735
906	0.4279	0.9723	2.766
907	0.4242	0.9737	2.627
908	0.4292	0.9711	2.894
909	0.4116	0.9791	2.093
910	0.4208	0.9747	2.532
911	0.4266	0.9724	2.759
912	0.4224	0.9740	2.604
913	0.4138	0.9778	2.216
914	0.4217	0.9742	2.581
915	0.4174	0.9764	2.359
916	0.4212	0.9746	2.540
917	0.4256	0.9728	2.718
918	0.4274	0.9722	2.779
919	0.4246	0.9733	2.667
920	0.4211	0.9747	2.528
921	0.4249	0.9731	2.691
922	0.4192	0.9753	2.473
923	0.4276	0.9719	2.812
924	0.4256	0.9729	2.707
925	0.4237	0.9734	2.658
926	0.4254	0.9732	2.680
927	0.4117	0.9793	2.067
928	0.4205	0.9748	2.521
929	0.4267	0.9721	2.787
930	0.4265	0.9727	2.733
931	0.4208	0.9751	2.489
932	0.4278	0.9724	2.762
933	0.4252	0.9732	2.679
934	0.4269	0.9726	2.739
935	0.4254	0.9729	2.708
936	0.4258	0.9723	2.772
937	0.4266	0.9727	2.731
938	0.4272	0.9722	2.784
939	0.4252	0.9730	2.699
940	0.4114	0.9793	2.065
941	0.4257	0.9727	2.735
942	0.4253	0.9731	2.692
943	0.4284	0.9717	2.833
944	0.4270	0.9723	2.773
945	0.4226	0.9744	2.558
946	0.4254	0.9734	2.664
947	0.4281	0.9718	2.816
948	0.4271	0.9722	2.784
949	0.4273	0.9721	2.791
950	0.4249	0.9734	2.664
951	0.4203	0.9749	2.513
952	0.4266	0.9726	2.741
953	0.4255	0.9730	2.704
954	0.4274	0.9720	2.801
955	0.4128	0.9785	2.152
956	0.4141	0.9783	2.170
957	0.4230	0.9738	2.618
958	0.4261	0.9721	2.794
959	0.4260	0.9729	2.711
960	0.4248	0.9729	2.713
961	0.4260	0.9728	2.719
962	0.4263	0.9723	2.770
963	0.4254	0.9727	2.730
964	0.4266	0.9728	2.722
965	0.4246	0.9734	2.655
966	0.4266	0.9725	2.753
967	0.4275	0.9721	2.786
968	0.4230	0.9740	2.599
969	0.4250	0.9728	2.717
970	0.4248	0.9729	2.712
971	0.4257	0.9728	2.717
972	0.4197	0.9755	2.449
973	0.4219	0.9745	2.546
974	0.4191	0.9753	2.470
975	0.4265	0.9728	2.721
976	0.4238	0.9735	2.655
977	0.4272	0.9723	2.766
978	0.4220	0.9745	2.555
979	0.4279	0.9716	2.837
980	0.4241	0.9734	2.655
981	0.4257	0.9729	2.705
982	0.4266	0.9726	2.741
983	0.4246	0.9734	2.664
984	0.4222	0.9746	2.543
985	0.4205	0.9748	2.521
986	0.4212	0.9752	2.484
987	0.4232	0.9739	2.612
988	0.4245	0.9731	2.689
989	0.4271	0.9723	2.769
990	0.4281	0.9716	2.841
991	0.4255	0.9732	2.684
992	0.4220	0.9741	2.589
993	0.4154	0.9773	2.266
994	0.4244	0.9733	2.667
995	0.4263	0.9728	2.720
996	0.4231	0.9738	2.623
997	0.4234	0.9737	2.629
998	0.4115	0.9796	2.043
999	0.4288	0.9716	2.844
1000	0.4223	0.9747	2.527
1001	0.4268	0.9725	2.751
1002	0.4175	0.9760	2.400
1003	0.4097	0.9801	1.990
1004	0.4282	0.9717	2.833
1005	0.4243	0.9731	2.687
1006	0.4266	0.9728	2.721
1007	0.4254	0.9729	2.708
1008	0.4196	0.9755	2.449
1009	0.4257	0.9727	2.734
1010	0.4128	0.9785	2.152
1011	0.4260	0.9728	2.715
1012	0.4245	0.9734	2.664
1013	0.4204	0.9748	2.519
1014	0.4287	0.9716	2.844
1015	0.4253	0.9732	2.683
1016	0.4229	0.9740	2.603
1017	0.4232	0.9739	2.613
1018	0.4270	0.9722	2.784
1019	0.4219	0.9745	2.546
1020	0.4261	0.9721	2.788
1021	0.4208	0.9751	2.486
1022	0.4241	0.9737	2.627
1023	0.4272	0.9723	2.766
1024	0.4210	0.9747	2.526
1025	0.4265	0.9727	2.731
1026	0.4266	0.9721	2.785
1027	0.4245	0.9735	2.653
1028	0.4274	0.9722	2.785
1029	0.4222	0.9746	2.544
1030	0.4225	0.9744	2.557
1031	0.4254	0.9727	2.728
1032	0.4257	0.9723	2.767
1033	0.4279	0.9716	2.836
1034	0.4262	0.9727	2.733
1035	0.4264	0.9728	2.718
1036	0.4220	0.9745	2.552
1037	0.4270	0.9723	2.767
1038	0.4273	0.9720	2.802
1039	0.4237	0.9734	2.656
1040	0.4215	0.9742	2.582
1041	0.4220	0.9741	2.588
1042	0.4244	0.9733	2.669
1043	0.4269	0.9723	2.771
1044	0.4115	0.9791	2.094
1045	0.4175	0.9760	2.401
1046	0.4259	0.9729	2.707
1047	0.4277	0.9724	2.762
1048	0.4247	0.9729	2.709
1049	0.4277	0.9723	2.767
1050	0.4254	0.9729	2.709
1051	0.4267	0.9726	2.738
1052	0.4247	0.9729	2.711
1053	0.4271	0.9722	2.779
1054	0.4222	0.9740	2.604
1055	0.4240	0.9734	2.657
1056	0.4265	0.9725	2.754
1057	0.4191	0.9753	2.473
1058	0.4245	0.9734	2.662
1059	0.4097	0.9801	1.990
1060	0.4233	0.9737	2.627
1061	0.4280	0.9716	2.840
1062	0.4256	0.9728	2.717
1063	0.4210	0.9746	2.539
1064	0.4265	0.9726	2.737
1065	0.4254	0.9730	2.704
1066	0.4136	0.9778	2.217
1067	0.4248	0.9731	2.688
1068	0.4249	0.9728	2.717
1069	0.4173	0.9764	2.359
1070	0.4262	0.9723	2.767
1071	0.4229	0.9738	2.617
1072	0.4116	0.9793	2.070
1073	0.4290	0.9711	2.893
1074	0.4252	0.9734	2.663
1075	0.4222	0.9747	2.527
1076	0.4113	0.9794	2.063
1077	0.4206	0.9747	2.532
1078	0.4211	0.9751	2.485
1079	0.4244	0.9731	2.690
1080	0.4236	0.9734	2.658
1081	0.4265	0.9726	2.742
1082	0.4264	0.9727	2.734
1083	0.4264	0.9724	2.758
1084	0.4140	0.9783	2.169
1085	0.4251	0.9730	2.697
1086	0.4202	0.9749	2.513
1087	0.4262	0.9728	2.721
1088	0.4230	0.9738	2.623
1089	0.4281	0.9717	2.831
1090	0.4204	0.9748	2.523
1091	0.4242	0.9731	2.687
1092	0.4114	0.9795	2.045
1093	0.4282	0.9717	2.833
1094	0.4153	0.9773	2.266
1095	0.4272	0.9722	2.779
1096	0.4190	0.9753	2.469
1097	0.4274	0.9719	2.812
1098	0.4267	0.9725	2.747
1099	0.4256	0.9729	2.709
1100	0.4250	0.9733	2.673
1101	0.4271	0.9721	2.790
1102	0.4251	0.9731	2.693
1103	0.4248	0.9734	2.664
1104	0.4254	0.9728	2.716
1105	0.4280	0.9718	2.817
1106	0.4254	0.9731	2.687
1107	0.4269	0.9722	2.783
1108	0.4264	0.9726	2.741
1109	0.4222	0.9740	2.602
1110	0.4242	0.9731	2.688
1111	0.4273	0.9722	2.785
1112	0.4250	0.9733	2.672
1113	0.4265	0.9728	2.720
1114	0.4254	0.9729	2.710
1115	0.4247	0.9734	2.662
1116	0.4247	0.9729	2.712
1117	0.4255	0.9730	2.704
1118	0.4281	0.9717	2.832
1119	0.4270	0.9722	2.778
1120	0.4233	0.9737	2.627
1121	0.4267	0.9726	2.736
1122	0.4243	0.9733	2.669
1123	0.4273	0.9720	2.801
1124	0.4236	0.9734	2.655
1125	0.4257	0.9723	2.768
1126	0.4190	0.9753	2.471
1127	0.4240	0.9734	2.657
1128	0.4286	0.9716	2.844
1129	0.4254	0.9732	2.684
1130	0.4209	0.9747	2.528
1131	0.4264	0.9727	2.730
1132	0.4243	0.9731	2.689
1133	0.4215	0.9742	2.581
1134	0.4254	0.9728	2.716
1135	0.4258	0.9729	2.712
1136	0.4244	0.9734	2.663
1137	0.4252	0.9729	2.708
1138	0.4252	0.9734	2.661
1139	0.4263	0.9728	2.719
1140	0.4271	0.9721	2.790
1141	0.4263	0.9727	2.733
1142	0.4261	0.9727	2.733
1143	0.4264	0.9724	2.757
1144	0.4219	0.9745	2.552
1145	0.4265	0.9722	2.784
1146	0.4278	0.9716	2.837
1147	0.4261	0.9723	2.769
1148	0.4246	0.9729	2.712
1149	0.4253	0.9730	2.703
1150	0.4235	0.9734	2.660
1151	0.4262	0.9728	2.721
1152	0.4209	0.9746	2.540
1153	0.4270	0.9723	2.765
1154	0.4172	0.9764	2.358
1155	0.4217	0.9745	2.547
1156	0.4276	0.9723	2.767
1157	0.4272	0.9722	2.780
1158	0.4255	0.9727	2.733
1159	0.4114	0.9791	2.094
1160	0.4259	0.9722	2.784
1161	0.4228	0.9739	2.614
1162	0.4264	0.9726	2.737
1163	0.4096	0.9801	1.991
1164	0.4203	0.9748	2.521
1165	0.4267	0.9723	2.772
1166	0.4279	0.9719	2.815
1167	0.4190	0.9753	2.475
1168	0.4255	0.9728	2.717
1169	0.4210	0.9752	2.484
1170	0.4267	0.9725	2.751
1171	0.4240	0.9737	2.626
1172	0.4201	0.9749	2.511
1173	0.4247	0.9731	2.686
1174	0.4257	0.9729	2.707
1175	0.4289	0.9711	2.895
1176	0.4244	0.9734	2.662
1177	0.4174	0.9760	2.399
1178	0.4135	0.9778	2.216
1179	0.4113	0.9796	2.042
1180	0.4279	0.9716	2.843
1181	0.4269	0.9723	2.770
1182	0.4220	0.9746	2.542
1183	0.4152	0.9773	2.266
1184	0.4205	0.9747	2.532
1185	0.4251	0.9732	2.681
1186	0.4264	0.9725	2.754
1187	0.4221	0.9747	2.527
1188	0.4248	0.9728	2.717
1189	0.4139	0.9783	2.169
1190	0.4202	0.9748	2.518
1191	0.4250	0.9730	2.699
1192	0.4194	0.9755	2.449
1193	0.4223	0.9744	2.559
1194	0.4229	0.9738	2.624
1195	0.4112	0.9794	2.065
1196	0.4250	0.9731	2.693
1197	0.4244	0.9735	2.650
1198	0.4273	0.9719	2.813
1199	0.4281	0.9717	2.833
1200	0.4227	0.9740	2.603
1201	0.4230	0.9739	2.614
1202	0.4252	0.9727	2.729
1203	0.4114	0.9793	2.069
1204	0.4276	0.9723	2.765
1205	0.4206	0.9751	2.488
1206	0.4126	0.9785	2.151
1207	0.4218	0.9741	2.587
1208	0.4270	0.9722	2.784
1209	0.4263	0.9724	2.761
1210	0.4255	0.9729	2.708
1211	0.4262	0.9728	2.723
1212	0.4247	0.9731	2.688
1213	0.4263	0.9726	2.740
1214	0.4206	0.9751	2.487
1215	0.4214	0.9742	2.581
1216	0.4276	0.9723	2.766
1217	0.4244	0.9734	2.656
1218	0.4232	0.9737	2.633
1219	0.4221	0.9747	2.528
1220	0.4243	0.9734	2.662
1221	0.4273	0.9719	2.811
1222	0.4201	0.9749	2.513
1223	0.4264	0.9728	2.721
1224	0.4227	0.9738	2.617
1225	0.4111	0.9794	2.064
1226	0.4268	0.9723	2.772
1227	0.4250	0.9731	2.693
1228	0.4249	0.9733	2.674
1229	0.4260	0.9727	2.735
1230	0.4138	0.9783	2.169
1231	0.4257	0.9728	2.718
1232	0.4272	0.9721	2.787
1233	0.4217	0.9745	2.546
1234	0.4151	0.9773	2.267
1235	0.4242	0.9731	2.689
1236	0.4260	0.9723	2.769
1237	0.4264	0.9721	2.787
1238	0.4266	0.9726	2.736
1239	0.4221	0.9740	2.602
1240	0.4095	0.9801	1.991
1241	0.4279	0.9718	2.816
1242	0.4223	0.9744	2.558
1243	0.4259	0.9721	2.791
1244	0.4173	0.9760	2.401
1245	0.4254	0.9728	2.718
1246	0.4202	0.9748	2.519
1247	0.4262	0.9727	2.734
1248	0.4271	0.9722	2.779
1249	0.4263	0.9727	2.730
1250	0.4255	0.9723	2.768
1251	0.4250	0.9734	2.664
1252	0.4228	0.9738	2.623
1253	0.4257	0.9729	2.708
1254	0.4281	0.9717	2.835
1255	0.4229	0.9739	2.612
1256	0.4220	0.9746	2.543
1257	0.4270	0.9721	2.790
1258	0.4247	0.9728	2.717
1259	0.4268	0.9722	2.783
1260	0.4279	0.9717	2.832
1261	0.4207	0.9747	2.526
1262	0.4239	0.9737	2.626
1263	0.4275	0.9724	2.763
1264	0.4271	0.9720	2.802
1265	0.4242	0.9733	2.668
1266	0.4263	0.9726	2.741
1267	0.4266	0.9725	2.752
1268	0.4251	0.9732	2.682
1269	0.4202	0.9748	2.520
1270	0.4194	0.9755	2.448
1271	0.4285	0.9716	2.845
1272	0.4209	0.9752	2.484
1273	0.4227	0.9740	2.598
1274	0.4266	0.9723	2.772
1275	0.4276	0.9716	2.838
1276	0.4234	0.9734	2.660
1277	0.4246	0.9734	2.661
1278	0.4249	0.9730	2.696
1279	0.4114	0.9793	2.070
1280	0.4269	0.9723	2.765
1281	0.4252	0.9729	2.708
1282	0.4125	0.9785	2.152
1283	0.4251	0.9727	2.730
1284	0.4252	0.9731	2.685
1285	0.4235	0.9734	2.655
1286	0.4112	0.9791	2.093
1287	0.4245	0.9729	2.712
1288	0.4171	0.9764	2.359
1289	0.4204	0.9747	2.532
1290	0.4188	0.9753	2.470
1291	0.4251	0.9729	2.709
1292	0.4251	0.9729	2.706
1293	0.4288	0.9711	2.894
1294	0.4243	0.9733	2.667
1295	0.4245	0.9729	2.713
1296	0.4253	0.9728	2.718
1297	0.4189	0.9753	2.474
1298	0.4208	0.9746	2.539
1299	0.4260	0.9728	2.722
1300	0.4238	0.9735	2.652
1301	0.4240	0.9731	2.691
1302	0.4217	0.9744	2.556
1303	0.4254	0.9726	2.735
1304	0.4278	0.9716	2.844
1305	0.4134	0.9778	2.215
1306	0.4217	0.9741	2.588
1307	0.4111	0.9795	2.046
1308	0.4263	0.9725	2.753
1309	0.4260	0.9726	2.737
1310	0.4252	0.9728	2.718
1311	0.4228	0.9738	2.623
1312	0.4249	0.9731	2.691
1313	0.4201	0.9748	2.524
1314	0.4243	0.9735	2.649
1315	0.4246	0.9731	2.690
1316	0.4248	0.9732	2.675
1317	0.4201	0.9748	2.518
1318	0.4265	0.9726	2.738
1319	0.4205	0.9751	2.489
1320	0.4278	0.9718	2.815
1321	0.4134	0.9779	2.215
1322	0.4254	0.9729	2.713
1323	0.4217	0.9741	2.588
1324	0.4172	0.9760	2.400
1325	0.4241	0.9733	2.672
1326	0.4245	0.9733	2.665
1327	0.4271	0.9721	2.790
1328	0.4234	0.9734	2.658
1329	0.4276	0.9716	2.837
1330	0.4226	0.9738	2.617
1331	0.4262	0.9726	2.744
1332	0.4217	0.9744	2.557
1333	0.4248	0.9730	2.699
1334	0.4262	0.9724	2.760
1335	0.4277	0.9716	2.844
1336	0.4261	0.9728	2.724
1337	0.4193	0.9755	2.451
1338	0.4113	0.9793	2.069
1339	0.4254	0.9723	2.771
1340	0.4112	0.9791	2.091
1341	0.4241	0.9731	2.689
1342	0.4240	0.9731	2.692
1343	0.4209	0.9751	2.487
1344	0.4265	0.9726	2.743
1345	0.4258	0.9721	2.793
1346	0.4270	0.9722	2.780
1347	0.4251	0.9729	2.706
1348	0.4263	0.9721	2.787
1349	0.4238	0.9735	2.653
1350	0.4268	0.9722	2.783
1351	0.4199	0.9749	2.512
1352	0.4262	0.9727	2.729
1353	0.4262	0.9726	2.743
1354	0.4274	0.9724	2.763
1355	0.4137	0.9783	2.169
1356	0.4284	0.9716	2.844
1357	0.4228	0.9739	2.613
1358	0.4124	0.9785	2.151
1359	0.4251	0.9729	2.707
1360	0.4233	0.9734	2.658
1361	0.4219	0.9747	2.528
1362	0.4278	0.9717	2.831
1363	0.4253	0.9728	2.718
1364	0.4270	0.9720	2.802
1365	0.4260	0.9728	2.721
1366	0.4267	0.9723	2.771
1367	0.4207	0.9746	2.540
1368	0.4250	0.9727	2.728
1369	0.4230	0.9737	2.632
1370	0.4250	0.9729	2.708
1371	0.4267	0.9722	2.783
1372	0.4206	0.9747	2.526
1373	0.4268	0.9723	2.766
1374	0.4110	0.9794	2.063
1375	0.4244	0.9729	2.713
1376	0.4187	0.9753	2.470
1377	0.4242	0.9734	2.664
1378	0.4274	0.9723	2.766
1379	0.4203	0.9747	2.532
1380	0.4262	0.9728	2.722
1381	0.4287	0.9711	2.893
1382	0.4253	0.9727	2.734
1383	0.4279	0.9717	2.834
1384	0.4215	0.9745	2.546
1385	0.4255	0.9729	2.708
1386	0.4249	0.9732	2.679
1387	0.4218	0.9746	2.544
1388	0.4093	0.9801	1.990
1389	0.4111	0.9796	2.044
1390	0.4256	0.9728	2.717
1391	0.4262	0.9725	2.753
1392	0.4251	0.9731	2.687
1393	0.4245	0.9728	2.718
1394	0.4249	0.9734	2.664
1395	0.4261	0.9727	2.733
1396	0.4219	0.9740	2.602
1397	0.4268	0.9721	2.790
1398	0.4225	0.9740	2.599
1399	0.4170	0.9764	2.358
1400	0.4265	0.9723	2.773
1401	0.4221	0.9744	2.557
1402	0.4244	0.9729	2.711
1403	0.4258	0.9723	2.768
1404	0.4271	0.9719	2.811
1405	0.4242	0.9734	2.663
1406	0.4237	0.9737	2.627
1407	0.4150	0.9774	2.265
1408	0.4188	0.9753	2.474
1409	0.4212	0.9742	2.581
1410	0.4255	0.9729	2.709
1411	0.4215	0.9746	2.545
1412	0.4262	0.9725	2.754
1413	0.4233	0.9734	2.658
1414	0.4221	0.9744	2.557
1415	0.4262	0.9721	2.785
1416	0.4212	0.9742	2.581
1417	0.4245	0.9731	2.688
1418	0.4249	0.9734	2.664
1419	0.4245	0.9728	2.718
1420	0.4219	0.9740	2.602
1421	0.4261	0.9727	2.731
1422	0.4237	0.9734	2.655
1423	0.4260	0.9727	2.733
1424	0.4261	0.9724	2.757
1425	0.4248	0.9731	2.691
1426	0.4266	0.9723	2.770
1427	0.4258	0.9723	2.767
1428	0.4243	0.9729	2.712
1429	0.4287	0.9711	2.894
1430	0.4241	0.9734	2.663
1431	0.4271	0.9719	2.809
1432	0.4216	0.9741	2.588
1433	0.4253	0.9723	2.766
1434	0.4110	0.9796	2.042
1435	0.4203	0.9751	2.486
1436	0.4187	0.9753	2.475
1437	0.4251	0.9729	2.707
1438	0.4250	0.9727	2.728
1439	0.4202	0.9747	2.532
1440	0.4277	0.9719	2.814
1441	0.4206	0.9746	2.539
1442	0.4093	0.9801	1.991
1443	0.4249	0.9729	2.709
1444	0.4208	0.9751	2.487
1445	0.4124	0.9785	2.152
1446	0.4187	0.9753	2.469
1447	0.4266	0.9722	2.783
1448	0.4250	0.9730	2.704
1449	0.4132	0.9779	2.214
1450	0.4269	0.9722	2.780
1451	0.4149	0.9774	2.264
1452	0.4247	0.9730	2.698
1453	0.4259	0.9728	2.722
1454	0.4247	0.9733	2.675
1455	0.4251	0.9731	2.686
1456	0.4260	0.9728	2.723
1457	0.4255	0.9728	2.716
1458	0.4192	0.9755	2.449
1459	0.4226	0.9738	2.621
1460	0.4268	0.9721	2.790
1461	0.4225	0.9738	2.616
1462	0.4252	0.9728	2.718
1463	0.4261	0.9726	2.742
1464	0.4109	0.9794	2.063
1465	0.4263	0.9726	2.737
1466	0.4252	0.9727	2.734
1467	0.4199	0.9748	2.519
1468	0.4112	0.9793	2.069
1469	0.4233	0.9734	2.658
1470	0.4136	0.9783	2.171
1471	0.4248	0.9732	2.679
1472	0.4273	0.9723	2.769
1473	0.4198	0.9749	2.512
1474	0.4269	0.9720	2.803
1475	0.4237	0.9738	2.624
1476	0.4275	0.9716	2.835
1477	0.4261	0.9726	2.744
1478	0.4169	0.9764	2.357
1479	0.4240	0.9731	2.688
1480	0.4243	0.9728	2.716
1481	0.4227	0.9739	2.613
1482	0.4277	0.9717	2.832
1483	0.4218	0.9747	2.526
1484	0.4264	0.9723	2.774
1485	0.4261	0.9728	2.721
1486	0.4258	0.9726	2.735
1487	0.4224	0.9740	2.600
1488	0.4215	0.9744	2.556
1489	0.4252	0.9729	2.706
1490	0.4241	0.9734	2.663
1491	0.4229	0.9737	2.632
1492	0.4200	0.9748	2.522
1493	0.4267	0.9722	2.783
1494	0.4276	0.9716	2.842
1495	0.4170	0.9760	2.400
1496	0.4267	0.9723	2.766
1497	0.4263	0.9725	2.748
1498	0.4239	0.9733	2.666
1499	0.4217	0.9746	2.544
1500	0.4110	0.9791	2.092
1501	0.4283	0.9716	2.844
1502	0.4273	0.9724	2.764
1503	0.4270	0.9721	2.785
1504	0.4256	0.9721	2.790
1505	0.4238	0.9731	2.686
1506	0.4244	0.9734	2.664
1507	0.4205	0.9748	2.525
1508	0.4250	0.9728	2.717
1509	0.4278	0.9717	2.834
1510	0.4241	0.9735	2.654
1511	0.4261	0.9725	2.754
1512	0.4198	0.9749	2.513
1513	0.4191	0.9755	2.449
1514	0.4260	0.9726	2.742
1515	0.4244	0.9731	2.688
1516	0.4199	0.9748	2.519
1517	0.4252	0.9729	2.705
1518	0.4244	0.9728	2.717
1519	0.4229	0.9737	2.632
1520	0.4258	0.9727	2.734
1521	0.4232	0.9734	2.656
1522	0.4260	0.9724	2.756
1523	0.4249	0.9727	2.728
1524	0.4263	0.9726	2.736
1525	0.4207	0.9751	2.486
1526	0.4273	0.9723	2.769
1527	0.4201	0.9747	2.531
1528	0.4242	0.9729	2.711
1529	0.4259	0.9727	2.733
1530	0.4232	0.9734	2.658
1531	0.4132	0.9778	2.216
1532	0.4265	0.9723	2.771
1533	0.4277	0.9717	2.833
1534	0.4240	0.9734	2.663
1535	0.4240	0.9734	2.662
1536	0.4251	0.9727	2.734
1537	0.4248	0.9734	2.661
1538	0.4267	0.9723	2.765
1539	0.4247	0.9731	2.690
1540	0.4242	0.9729	2.712
1541	0.4186	0.9753	2.475
1542	0.4110	0.9791	2.092
1543	0.4215	0.9744	2.557
1544	0.4252	0.9723	2.767
1545	0.4256	0.9721	2.791
1546	0.4225	0.9738	2.622
1547	0.4170	0.9760	2.400
1548	0.4264	0.9723	2.774
1549	0.4217	0.9747	2.527
1550	0.4263	0.9725	2.749
1551	0.4251	0.9728	2.717
1552	0.4092	0.9801	1.991
1553	0.4218	0.9740	2.601
1554	0.4266	0.9722	2.782
1555	0.4250	0.9729	2.714
1556	0.4205	0.9746	2.540
1557	0.4111	0.9793	2.068
1558	0.4185	0.9753	2.471
1559	0.4214	0.9745	2.546
1560	0.4239	0.9733	2.665
1561	0.4243	0.9734	2.664
1562	0.4260	0.9728	2.722
1563	0.4248	0.9732	2.682
1564	0.4260	0.9726	2.741
1565	0.4272	0.9723	2.765
1566	0.4254	0.9728	2.716
1567	0.4135	0.9783	2.169
1568	0.4260	0.9727	2.729
1569	0.4236	0.9738	2.624
1570	0.4267	0.9721	2.790
1571	0.4168	0.9764	2.358
1572	0.4274	0.9716	2.837
1573	0.4249	0.9729	2.707
1574	0.4219	0.9744	2.557
1575	0.4253	0.9729	2.708
1576	0.4285	0.9711	2.893
1577	0.4235	0.9734	2.656
1578	0.4275	0.9716	2.843
1579	0.4259	0.9728	2.721
1580	0.4269	0.9722	2.784
1581	0.4239	0.9731	2.689
1582	0.4224	0.9740	2.599
1583	0.4265	0.9722	2.783
1584	0.4275	0.9718	2.817
1585	0.4238	0.9731	2.686
1586	0.4282	0.9716	2.843
1587	0.4202	0.9752	2.485
1588	0.4224	0.9738	2.616
1589	0.4240	0.9735	2.655
1590	0.4108	0.9794	2.062
1591	0.4122	0.9785	2.152
1592	0.4248	0.9729	2.709
1593	0.4257	0.9728	2.720
1594	0.4277	0.9716	2.835
1595	0.4214	0.9741	2.588
1596	0.4269	0.9719	2.810
1597	0.4267	0.9722	2.781
1598	0.4268	0.9720	2.802
1599	0.4245	0.9733	2.671
1600	0.4248	0.9730	2.705
1601	0.4204	0.9747	2.527
1602	0.4148	0.9774	2.265
1603	0.4199	0.9748	2.521
1604	0.4109	0.9796	2.043
1605	0.4256	0.9723	2.768
1606	0.4226	0.9739	2.612
1607	0.4210	0.9742	2.581
1608	0.4246	0.9730	2.696
1609	0.4260	0.9721	2.787
1610	0.4249	0.9731	2.686
1611	0.4216	0.9746	2.545
1612	0.4216	0.9746	2.545
1613	0.4243	0.9731	2.688
1614	0.4273	0.9716	2.836
1615	0.4223	0.9738	2.616
1616	0.4202	0.9751	2.486
1617	0.4169	0.9760	2.400
1618	0.4240	0.9735	2.653
1619	0.4108	0.9796	2.044
1620	0.4262	0.9725	2.748
1621	0.4122	0.9785	2.151
1622	0.4275	0.9718	2.816
1623	0.4247	0.9732	2.681
1624	0.4259	0.9726	2.741
1625	0.4268	0.9721	2.786
1626	0.4219	0.9744	2.557
1627	0.4237	0.9731	2.687
1628	0.4262	0.9726	2.737
1629	0.4231	0.9734	2.658
1630	0.4267	0.9722	2.780
1631	0.4243	0.9728	2.720
1632	0.4198	0.9748	2.519
1633	0.4258	0.9727	2.733
1634	0.4259	0.9726	2.741
1635	0.4264	0.9723	2.772
1636	0.4250	0.9727	2.734
1637	0.4247	0.9729	2.708
1638	0.4167	0.9764	2.358
1639	0.4249	0.9728	2.716
1640	0.4196	0.9749	2.513
1641	0.4249	0.9729	2.707
1642	0.4190	0.9755	2.449
1643	0.4227	0.9737	2.632
1644	0.4245	0.9733	2.674
1645	0.4235	0.9734	2.655
1646	0.4235	0.9738	2.623
1647	0.4091	0.9801	1.991
1648	0.4185	0.9753	2.470
1649	0.4238	0.9731	2.688
1650	0.4263	0.9723	2.774
1651	0.4224	0.9738	2.621
1652	0.4209	0.9742	2.580
1653	0.4110	0.9793	2.068
1654	0.4256	0.9723	2.770
1655	0.4204	0.9746	2.538
1656	0.4242	0.9734	2.663
1657	0.4251	0.9723	2.771
1658	0.4257	0.9728	2.722
1659	0.4245	0.9730	2.696
1660	0.4249	0.9731	2.686
1661	0.4259	0.9728	2.721
1662	0.4256	0.9727	2.734
1663	0.4281	0.9716	2.843
1664	0.4266	0.9721	2.789
1665	0.4205	0.9751	2.486
1666	0.4216	0.9747	2.527
1667	0.4241	0.9729	2.711
1668	0.4214	0.9741	2.589
1669	0.4277	0.9717	2.833
1670	0.4198	0.9748	2.521
1671	0.4258	0.9728	2.722
1672	0.4265	0.9722	2.782
1673	0.4254	0.9721	2.788
1674	0.4109	0.9791	2.092
1675	0.4246	0.9734	2.663
1676	0.4225	0.9739	2.612
1677	0.4265	0.9723	2.766
1678	0.4284	0.9711	2.892
1679	0.4275	0.9717	2.831
1680	0.4264	0.9722	2.782
1681	0.4274	0.9716	2.841
1682	0.4268	0.9719	2.810
1683	0.4212	0.9745	2.547
1684	0.4253	0.9729	2.713
1685	0.4237	0.9733	2.668
1686	0.4245	0.9731	2.689
1687	0.4247	0.9730	2.705
1688	0.4203	0.9747	2.526
1689	0.4239	0.9734	2.662
1690	0.4241	0.9729	2.712
1691	0.4200	0.9747	2.531
1692	0.4259	0.9722	2.785
1693	0.4107	0.9794	2.061
1694	0.4222	0.9740	2.599
1695	0.4216	0.9740	2.600
1696	0.4258	0.9724	2.756
1697	0.4247	0.9727	2.727
1698	0.4147	0.9774	2.265
1699	0.4267	0.9720	2.801
1700	0.4239	0.9734	2.662
1701	0.4271	0.9723	2.768
1702	0.4134	0.9783	2.168
1703	0.4130	0.9779	2.215
1704	0.4259	0.9727	2.729
1705	0.4271	0.9723	2.765
1706	0.4250	0.9728	2.719
1707	0.4250	0.9729	2.706
1708	0.4252	0.9729	2.708
1709	0.4231	0.9734	2.655
1710	0.4185	0.9752	2.475
1711	0.4259	0.9725	2.754
1712	0.4213	0.9745	2.554
1713	0.4250	0.9730	2.704
1714	0.4262	0.9723	2.773
1715	0.4224	0.9738	2.623
1716	0.4168	0.9760	2.400
1717	0.4222	0.9738	2.617
1718	0.4248	0.9729	2.707
1719	0.4241	0.9729	2.711
1720	0.4247	0.9727	2.727
1721	0.4236	0.9731	2.686
1722	0.4259	0.9722	2.784
1723	0.4240	0.9729	2.712
1724	0.4271	0.9723	2.769
1725	0.4261	0.9725	2.751
1726	0.4196	0.9749	2.511
1727	0.4205	0.9752	2.485
1728	0.4258	0.9727	2.729
1729	0.4267	0.9722	2.783
1730	0.4237	0.9731	2.688
1731	0.4184	0.9753	2.474
1732	0.4230	0.9734	2.655
1733	0.4248	0.9732	2.683
1734	0.4265	0.9721	2.788
1735	0.4246	0.9732	2.682
1736	0.4109	0.9793	2.068
1737	0.4146	0.9773	2.265
1738	0.4266	0.9720	2.802
1739	0.4197	0.9748	2.519
1740	0.4218	0.9744	2.557
1741	0.4257	0.9727	2.733
1742	0.4242	0.9728	2.718
1743	0.4272	0.9716	2.838
1744	0.4090	0.9801	1.991
1745	0.4257	0.9728	2.722
1746	0.4229	0.9734	2.658
1747	0.4166	0.9764	2.358
1748	0.4121	0.9785	2.151
1749	0.4234	0.9738	2.625
1750	0.4270	0.9723	2.765
1751	0.4226	0.9737	2.632
1752	0.4267	0.9719	2.810
1753	0.4260	0.9726	2.738
1754	0.4273	0.9716	2.844
1755	0.4276	0.9717	2.832
1756	0.4106	0.9794	2.063
1757	0.4244	0.9730	2.696
1758	0.4284	0.9711	2.892
1759	0.4264	0.9723	2.769
1760	0.4255	0.9727	2.734
1761	0.4237	0.9733	2.666
1762	0.4215	0.9747	2.526
1763	0.4247	0.9730	2.704
1764	0.4244	0.9731	2.694
1765	0.4129	0.9778	2.215
1766	0.4263	0.9722	2.784
1767	0.4264	0.9722	2.782
1768	0.4252	0.9728	2.717
1769	0.4224	0.9739	2.612
1770	0.4243	0.9733	2.672
1771	0.4253	0.9721	2.788
1772	0.4238	0.9734	2.662
1773	0.4212	0.9745	2.554
1774	0.4258	0.9726	2.742
1775	0.4215	0.9740	2.601
1776	0.4263	0.9723	2.770
1777	0.4208	0.9742	2.581
1778	0.4258	0.9725	2.753
1779	0.4203	0.9746	2.540
1780	0.4273	0.9718	2.816
1781	0.4108	0.9791	2.091
1782	0.4211	0.9745	2.546
1783	0.4233	0.9734	2.656
1784	0.4280	0.9716	2.844
1785	0.4255	0.9723	2.765
1786	0.4246	0.9729	2.708
1787	0.4221	0.9740	2.595
1788	0.4255	0.9728	2.720
1789	0.4258	0.9726	2.735
1790	0.4251	0.9729	2.707
1791	0.4197	0.9748	2.521
1792	0.4245	0.9734	2.660
1793	0.4189	0.9755	2.449
1794	0.4241	0.9734	2.662
1795	0.4250	0.9723	2.767
1796	0.4212	0.9741	2.587
1797	0.4214	0.9746	2.541
1798	0.4202	0.9747	2.527
1799	0.4274	0.9717	2.830
1800	0.4257	0.9724	2.756
1801	0.4200	0.9751	2.485
1802	0.4238	0.9735	2.655
1803	0.4249	0.9728	2.716
1804	0.4133	0.9783	2.168
1805	0.4265	0.9722	2.780
1806	0.4248	0.9728	2.715
1807	0.4238	0.9734	2.662
1808	0.4107	0.9796	2.043
1809	0.4258	0.9728	2.721
1810	0.4241	0.9731	2.688
1811	0.4183	0.9753	2.471
1812	0.4199	0.9747	2.532
1813	0.4249	0.9727	2.734
1814	0.4244	0.9730	2.696
1815	0.4275	0.9717	2.834
1816	0.4203	0.9746	2.540
1817	0.4256	0.9727	2.733
1818	0.4224	0.9739	2.612
1819	0.4249	0.9728	2.716
1820	0.4237	0.9731	2.690
1821	0.4249	0.9730	2.705
1822	0.4167	0.9760	2.400
1823	0.4260	0.9725	2.749
1824	0.4244	0.9731	2.691
1825	0.4266	0.9722	2.783
1826	0.4262	0.9723	2.770
1827	0.4223	0.9738	2.623
1828	0.4260	0.9726	2.736
1829	0.4258	0.9722	2.784
1830	0.4239	0.9729	2.711
1831	0.4229	0.9735	2.655
1832	0.4255	0.9728	2.719
1833	0.4246	0.9729	2.705
1834	0.4226	0.9737	2.629
1835	0.4283	0.9711	2.894
1836	0.4257	0.9724	2.758
1837	0.4106	0.9794	2.063
1838	0.4264	0.9724	2.765
1839	0.4257	0.9726	2.737
1840	0.4228	0.9734	2.658
1841	0.4256	0.9728	2.721
1842	0.4188	0.9755	2.449
1843	0.4237	0.9735	2.654
1844	0.4248	0.9727	2.732
1845	0.4245	0.9729	2.708
1846	0.4257	0.9725	2.752
1847	0.4129	0.9778	2.216
1848	0.4217	0.9744	2.558
1849	0.4247	0.9728	2.715
1850	0.4221	0.9740	2.597
1851	0.4262	0.9722	2.782
1852	0.4247	0.9732	2.683
1853	0.4196	0.9748	2.521
1854	0.4212	0.9741	2.587
1855	0.4120	0.9785	2.154
1856	0.4257	0.9726	2.741
1857	0.4240	0.9734	2.663
1858	0.4257	0.9728	2.721
1859	0.4252	0.9721	2.787
1860	0.4246	0.9729	2.709
1861	0.4246	0.9727	2.728
1862	0.4233	0.9737	2.626
1863	0.4237	0.9734	2.661
1864	0.4210	0.9745	2.547
1865	0.4251	0.9729	2.714
1866	0.4199	0.9751	2.486
1867	0.4254	0.9723	2.768
1868	0.4201	0.9747	2.527
1869	0.4254	0.9727	2.732
1870	0.4269	0.9723	2.766
1871	0.4241	0.9728	2.716
1872	0.4273	0.9717	2.831
1873	0.4264	0.9721	2.786
1874	0.4106	0.9796	2.042
1875	0.4145	0.9773	2.265
1876	0.4183	0.9753	2.475
1877	0.4266	0.9719	2.810
1878	0.4250	0.9729	2.708
1879	0.4270	0.9716	2.835
1880	0.4279	0.9716	2.844
1881	0.4194	0.9749	2.511
1882	0.4214	0.9747	2.528
1883	0.4272	0.9718	2.816
1884	0.4213	0.9746	2.543
1885	0.4088	0.9801	1.990
1886	0.4260	0.9723	2.772
1887	0.4239	0.9729	2.711
1888	0.4235	0.9731	2.686
1889	0.4264	0.9722	2.781
1890	0.4235	0.9733	2.668
1891	0.4182	0.9753	2.469
1892	0.4242	0.9733	2.671
1893	0.4237	0.9734	2.662
1894	0.4232	0.9734	2.656
1895	0.4198	0.9747	2.531
1896	0.4211	0.9745	2.554
1897	0.4132	0.9783	2.169
1898	0.4257	0.9727	2.730
1899	0.4244	0.9732	2.681
1900	0.4240	0.9731	2.688
1901	0.4263	0.9722	2.783
1902	0.4195	0.9748	2.518
1903	0.4249	0.9723	2.767
1904	0.4203	0.9751	2.487
1905	0.4221	0.9738	2.616
1906	0.4214	0.9740	2.600
1907	0.4272	0.9716	2.842
1908	0.4207	0.9742	2.581
1909	0.4165	0.9764	2.358
1910	0.4107	0.9793	2.069
1911	0.4265	0.9720	2.802
1912	0.4244	0.9734	2.664
1913	0.4269	0.9724	2.764
1914	0.4106	0.9791	2.091
1915	0.4250	0.9729	2.708
1916	0.4213	0.9746	2.544
1917	0.4265	0.9720	2.802
1918	0.4194	0.9749	2.513
1919	0.4236	0.9731	2.687
1920	0.4225	0.9737	2.632
1921	0.4248	0.9729	2.707
1922	0.4270	0.9716	2.838
1923	0.4265	0.9722	2.784
1924	0.4216	0.9744	2.557
1925	0.4278	0.9716	2.843
1926	0.4232	0.9734	2.655
1927	0.4256	0.9726	2.738
1928	0.4238	0.9729	2.711
1929	0.4182	0.9753	2.475
1930	0.4247	0.9728	2.718
1931	0.4199	0.9751	2.486
1932	0.4220	0.9740	2.599
1933	0.4214	0.9740	2.599
1934	0.4239	0.9731	2.687
1935	0.4252	0.9721	2.789
1936	0.4263	0.9724	2.765
1937	0.4234	0.9731	2.686
1938	0.4223	0.9739	2.612
1939	0.4197	0.9747	2.532
1940	0.4256	0.9727	2.731
1941	0.4256	0.9728	2.720
1942	0.4256	0.9726	2.742
1943	0.4221	0.9738	2.623
1944	0.4210	0.9745	2.547
1945	0.4268	0.9724	2.761
1946	0.4255	0.9727	2.732
1947	0.4282	0.9711	2.894
1948	0.4144	0.9773	2.266
1949	0.4260	0.9723	2.772
1950	0.4254	0.9728	2.720
1951	0.4244	0.9732	2.683
1952	0.4248	0.9723	2.765
1953	0.4201	0.9746	2.540
1954	0.4256	0.9724	2.756
1955	0.4106	0.9791	2.091
1956	0.4119	0.9785	2.152
1957	0.4261	0.9723	2.770
1958	0.4246	0.9729	2.715
1959	0.4200	0.9748	2.525
1960	0.4238	0.9729	2.712
1961	0.4240	0.9728	2.718
1962	0.4228	0.9734	2.658
1963	0.4247	0.9727	2.733
1964	0.4236	0.9735	2.654
1965	0.4271	0.9718	2.816
1966	0.4263	0.9721	2.790
1967	0.4088	0.9801	1.991
1968	0.4236	0.9734	2.662
1969	0.4220	0.9738	2.616
1970	0.4227	0.9734	2.658
1971	0.4246	0.9731	2.686
1972	0.4181	0.9753	2.471
1973	0.4256	0.9725	2.752
1974	0.4195	0.9748	2.521
1975	0.4253	0.9723	2.769
1976	0.4271	0.9716	2.842
1977	0.4242	0.9731	2.691
1978	0.4243	0.9734	2.662
1979	0.4244	0.9727	2.727
1980	0.4272	0.9717	2.830
1981	0.4202	0.9752	2.485
1982	0.4232	0.9737	2.626
1983	0.4236	0.9734	2.661
1984	0.4268	0.9723	2.767
1985	0.4206	0.9742	2.582
1986	0.4245	0.9729	2.708
1987	0.4244	0.9730	2.704
1988	0.4107	0.9793	2.068
1989	0.4105	0.9796	2.042
1990	0.4262	0.9722	2.782
1991	0.4242	0.9730	2.696
1992	0.4258	0.9726	2.737
1993	0.4239	0.9734	2.664
1994	0.4131	0.9783	2.169
1995	0.4250	0.9728	2.717
1996	0.4273	0.9717	2.832
1997	0.4165	0.9760	2.399
1998	0.4265	0.9719	2.810
1999	0.4258	0.9725	2.748
