0	0.4202	0.9717	2.833
1	0.4125	0.9749	2.514
2	0.4132	0.9747	2.533
3	0.4186	0.9729	2.715
4	0.4036	0.9792	2.085
5	0.4203	0.9718	2.824
6	0.4129	0.9752	2.482
7	0.4193	0.9724	2.761
8	0.4159	0.9735	2.653
9	0.4202	0.9719	2.812
10	0.4037	0.9794	2.064
11	0.4178	0.9727	2.729
12	0.4166	0.9731	2.686
13	0.4143	0.9746	2.540
14	0.4181	0.9729	2.711
15	0.4112	0.9753	2.467
16	0.4179	0.9724	2.764
17	0.4178	0.9730	2.704
18	0.4187	0.9725	2.745
19	0.4169	0.9729	2.710
20	0.4169	0.9730	2.705
21	0.4184	0.9727	2.732
22	0.4175	0.9727	2.726
23	0.4165	0.9734	2.662
24	0.4189	0.9726	2.744
25	0.4127	0.9747	2.527
26	0.4140	0.9746	2.540
27	0.4196	0.9719	2.806
28	0.4049	0.9785	2.149
29	0.4155	0.9737	2.626
30	0.4162	0.9738	2.619
31	0.4172	0.9730	2.696
32	0.4195	0.9722	2.777
33	0.4153	0.9739	2.607
34	0.4036	0.9796	2.042
35	0.4141	0.9741	2.585
36	0.4141	0.9745	2.546
37	0.4175	0.9730	2.700
38	0.4208	0.9716	2.837
39	0.4144	0.9740	2.597
40	0.4035	0.9794	2.061
41	0.4166	0.9735	2.653
42	0.4176	0.9732	2.679
43	0.4200	0.9717	2.828
44	0.4174	0.9734	2.655
45	0.4166	0.9735	2.651
46	0.4186	0.9725	2.752
47	0.4166	0.9735	2.652
48	0.4204	0.9717	2.827
49	0.4186	0.9726	2.737
50	0.4162	0.9734	2.656
51	0.4074	0.9774	2.256
52	0.4186	0.9727	2.726
53	0.4169	0.9734	2.661
54	0.4183	0.9723	2.765
55	0.4150	0.9741	2.594
56	0.4192	0.9722	2.778
57	0.4172	0.9733	2.666
58	0.4131	0.9748	2.522
59	0.4188	0.9726	2.737
60	0.4187	0.9723	2.771
61	0.4191	0.9724	2.764
62	0.4177	0.9729	2.711
63	0.4125	0.9748	2.519
64	0.4136	0.9743	2.575
65	0.4132	0.9752	2.480
66	0.4212	0.9711	2.890
67	0.4164	0.9732	2.683
68	0.4181	0.9722	2.783
69	0.4191	0.9722	2.778
70	0.4123	0.9749	2.506
71	0.4184	0.9728	2.716
72	0.4143	0.9748	2.517
73	0.4175	0.9730	2.703
74	0.4096	0.9760	2.401
75	0.4145	0.9745	2.550
76	0.4061	0.9783	2.168
77	0.4180	0.9730	2.700
78	0.4117	0.9755	2.446
79	0.4151	0.9739	2.614
80	0.4172	0.9731	2.689
81	0.4198	0.9723	2.768
82	0.4185	0.9727	2.730
83	0.4186	0.9729	2.715
84	0.4193	0.9722	2.783
85	0.4186	0.9727	2.731
86	0.4194	0.9721	2.792
87	0.4094	0.9765	2.354
88	0.4174	0.9733	2.672
89	0.4112	0.9753	2.469
90	0.4169	0.9732	2.682
91	0.4170	0.9728	2.718
92	0.4157	0.9735	2.655
93	0.4150	0.9739	2.613
94	0.4194	0.9722	2.780
95	0.4176	0.9729	2.710
96	0.4136	0.9743	2.575
97	0.4130	0.9748	2.518
98	0.4141	0.9741	2.585
99	0.4194	0.9721	2.792
100	0.4189	0.9725	2.746
101	0.4112	0.9753	2.469
102	0.4186	0.9728	2.716
103	0.4198	0.9723	2.766
104	0.4168	0.9729	2.705
105	0.4203	0.9717	2.827
106	0.4184	0.9728	2.719
107	0.4195	0.9719	2.806
108	0.4170	0.9728	2.718
109	0.4183	0.9723	2.766
110	0.4183	0.9727	2.728
111	0.4169	0.9734	2.661
112	0.4166	0.9735	2.651
113	0.4193	0.9722	2.783
114	0.4191	0.9722	2.778
115	0.4172	0.9730	2.696
116	0.4139	0.9746	2.537
117	0.4192	0.9722	2.779
118	0.4162	0.9738	2.618
119	0.4094	0.9765	2.354
120	0.4125	0.9748	2.519
121	0.4150	0.9739	2.611
122	0.4186	0.9726	2.738
123	0.4177	0.9730	2.699
124	0.4186	0.9723	2.771
125	0.4145	0.9745	2.548
126	0.4179	0.9730	2.698
127	0.4181	0.9722	2.781
128	0.4185	0.9725	2.745
129	0.4132	0.9752	2.482
130	0.4165	0.9732	2.685
131	0.4035	0.9796	2.041
132	0.4128	0.9752	2.483
133	0.4172	0.9731	2.689
134	0.4140	0.9746	2.542
135	0.4180	0.9729	2.712
136	0.4154	0.9737	2.627
137	0.4201	0.9719	2.811
138	0.4124	0.9749	2.514
139	0.4158	0.9735	2.653
140	0.4190	0.9724	2.764
141	0.4018	0.9801	1.988
142	0.4151	0.9738	2.615
143	0.4211	0.9711	2.891
144	0.4175	0.9730	2.702
145	0.4198	0.9724	2.757
146	0.4201	0.9717	2.833
147	0.4188	0.9726	2.737
148	0.4035	0.9792	2.083
149	0.4178	0.9724	2.763
150	0.4143	0.9748	2.518
151	0.4161	0.9734	2.656
152	0.4174	0.9730	2.699
153	0.4061	0.9783	2.169
154	0.4184	0.9729	2.714
155	0.4174	0.9730	2.703
156	0.4168	0.9732	2.682
157	0.4189	0.9724	2.764
158	0.4174	0.9728	2.723
159	0.4142	0.9746	2.540
160	0.4037	0.9794	2.062
161	0.4207	0.9716	2.837
162	0.4130	0.9747	2.534
163	0.4165	0.9735	2.653
164	0.4048	0.9785	2.149
165	0.4171	0.9733	2.669
166	0.4152	0.9739	2.605
167	0.4193	0.9722	2.782
168	0.4173	0.9734	2.655
169	0.4175	0.9732	2.677
170	0.4202	0.9718	2.825
171	0.4143	0.9740	2.598
172	0.4157	0.9735	2.655
173	0.4167	0.9729	2.705
174	0.4111	0.9753	2.466
175	0.4175	0.9729	2.708
176	0.4184	0.9727	2.730
177	0.4095	0.9760	2.400
178	0.4074	0.9774	2.256
179	0.4192	0.9724	2.762
180	0.4057	0.9778	2.216
181	0.4185	0.9725	2.745
182	0.4163	0.9732	2.684
183	0.4177	0.9729	2.711
184	0.4034	0.9794	2.060
185	0.4165	0.9735	2.653
186	0.4185	0.9726	2.735
187	0.4116	0.9755	2.449
188	0.4185	0.9727	2.726
189	0.4199	0.9717	2.828
190	0.4194	0.9722	2.777
191	0.4164	0.9734	2.663
192	0.4149	0.9741	2.594
193	0.4123	0.9749	2.506
194	0.4176	0.9727	2.727
195	0.4126	0.9747	2.527
196	0.4173	0.9733	2.672
197	0.4181	0.9721	2.787
198	0.4183	0.9728	2.719
199	0.4167	0.9729	2.708
200	0.4165	0.9735	2.653
201	0.4095	0.9760	2.399
202	0.4124	0.9748	2.516
203	0.4211	0.9711	2.891
204	0.4171	0.9731	2.689
205	0.4203	0.9717	2.828
206	0.4192	0.9721	2.786
207	0.4185	0.9726	2.738
208	0.4163	0.9732	2.683
209	0.4193	0.9721	2.791
210	0.4035	0.9791	2.085
211	0.4189	0.9723	2.765
212	0.4176	0.9730	2.701
213	0.4173	0.9730	2.703
214	0.4060	0.9783	2.169
215	0.4186	0.9722	2.778
216	0.4124	0.9749	2.513
217	0.4191	0.9724	2.761
218	0.4149	0.9740	2.595
219	0.4176	0.9727	2.730
220	0.4126	0.9747	2.527
221	0.4153	0.9737	2.626
222	0.4191	0.9722	2.779
223	0.4184	0.9728	2.716
224	0.4122	0.9749	2.506
225	0.4127	0.9752	2.481
226	0.4164	0.9731	2.686
227	0.4201	0.9718	2.823
228	0.4160	0.9735	2.654
229	0.4139	0.9745	2.547
230	0.4129	0.9748	2.518
231	0.4182	0.9727	2.732
232	0.4182	0.9723	2.765
233	0.4017	0.9801	1.988
234	0.4172	0.9733	2.671
235	0.4135	0.9742	2.575
236	0.4185	0.9726	2.736
237	0.4184	0.9727	2.729
238	0.4169	0.9728	2.717
239	0.4184	0.9725	2.752
240	0.4185	0.9728	2.723
241	0.4187	0.9726	2.735
242	0.4144	0.9745	2.553
243	0.4150	0.9738	2.616
244	0.4138	0.9746	2.539
245	0.4173	0.9727	2.726
246	0.4163	0.9734	2.663
247	0.4036	0.9794	2.063
248	0.4171	0.9730	2.695
249	0.4172	0.9734	2.655
250	0.4047	0.9785	2.150
251	0.4168	0.9734	2.661
252	0.4194	0.9722	2.778
253	0.4139	0.9741	2.586
254	0.4167	0.9729	2.706
255	0.4175	0.9729	2.711
256	0.4200	0.9716	2.836
257	0.4197	0.9724	2.758
258	0.4116	0.9755	2.449
259	0.4165	0.9735	2.651
260	0.4034	0.9796	2.041
261	0.4185	0.9726	2.745
262	0.4033	0.9794	2.062
263	0.4149	0.9739	2.612
264	0.4187	0.9725	2.749
265	0.4194	0.9719	2.808
266	0.4093	0.9765	2.353
267	0.4179	0.9729	2.712
268	0.4142	0.9740	2.596
269	0.4192	0.9722	2.780
270	0.4197	0.9723	2.768
271	0.4198	0.9717	2.829
272	0.4151	0.9739	2.608
273	0.4168	0.9732	2.682
274	0.4174	0.9732	2.677
275	0.4142	0.9748	2.521
276	0.4164	0.9735	2.651
277	0.4176	0.9729	2.712
278	0.4206	0.9716	2.837
279	0.4189	0.9724	2.764
280	0.4177	0.9724	2.762
281	0.4157	0.9735	2.654
282	0.4056	0.9778	2.217
283	0.4174	0.9730	2.701
284	0.4190	0.9722	2.778
285	0.4170	0.9733	2.667
286	0.4073	0.9774	2.257
287	0.4200	0.9719	2.812
288	0.4173	0.9730	2.700
289	0.4130	0.9747	2.533
290	0.4131	0.9752	2.480
291	0.4178	0.9730	2.700
292	0.4110	0.9753	2.469
293	0.4185	0.9729	2.714
294	0.4141	0.9746	2.540
295	0.4160	0.9738	2.617
296	0.4110	0.9753	2.465
297	0.4156	0.9735	2.654
298	0.4129	0.9748	2.521
299	0.4110	0.9753	2.469
300	0.4153	0.9737	2.625
301	0.4160	0.9734	2.655
302	0.4164	0.9735	2.652
303	0.4181	0.9724	2.765
304	0.4139	0.9741	2.585
305	0.4138	0.9746	2.539
306	0.4193	0.9722	2.778
307	0.4149	0.9739	2.614
308	0.4142	0.9740	2.598
309	0.4156	0.9735	2.655
310	0.4148	0.9739	2.613
311	0.4171	0.9731	2.689
312	0.4125	0.9747	2.527
313	0.4176	0.9727	2.727
314	0.4144	0.9745	2.551
315	0.4129	0.9747	2.533
316	0.4181	0.9727	2.729
317	0.4191	0.9724	2.761
318	0.4139	0.9746	2.543
319	0.4193	0.9719	2.806
320	0.4190	0.9722	2.778
321	0.4122	0.9749	2.506
322	0.4180	0.9722	2.785
323	0.4175	0.9730	2.701
324	0.4183	0.9727	2.730
325	0.4164	0.9735	2.653
326	0.4131	0.9752	2.480
327	0.4166	0.9730	2.705
328	0.4189	0.9722	2.778
329	0.4182	0.9728	2.716
330	0.4187	0.9726	2.742
331	0.4192	0.9722	2.781
332	0.4016	0.9801	1.988
333	0.4164	0.9735	2.649
334	0.4192	0.9721	2.793
335	0.4173	0.9730	2.704
336	0.4034	0.9796	2.042
337	0.4176	0.9724	2.764
338	0.4167	0.9734	2.661
339	0.4150	0.9739	2.606
340	0.4184	0.9727	2.732
341	0.4168	0.9728	2.716
342	0.4170	0.9733	2.666
343	0.4059	0.9783	2.169
344	0.4173	0.9730	2.699
345	0.4199	0.9719	2.812
346	0.4163	0.9732	2.685
347	0.4177	0.9730	2.700
348	0.4035	0.9794	2.063
349	0.4032	0.9794	2.060
350	0.4174	0.9732	2.677
351	0.4200	0.9717	2.825
352	0.4167	0.9732	2.682
353	0.4141	0.9746	2.540
354	0.4184	0.9727	2.726
355	0.4206	0.9716	2.837
356	0.4171	0.9733	2.670
357	0.4183	0.9729	2.714
358	0.4156	0.9735	2.654
359	0.4162	0.9732	2.684
360	0.4171	0.9735	2.655
361	0.4047	0.9785	2.148
362	0.4172	0.9728	2.723
363	0.4174	0.9729	2.708
364	0.4172	0.9730	2.703
365	0.4178	0.9729	2.709
366	0.4191	0.9721	2.785
367	0.4197	0.9717	2.828
368	0.4184	0.9729	2.714
369	0.4092	0.9765	2.353
370	0.4122	0.9749	2.513
371	0.4072	0.9774	2.256
372	0.4196	0.9723	2.766
373	0.4184	0.9726	2.737
374	0.4109	0.9753	2.467
375	0.4201	0.9717	2.827
376	0.4186	0.9726	2.736
377	0.4115	0.9755	2.448
378	0.4123	0.9748	2.517
379	0.4170	0.9730	2.696
380	0.4162	0.9734	2.662
381	0.4094	0.9760	2.398
382	0.4189	0.9724	2.764
383	0.4196	0.9724	2.758
384	0.4134	0.9743	2.574
385	0.4055	0.9778	2.216
386	0.4148	0.9741	2.594
387	0.4034	0.9791	2.086
388	0.4141	0.9748	2.521
389	0.4209	0.9711	2.891
390	0.4183	0.9725	2.751
391	0.4166	0.9729	2.708
392	0.4184	0.9726	2.744
393	0.4199	0.9717	2.833
394	0.4126	0.9752	2.482
395	0.4187	0.9723	2.765
396	0.4175	0.9729	2.711
397	0.4184	0.9723	2.772
398	0.4160	0.9738	2.617
399	0.4172	0.9728	2.722
400	0.4196	0.9724	2.756
401	0.4149	0.9739	2.615
402	0.4174	0.9729	2.707
403	0.4201	0.9718	2.823
404	0.4196	0.9723	2.766
405	0.4166	0.9730	2.705
406	0.4209	0.9711	2.890
407	0.4200	0.9718	2.824
408	0.4181	0.9727	2.728
409	0.4175	0.9730	2.699
410	0.4163	0.9732	2.685
411	0.4180	0.9723	2.766
412	0.4171	0.9733	2.671
413	0.4163	0.9735	2.649
414	0.4128	0.9748	2.523
415	0.4188	0.9724	2.763
416	0.4192	0.9722	2.777
417	0.4193	0.9720	2.804
418	0.4184	0.9726	2.743
419	0.4173	0.9730	2.703
420	0.4122	0.9749	2.512
421	0.4114	0.9755	2.445
422	0.4205	0.9717	2.833
423	0.4125	0.9747	2.527
424	0.4055	0.9778	2.217
425	0.4015	0.9801	1.988
426	0.4191	0.9722	2.783
427	0.4159	0.9738	2.617
428	0.4163	0.9735	2.653
429	0.4092	0.9765	2.354
430	0.4176	0.9724	2.763
431	0.4143	0.9745	2.550
432	0.4188	0.9722	2.778
433	0.4189	0.9722	2.778
434	0.4166	0.9732	2.680
435	0.4177	0.9729	2.712
436	0.4182	0.9727	2.731
437	0.4183	0.9729	2.715
438	0.4167	0.9729	2.714
439	0.4147	0.9741	2.593
440	0.4147	0.9739	2.611
441	0.4183	0.9727	2.727
442	0.4137	0.9746	2.537
443	0.4183	0.9726	2.736
444	0.4059	0.9783	2.169
445	0.4161	0.9732	2.682
446	0.4109	0.9753	2.470
447	0.4159	0.9734	2.656
448	0.4032	0.9794	2.060
449	0.4171	0.9730	2.702
450	0.4130	0.9752	2.480
451	0.4046	0.9785	2.149
452	0.4093	0.9760	2.400
453	0.4152	0.9738	2.625
454	0.4170	0.9731	2.690
455	0.4177	0.9730	2.701
456	0.4109	0.9753	2.467
457	0.4155	0.9735	2.654
458	0.4179	0.9721	2.785
459	0.4120	0.9749	2.507
460	0.4122	0.9748	2.516
461	0.4163	0.9735	2.651
462	0.4173	0.9732	2.677
463	0.4138	0.9741	2.586
464	0.4172	0.9730	2.700
465	0.4162	0.9734	2.661
466	0.4165	0.9729	2.708
467	0.4181	0.9728	2.719
468	0.4154	0.9734	2.655
469	0.4187	0.9723	2.765
470	0.4191	0.9721	2.789
471	0.4140	0.9746	2.540
472	0.4198	0.9717	2.833
473	0.4071	0.9774	2.256
474	0.4183	0.9725	2.751
475	0.4198	0.9719	2.812
476	0.4174	0.9729	2.712
477	0.4185	0.9726	2.736
478	0.4032	0.9796	2.042
479	0.4183	0.9727	2.734
480	0.4189	0.9724	2.762
481	0.4169	0.9730	2.695
482	0.4149	0.9739	2.607
483	0.4170	0.9734	2.655
484	0.4196	0.9717	2.827
485	0.4140	0.9748	2.519
486	0.4133	0.9743	2.574
487	0.4184	0.9723	2.773
488	0.4033	0.9792	2.084
489	0.4128	0.9747	2.532
490	0.4190	0.9721	2.786
491	0.4182	0.9728	2.715
492	0.4169	0.9733	2.670
493	0.4140	0.9740	2.598
494	0.4137	0.9746	2.544
495	0.4166	0.9734	2.660
496	0.4186	0.9726	2.744
497	0.4125	0.9752	2.482
498	0.4174	0.9727	2.727
499	0.4034	0.9794	2.063
500	0.4033	0.9791	2.086
501	0.4171	0.9730	2.704
502	0.4154	0.9735	2.655
503	0.4183	0.9728	2.717
504	0.4173	0.9729	2.711
505	0.4015	0.9801	1.987
506	0.4162	0.9732	2.683
507	0.4183	0.9728	2.723
508	0.4151	0.9737	2.625
509	0.4031	0.9794	2.062
510	0.4176	0.9730	2.705
511	0.4121	0.9749	2.514
512	0.4188	0.9722	2.783
513	0.4147	0.9739	2.612
514	0.4147	0.9741	2.595
515	0.4183	0.9722	2.778
516	0.4071	0.9774	2.256
517	0.4161	0.9732	2.684
518	0.4148	0.9739	2.614
519	0.4139	0.9746	2.540
520	0.4159	0.9738	2.618
521	0.4182	0.9726	2.735
522	0.4188	0.9724	2.763
523	0.4198	0.9719	2.812
524	0.4185	0.9726	2.737
525	0.4174	0.9730	2.701
526	0.4170	0.9734	2.655
527	0.4190	0.9722	2.782
528	0.4149	0.9739	2.606
529	0.4032	0.9796	2.042
530	0.4192	0.9720	2.805
531	0.4185	0.9726	2.744
532	0.4172	0.9732	2.676
533	0.4171	0.9730	2.699
534	0.4127	0.9748	2.520
535	0.4191	0.9722	2.778
536	0.4169	0.9731	2.695
537	0.4158	0.9734	2.656
538	0.4166	0.9728	2.718
539	0.4171	0.9728	2.724
540	0.4166	0.9734	2.660
541	0.4124	0.9747	2.527
542	0.4121	0.9748	2.515
543	0.4191	0.9721	2.792
544	0.4161	0.9734	2.662
545	0.4208	0.9711	2.891
546	0.4189	0.9721	2.786
547	0.4165	0.9730	2.704
548	0.4170	0.9733	2.671
549	0.4175	0.9724	2.764
550	0.4186	0.9723	2.766
551	0.4125	0.9752	2.480
552	0.4204	0.9716	2.838
553	0.4182	0.9725	2.752
554	0.4092	0.9760	2.399
555	0.4033	0.9794	2.063
556	0.4137	0.9745	2.547
557	0.4199	0.9718	2.823
558	0.4196	0.9717	2.828
559	0.4180	0.9728	2.721
560	0.4127	0.9747	2.533
561	0.4174	0.9729	2.710
562	0.4113	0.9755	2.449
563	0.4091	0.9765	2.353
564	0.4154	0.9735	2.653
565	0.4057	0.9783	2.169
566	0.4174	0.9727	2.729
567	0.4140	0.9740	2.596
568	0.4137	0.9741	2.586
569	0.4182	0.9727	2.729
570	0.4179	0.9723	2.766
571	0.4195	0.9723	2.767
572	0.4045	0.9785	2.153
573	0.4183	0.9726	2.745
574	0.4132	0.9743	2.573
575	0.4168	0.9733	2.670
576	0.4140	0.9748	2.521
577	0.4197	0.9716	2.836
578	0.4176	0.9729	2.708
579	0.4164	0.9729	2.711
580	0.4165	0.9732	2.682
581	0.4188	0.9722	2.777
582	0.4200	0.9717	2.827
583	0.4169	0.9731	2.689
584	0.4181	0.9729	2.714
585	0.4162	0.9735	2.650
586	0.4136	0.9746	2.538
587	0.4054	0.9778	2.216
588	0.4120	0.9749	2.506
589	0.4178	0.9721	2.786
590	0.4108	0.9753	2.467
591	0.4129	0.9752	2.480
592	0.4142	0.9745	2.551
593	0.4182	0.9726	2.737
594	0.4179	0.9727	2.728
595	0.4162	0.9735	2.650
596	0.4194	0.9724	2.756
597	0.4108	0.9753	2.470
598	0.4171	0.9730	2.701
599	0.4188	0.9724	2.760
600	0.4162	0.9735	2.654
601	0.4171	0.9728	2.723
602	0.4108	0.9753	2.469
603	0.4153	0.9735	2.655
604	0.4108	0.9753	2.466
605	0.4154	0.9735	2.653
606	0.4139	0.9748	2.519
607	0.4113	0.9755	2.448
608	0.4176	0.9729	2.709
609	0.4123	0.9747	2.526
610	0.4179	0.9723	2.765
611	0.4137	0.9741	2.585
612	0.4171	0.9730	2.700
613	0.4173	0.9727	2.728
614	0.4121	0.9749	2.513
615	0.4148	0.9739	2.607
616	0.4188	0.9724	2.761
617	0.4124	0.9752	2.480
618	0.4185	0.9726	2.745
619	0.4162	0.9735	2.652
620	0.4191	0.9720	2.805
621	0.4173	0.9730	2.701
622	0.4204	0.9716	2.837
623	0.4171	0.9730	2.701
624	0.4197	0.9719	2.812
625	0.4128	0.9752	2.480
626	0.4172	0.9732	2.677
627	0.4160	0.9734	2.662
628	0.4157	0.9734	2.655
629	0.4121	0.9748	2.518
630	0.4194	0.9724	2.756
631	0.4045	0.9785	2.148
632	0.4182	0.9726	2.744
633	0.4188	0.9722	2.778
634	0.4183	0.9723	2.770
635	0.4147	0.9738	2.615
636	0.4032	0.9792	2.084
637	0.4169	0.9734	2.656
638	0.4182	0.9729	2.714
639	0.4030	0.9794	2.060
640	0.4172	0.9729	2.707
641	0.4146	0.9739	2.612
642	0.4135	0.9746	2.538
643	0.4185	0.9724	2.763
644	0.4207	0.9711	2.889
645	0.4173	0.9729	2.711
646	0.4181	0.9725	2.748
647	0.4162	0.9735	2.647
648	0.4053	0.9778	2.217
649	0.4181	0.9729	2.713
650	0.4165	0.9734	2.660
651	0.4141	0.9745	2.548
652	0.4182	0.9727	2.728
653	0.4199	0.9718	2.820
654	0.4179	0.9727	2.727
655	0.4197	0.9717	2.831
656	0.4191	0.9722	2.778
657	0.4166	0.9729	2.713
658	0.4070	0.9774	2.260
659	0.4175	0.9730	2.696
660	0.4188	0.9722	2.782
661	0.4184	0.9726	2.737
662	0.4181	0.9727	2.728
663	0.4127	0.9747	2.532
664	0.4057	0.9783	2.169
665	0.4164	0.9729	2.705
666	0.4182	0.9726	2.738
667	0.4139	0.9740	2.598
668	0.4174	0.9723	2.765
669	0.4187	0.9724	2.763
670	0.4033	0.9794	2.062
671	0.4132	0.9743	2.573
672	0.4177	0.9722	2.784
673	0.4157	0.9738	2.617
674	0.4165	0.9732	2.680
675	0.4189	0.9722	2.781
676	0.4014	0.9801	1.988
677	0.4195	0.9717	2.827
678	0.4164	0.9729	2.706
679	0.4168	0.9731	2.689
680	0.4159	0.9732	2.683
681	0.4161	0.9732	2.685
682	0.4181	0.9727	2.729
683	0.4136	0.9746	2.543
684	0.4150	0.9737	2.625
685	0.4031	0.9796	2.042
686	0.4167	0.9731	2.695
687	0.4187	0.9722	2.778
688	0.4169	0.9733	2.670
689	0.4167	0.9733	2.669
690	0.4179	0.9728	2.719
691	0.4161	0.9735	2.651
692	0.4119	0.9749	2.506
693	0.4194	0.9723	2.767
694	0.4138	0.9746	2.539
695	0.4198	0.9717	2.826
696	0.4090	0.9765	2.353
697	0.4091	0.9760	2.399
698	0.4145	0.9741	2.593
699	0.4126	0.9748	2.520
700	0.4189	0.9721	2.789
701	0.4169	0.9730	2.702
702	0.4196	0.9717	2.834
703	0.4171	0.9732	2.677
704	0.4175	0.9729	2.709
705	0.4181	0.9727	2.727
706	0.4181	0.9727	2.733
707	0.4157	0.9738	2.617
708	0.4070	0.9774	2.257
709	0.4120	0.9748	2.517
710	0.4203	0.9716	2.837
711	0.4163	0.9730	2.704
712	0.4181	0.9725	2.751
713	0.4159	0.9732	2.685
714	0.4056	0.9783	2.168
715	0.4197	0.9718	2.823
716	0.4182	0.9722	2.776
717	0.4044	0.9785	2.150
718	0.4139	0.9748	2.520
719	0.4181	0.9728	2.715
720	0.4122	0.9747	2.527
721	0.4146	0.9739	2.614
722	0.4135	0.9746	2.539
723	0.4030	0.9796	2.041
724	0.4181	0.9726	2.737
725	0.4171	0.9730	2.703
726	0.4120	0.9749	2.514
727	0.4031	0.9791	2.088
728	0.4170	0.9730	2.700
729	0.4193	0.9724	2.757
730	0.4187	0.9724	2.761
731	0.4091	0.9760	2.397
732	0.4195	0.9717	2.829
733	0.4187	0.9722	2.778
734	0.4172	0.9727	2.729
735	0.4145	0.9741	2.594
736	0.4181	0.9726	2.745
737	0.4161	0.9735	2.651
738	0.4185	0.9723	2.765
739	0.4190	0.9722	2.777
740	0.4186	0.9724	2.763
741	0.4127	0.9752	2.480
742	0.4184	0.9726	2.744
743	0.4190	0.9719	2.806
744	0.4032	0.9794	2.061
745	0.4140	0.9745	2.550
746	0.4189	0.9721	2.789
747	0.4172	0.9729	2.712
748	0.4136	0.9746	2.542
749	0.4193	0.9723	2.767
750	0.4164	0.9734	2.662
751	0.4173	0.9724	2.765
752	0.4180	0.9727	2.730
753	0.4174	0.9730	2.698
754	0.4089	0.9765	2.354
755	0.4164	0.9732	2.680
756	0.4136	0.9742	2.583
757	0.4149	0.9737	2.626
758	0.4138	0.9746	2.540
759	0.4125	0.9748	2.520
760	0.4163	0.9729	2.706
761	0.4106	0.9753	2.467
762	0.4188	0.9721	2.785
763	0.4167	0.9731	2.695
764	0.4161	0.9735	2.649
765	0.4189	0.9722	2.782
766	0.4152	0.9735	2.655
767	0.4118	0.9749	2.506
768	0.4169	0.9730	2.702
769	0.4178	0.9727	2.728
770	0.4159	0.9734	2.661
771	0.4186	0.9722	2.778
772	0.4172	0.9730	2.701
773	0.4179	0.9728	2.717
774	0.4168	0.9734	2.657
775	0.4153	0.9735	2.653
776	0.4167	0.9731	2.687
777	0.4183	0.9726	2.738
778	0.4168	0.9733	2.672
779	0.4131	0.9743	2.572
780	0.4126	0.9747	2.532
781	0.4138	0.9740	2.597
782	0.4112	0.9755	2.447
783	0.4171	0.9729	2.708
784	0.4166	0.9733	2.667
785	0.4160	0.9732	2.684
786	0.4169	0.9728	2.724
787	0.4198	0.9718	2.824
788	0.4145	0.9739	2.612
789	0.4180	0.9729	2.713
790	0.4178	0.9723	2.765
791	0.4156	0.9734	2.655
792	0.4161	0.9735	2.653
793	0.4052	0.9778	2.216
794	0.4013	0.9801	1.988
795	0.4164	0.9728	2.717
796	0.4196	0.9719	2.813
797	0.4107	0.9753	2.469
798	0.4147	0.9739	2.606
799	0.4029	0.9794	2.059
800	0.4123	0.9752	2.481
801	0.4176	0.9721	2.787
802	0.4206	0.9711	2.891
803	0.4196	0.9717	2.833
804	0.4056	0.9783	2.170
805	0.4176	0.9721	2.788
806	0.4123	0.9752	2.480
807	0.4160	0.9732	2.684
808	0.4190	0.9719	2.807
809	0.4145	0.9739	2.612
810	0.4169	0.9729	2.706
811	0.4196	0.9719	2.811
812	0.4187	0.9721	2.786
813	0.4170	0.9732	2.677
814	0.4172	0.9727	2.729
815	0.4166	0.9733	2.670
816	0.4164	0.9728	2.717
817	0.4173	0.9724	2.764
818	0.4012	0.9801	1.987
819	0.4181	0.9728	2.716
820	0.4172	0.9729	2.711
821	0.4181	0.9726	2.744
822	0.4169	0.9728	2.725
823	0.4164	0.9734	2.660
824	0.4118	0.9749	2.507
825	0.4180	0.9725	2.750
826	0.4189	0.9722	2.777
827	0.4168	0.9735	2.654
828	0.4188	0.9721	2.790
829	0.4194	0.9717	2.826
830	0.4183	0.9726	2.744
831	0.4030	0.9792	2.085
832	0.4121	0.9747	2.527
833	0.4119	0.9749	2.514
834	0.4206	0.9711	2.892
835	0.4174	0.9730	2.702
836	0.4052	0.9778	2.216
837	0.4137	0.9746	2.539
838	0.4180	0.9726	2.737
839	0.4179	0.9729	2.714
840	0.4149	0.9737	2.626
841	0.4156	0.9734	2.655
842	0.4186	0.9722	2.778
843	0.4163	0.9732	2.681
844	0.4111	0.9755	2.448
845	0.4193	0.9723	2.766
846	0.4167	0.9731	2.689
847	0.4181	0.9723	2.773
848	0.4180	0.9727	2.734
849	0.4192	0.9724	2.757
850	0.4145	0.9739	2.614
851	0.4187	0.9724	2.760
852	0.4185	0.9724	2.765
853	0.4068	0.9774	2.256
854	0.4178	0.9728	2.719
855	0.4162	0.9730	2.705
856	0.4127	0.9752	2.480
857	0.4158	0.9732	2.682
858	0.4031	0.9794	2.062
859	0.4159	0.9734	2.660
860	0.4090	0.9760	2.400
861	0.4169	0.9730	2.700
862	0.4088	0.9765	2.354
863	0.4144	0.9741	2.594
864	0.4138	0.9740	2.598
865	0.4184	0.9723	2.765
866	0.4188	0.9722	2.783
867	0.4160	0.9735	2.654
868	0.4119	0.9749	2.512
869	0.4166	0.9731	2.695
870	0.4137	0.9748	2.519
871	0.4198	0.9717	2.827
872	0.4169	0.9730	2.700
873	0.4160	0.9735	2.651
874	0.4160	0.9735	2.651
875	0.4182	0.9726	2.736
876	0.4029	0.9794	2.059
877	0.4179	0.9727	2.729
878	0.4146	0.9739	2.606
879	0.4151	0.9735	2.654
880	0.4202	0.9716	2.836
881	0.4185	0.9722	2.778
882	0.4156	0.9738	2.617
883	0.4135	0.9742	2.582
884	0.4133	0.9746	2.538
885	0.4171	0.9730	2.701
886	0.4152	0.9735	2.653
887	0.4177	0.9727	2.728
888	0.4043	0.9785	2.147
889	0.4125	0.9747	2.533
890	0.4029	0.9796	2.042
891	0.4167	0.9733	2.670
892	0.4106	0.9753	2.469
893	0.4177	0.9724	2.765
894	0.4130	0.9743	2.575
895	0.4162	0.9730	2.704
896	0.4139	0.9745	2.552
897	0.4134	0.9746	2.544
898	0.4196	0.9718	2.824
899	0.4180	0.9727	2.725
900	0.4170	0.9729	2.709
901	0.4105	0.9753	2.467
902	0.4124	0.9748	2.518
903	0.4174	0.9729	2.709
904	0.4118	0.9749	2.513
905	0.4177	0.9727	2.730
906	0.4055	0.9783	2.170
907	0.4151	0.9735	2.655
908	0.4111	0.9755	2.447
909	0.4167	0.9735	2.655
910	0.4146	0.9739	2.608
911	0.4088	0.9765	2.353
912	0.4068	0.9774	2.256
913	0.4174	0.9729	2.711
914	0.4179	0.9728	2.716
915	0.4185	0.9724	2.764
916	0.4158	0.9732	2.683
917	0.4166	0.9731	2.695
918	0.4042	0.9785	2.152
919	0.4172	0.9724	2.765
920	0.4130	0.9743	2.573
921	0.4196	0.9718	2.823
922	0.4117	0.9749	2.507
923	0.4169	0.9732	2.679
924	0.4160	0.9735	2.651
925	0.4180	0.9728	2.719
926	0.4173	0.9730	2.704
927	0.4105	0.9753	2.467
928	0.4165	0.9733	2.670
929	0.4148	0.9738	2.625
930	0.4159	0.9732	2.685
931	0.4163	0.9734	2.661
932	0.4171	0.9727	2.730
933	0.4195	0.9719	2.811
934	0.4162	0.9729	2.710
935	0.4158	0.9734	2.662
936	0.4180	0.9726	2.737
937	0.4182	0.9726	2.736
938	0.4106	0.9753	2.469
939	0.4089	0.9760	2.397
940	0.4029	0.9796	2.041
941	0.4192	0.9723	2.769
942	0.4011	0.9801	1.988
943	0.4133	0.9746	2.538
944	0.4144	0.9739	2.611
945	0.4167	0.9733	2.672
946	0.4166	0.9731	2.690
947	0.4118	0.9748	2.516
948	0.4162	0.9730	2.704
949	0.4144	0.9738	2.615
950	0.4030	0.9794	2.065
951	0.4175	0.9721	2.790
952	0.4205	0.9711	2.890
953	0.4179	0.9726	2.737
954	0.4176	0.9723	2.766
955	0.4028	0.9794	2.062
956	0.4139	0.9745	2.554
957	0.4195	0.9716	2.836
958	0.4137	0.9748	2.521
959	0.4155	0.9735	2.654
960	0.4180	0.9722	2.778
961	0.4134	0.9741	2.586
962	0.4187	0.9722	2.781
963	0.4189	0.9719	2.808
964	0.4186	0.9721	2.786
965	0.4120	0.9747	2.526
966	0.4180	0.9726	2.743
967	0.4168	0.9727	2.728
968	0.4197	0.9717	2.829
969	0.4159	0.9735	2.651
970	0.4134	0.9745	2.546
971	0.4029	0.9791	2.087
972	0.4169	0.9729	2.711
973	0.4188	0.9722	2.778
974	0.4137	0.9740	2.597
975	0.4126	0.9752	2.480
976	0.4184	0.9722	2.780
977	0.4124	0.9747	2.532
978	0.4179	0.9728	2.725
979	0.4182	0.9726	2.745
980	0.4163	0.9728	2.717
981	0.4167	0.9730	2.702
982	0.4201	0.9716	2.837
983	0.4171	0.9729	2.710
984	0.4187	0.9721	2.790
985	0.4121	0.9752	2.481
986	0.4191	0.9724	2.758
987	0.4185	0.9724	2.762
988	0.4193	0.9717	2.827
989	0.4155	0.9738	2.617
990	0.4124	0.9748	2.518
991	0.4168	0.9730	2.701
992	0.4162	0.9732	2.682
993	0.4185	0.9722	2.778
994	0.4159	0.9735	2.651
995	0.4177	0.9728	2.720
996	0.4143	0.9741	2.593
997	0.4179	0.9725	2.749
998	0.4151	0.9735	2.654
999	0.4178	0.9727	2.731
1000	0.4051	0.9778	2.216
1001	0.4183	0.9724	2.763
1002	0.4136	0.9746	2.541
1003	0.4170	0.9730	2.700
1004	0.4168	0.9730	2.703
1005	0.4169	0.9729	2.706
1006	0.4176	0.9723	2.765
1007	0.4028	0.9794	2.057
1008	0.4168	0.9730	2.698
1009	0.4170	0.9727	2.728
1010	0.4162	0.9734	2.660
1011	0.4029	0.9792	2.084
1012	0.4171	0.9724	2.764
1013	0.4170	0.9729	2.711
1014	0.4184	0.9722	2.776
1015	0.4179	0.9727	2.728
1016	0.4197	0.9718	2.819
1017	0.4186	0.9722	2.782
1018	0.4170	0.9730	2.698
1019	0.4162	0.9732	2.679
1020	0.4143	0.9741	2.592
1021	0.4167	0.9730	2.699
1022	0.4161	0.9730	2.705
1023	0.4105	0.9754	2.464
1024	0.4165	0.9734	2.664
1025	0.4187	0.9722	2.779
1026	0.4157	0.9732	2.679
1027	0.4179	0.9728	2.725
1028	0.4185	0.9722	2.777
1029	0.4143	0.9739	2.610
1030	0.4030	0.9794	2.060
1031	0.4118	0.9748	2.519
1032	0.4151	0.9735	2.652
1033	0.4188	0.9722	2.778
1034	0.4163	0.9729	2.713
1035	0.4194	0.9719	2.809
1036	0.4166	0.9733	2.670
1037	0.4116	0.9749	2.507
1038	0.4165	0.9730	2.695
1039	0.4159	0.9735	2.647
1040	0.4191	0.9724	2.757
1041	0.4117	0.9749	2.513
1042	0.4155	0.9738	2.616
1043	0.4157	0.9734	2.660
1044	0.4179	0.9726	2.744
1045	0.4042	0.9785	2.148
1046	0.4185	0.9724	2.760
1047	0.4121	0.9752	2.483
1048	0.4154	0.9735	2.654
1049	0.4178	0.9729	2.712
1050	0.4201	0.9717	2.832
1051	0.4105	0.9753	2.470
1052	0.4136	0.9748	2.517
1053	0.4089	0.9760	2.400
1054	0.4133	0.9742	2.582
1055	0.4145	0.9739	2.607
1056	0.4181	0.9726	2.737
1057	0.4172	0.9730	2.698
1058	0.4173	0.9729	2.713
1059	0.4120	0.9747	2.527
1060	0.4179	0.9728	2.716
1061	0.4067	0.9774	2.258
1062	0.4174	0.9722	2.783
1063	0.4191	0.9723	2.767
1064	0.4179	0.9726	2.738
1065	0.4110	0.9755	2.445
1066	0.4178	0.9727	2.731
1067	0.4147	0.9737	2.626
1068	0.4179	0.9723	2.769
1069	0.4168	0.9732	2.677
1070	0.4159	0.9735	2.653
1071	0.4150	0.9735	2.655
1072	0.4050	0.9778	2.217
1073	0.4123	0.9748	2.521
1074	0.4192	0.9717	2.827
1075	0.4161	0.9730	2.705
1076	0.4054	0.9783	2.169
1077	0.4176	0.9727	2.729
1078	0.4166	0.9735	2.655
1079	0.4144	0.9739	2.614
1080	0.4135	0.9746	2.540
1081	0.4158	0.9731	2.686
1082	0.4125	0.9752	2.480
1083	0.4158	0.9735	2.651
1084	0.4195	0.9718	2.825
1085	0.4124	0.9747	2.533
1086	0.4167	0.9728	2.724
1087	0.4165	0.9731	2.689
1088	0.4178	0.9725	2.751
1089	0.4138	0.9745	2.549
1090	0.4183	0.9724	2.764
1091	0.4176	0.9728	2.718
1092	0.4087	0.9765	2.354
1093	0.4133	0.9746	2.543
1094	0.4132	0.9746	2.538
1095	0.4136	0.9740	2.598
1096	0.4129	0.9743	2.574
1097	0.4204	0.9711	2.888
1098	0.4028	0.9796	2.042
1099	0.4182	0.9724	2.764
1100	0.4186	0.9721	2.790
1101	0.4181	0.9726	2.743
1102	0.4168	0.9730	2.701
1103	0.4193	0.9717	2.833
1104	0.4188	0.9720	2.805
1105	0.4010	0.9801	1.988
1106	0.4161	0.9734	2.661
1107	0.4147	0.9737	2.626
1108	0.4158	0.9735	2.653
1109	0.4123	0.9748	2.519
1110	0.4181	0.9726	2.737
1111	0.4175	0.9723	2.767
1112	0.4194	0.9717	2.826
1113	0.4172	0.9729	2.709
1114	0.4168	0.9732	2.676
1115	0.4156	0.9732	2.683
1116	0.4165	0.9731	2.688
1117	0.4145	0.9739	2.607
1118	0.4149	0.9735	2.655
1119	0.4157	0.9732	2.685
1120	0.4162	0.9728	2.717
1121	0.4177	0.9729	2.714
1122	0.4187	0.9722	2.778
1123	0.4164	0.9730	2.696
1124	0.4010	0.9801	1.988
1125	0.4167	0.9730	2.700
1126	0.4193	0.9717	2.834
1127	0.4193	0.9719	2.812
1128	0.4168	0.9729	2.708
1129	0.4178	0.9725	2.749
1130	0.4169	0.9730	2.701
1131	0.4066	0.9774	2.257
1132	0.4161	0.9732	2.679
1133	0.4138	0.9745	2.550
1134	0.4166	0.9730	2.701
1135	0.4178	0.9726	2.738
1136	0.4160	0.9730	2.704
1137	0.4187	0.9720	2.805
1138	0.4172	0.9730	2.698
1139	0.4104	0.9753	2.470
1140	0.4165	0.9734	2.659
1141	0.4154	0.9735	2.654
1142	0.4027	0.9794	2.058
1143	0.4186	0.9722	2.782
1144	0.4029	0.9794	2.062
1145	0.4117	0.9748	2.518
1146	0.4142	0.9739	2.612
1147	0.4158	0.9735	2.651
1148	0.4109	0.9755	2.446
1149	0.4167	0.9730	2.701
1150	0.4123	0.9747	2.532
1151	0.4190	0.9723	2.765
1152	0.4119	0.9747	2.527
1153	0.4088	0.9760	2.398
1154	0.4178	0.9727	2.734
1155	0.4200	0.9716	2.836
1156	0.4053	0.9783	2.170
1157	0.4128	0.9743	2.572
1158	0.4116	0.9749	2.514
1159	0.4164	0.9733	2.671
1160	0.4135	0.9740	2.596
1161	0.4133	0.9741	2.586
1162	0.4135	0.9748	2.520
1163	0.4177	0.9727	2.730
1164	0.4103	0.9753	2.467
1165	0.4027	0.9796	2.042
1166	0.4131	0.9746	2.538
1167	0.4169	0.9729	2.709
1168	0.4182	0.9723	2.766
1169	0.4184	0.9724	2.761
1170	0.4176	0.9728	2.721
1171	0.4165	0.9733	2.670
1172	0.4203	0.9711	2.891
1173	0.4181	0.9725	2.748
1174	0.4143	0.9739	2.613
1175	0.4115	0.9749	2.506
1176	0.4186	0.9721	2.792
1177	0.4049	0.9778	2.216
1178	0.4185	0.9721	2.786
1179	0.4028	0.9791	2.087
1180	0.4178	0.9728	2.719
1181	0.4178	0.9728	2.723
1182	0.4166	0.9727	2.727
1183	0.4150	0.9735	2.652
1184	0.4132	0.9745	2.545
1185	0.4190	0.9724	2.758
1186	0.4173	0.9721	2.787
1187	0.4178	0.9722	2.776
1188	0.4154	0.9738	2.617
1189	0.4040	0.9785	2.151
1190	0.4142	0.9741	2.594
1191	0.4120	0.9752	2.480
1192	0.4158	0.9735	2.651
1193	0.4170	0.9724	2.764
1194	0.4175	0.9727	2.730
1195	0.4086	0.9765	2.354
1196	0.4178	0.9726	2.744
1197	0.4156	0.9734	2.663
1198	0.4124	0.9752	2.480
1199	0.4183	0.9724	2.762
1200	0.4183	0.9722	2.777
1201	0.4195	0.9717	2.826
1202	0.4134	0.9746	2.540
1203	0.4191	0.9717	2.827
1204	0.4169	0.9727	2.727
1205	0.4184	0.9722	2.778
1206	0.4160	0.9730	2.703
1207	0.4027	0.9796	2.043
1208	0.4184	0.9722	2.778
1209	0.4169	0.9730	2.699
1210	0.4171	0.9730	2.698
1211	0.4175	0.9727	2.728
1212	0.4160	0.9730	2.705
1213	0.4161	0.9732	2.678
1214	0.4026	0.9794	2.056
1215	0.4177	0.9727	2.727
1216	0.4053	0.9783	2.168
1217	0.4165	0.9734	2.657
1218	0.4199	0.9717	2.833
1219	0.4131	0.9746	2.537
1220	0.4170	0.9723	2.765
1221	0.4169	0.9729	2.711
1222	0.4173	0.9722	2.782
1223	0.4123	0.9747	2.533
1224	0.4137	0.9745	2.549
1225	0.4176	0.9729	2.713
1226	0.4182	0.9724	2.761
1227	0.4027	0.9792	2.084
1228	0.4157	0.9735	2.653
1229	0.4118	0.9747	2.527
1230	0.4191	0.9717	2.829
1231	0.4028	0.9794	2.062
1232	0.4156	0.9734	2.660
1233	0.4184	0.9724	2.760
1234	0.4177	0.9727	2.733
1235	0.4160	0.9734	2.661
1236	0.4009	0.9801	1.988
1237	0.4185	0.9721	2.789
1238	0.4164	0.9731	2.690
1239	0.4163	0.9731	2.695
1240	0.4159	0.9729	2.706
1241	0.4149	0.9735	2.653
1242	0.4103	0.9753	2.468
1243	0.4124	0.9752	2.480
1244	0.4177	0.9726	2.739
1245	0.4176	0.9727	2.730
1246	0.4167	0.9729	2.708
1247	0.4190	0.9723	2.767
1248	0.4167	0.9730	2.700
1249	0.4134	0.9746	2.541
1250	0.4108	0.9755	2.446
1251	0.4132	0.9742	2.584
1252	0.4157	0.9735	2.649
1253	0.4171	0.9729	2.708
1254	0.4153	0.9734	2.656
1255	0.4153	0.9738	2.617
1256	0.4141	0.9741	2.592
1257	0.4132	0.9746	2.543
1258	0.4146	0.9737	2.625
1259	0.4185	0.9722	2.782
1260	0.4161	0.9728	2.715
1261	0.4167	0.9732	2.676
1262	0.4179	0.9726	2.736
1263	0.4155	0.9732	2.682
1264	0.4186	0.9722	2.778
1265	0.4114	0.9749	2.506
1266	0.4119	0.9752	2.481
1267	0.4040	0.9785	2.148
1268	0.4135	0.9740	2.598
1269	0.4181	0.9724	2.765
1270	0.4116	0.9749	2.513
1271	0.4182	0.9722	2.777
1272	0.4148	0.9735	2.654
1273	0.4192	0.9719	2.812
1274	0.4165	0.9733	2.669
1275	0.4065	0.9774	2.256
1276	0.4180	0.9726	2.745
1277	0.4186	0.9720	2.805
1278	0.4166	0.9730	2.701
1279	0.4143	0.9739	2.606
1280	0.4141	0.9739	2.612
1281	0.4127	0.9743	2.575
1282	0.4087	0.9760	2.398
1283	0.4165	0.9730	2.702
1284	0.4121	0.9748	2.517
1285	0.4178	0.9722	2.776
1286	0.4116	0.9748	2.515
1287	0.4174	0.9724	2.765
1288	0.4177	0.9729	2.714
1289	0.4176	0.9725	2.750
1290	0.4195	0.9717	2.828
1291	0.4177	0.9726	2.744
1292	0.4189	0.9724	2.757
1293	0.4142	0.9739	2.615
1294	0.4193	0.9718	2.825
1295	0.4134	0.9748	2.518
1296	0.4156	0.9732	2.684
1297	0.4168	0.9727	2.728
1298	0.4085	0.9765	2.354
1299	0.4184	0.9722	2.783
1300	0.4165	0.9728	2.724
1301	0.4175	0.9728	2.718
1302	0.4102	0.9753	2.466
1303	0.4192	0.9717	2.833
1304	0.4202	0.9711	2.888
1305	0.4163	0.9733	2.665
1306	0.4048	0.9778	2.217
1307	0.4157	0.9735	2.648
1308	0.4177	0.9723	2.771
1309	0.4184	0.9722	2.780
1310	0.4160	0.9734	2.661
1311	0.4170	0.9730	2.698
1312	0.4186	0.9720	2.805
1313	0.4161	0.9729	2.714
1314	0.4134	0.9740	2.598
1315	0.4193	0.9718	2.824
1316	0.4103	0.9753	2.470
1317	0.4142	0.9738	2.616
1318	0.4180	0.9724	2.764
1319	0.4194	0.9718	2.823
1320	0.4026	0.9796	2.043
1321	0.4165	0.9728	2.724
1322	0.4155	0.9734	2.661
1323	0.4171	0.9729	2.711
1324	0.4192	0.9717	2.833
1325	0.4166	0.9732	2.677
1326	0.4163	0.9730	2.697
1327	0.4174	0.9727	2.728
1328	0.4169	0.9723	2.765
1329	0.4176	0.9729	2.712
1330	0.4179	0.9726	2.737
1331	0.4168	0.9727	2.728
1332	0.4159	0.9730	2.705
1333	0.4065	0.9774	2.259
1334	0.4123	0.9752	2.480
1335	0.4028	0.9794	2.060
1336	0.4157	0.9735	2.653
1337	0.4190	0.9717	2.828
1338	0.4121	0.9748	2.521
1339	0.4163	0.9731	2.688
1340	0.4168	0.9730	2.700
1341	0.4154	0.9732	2.682
1342	0.4141	0.9739	2.612
1343	0.4185	0.9722	2.778
1344	0.4162	0.9734	2.665
1345	0.4179	0.9726	2.741
1346	0.4164	0.9734	2.658
1347	0.4009	0.9801	1.988
1348	0.4181	0.9724	2.761
1349	0.4189	0.9723	2.765
1350	0.4102	0.9754	2.464
1351	0.4131	0.9742	2.582
1352	0.4119	0.9752	2.483
1353	0.4026	0.9792	2.084
1354	0.4166	0.9729	2.707
1355	0.4177	0.9729	2.714
1356	0.4176	0.9727	2.730
1357	0.4025	0.9794	2.058
1358	0.4145	0.9738	2.625
1359	0.4192	0.9719	2.812
1360	0.4164	0.9733	2.670
1361	0.4039	0.9785	2.149
1362	0.4165	0.9730	2.702
1363	0.4148	0.9734	2.655
1364	0.4172	0.9721	2.787
1365	0.4130	0.9746	2.539
1366	0.4165	0.9730	2.700
1367	0.4176	0.9725	2.751
1368	0.4156	0.9735	2.651
1369	0.4115	0.9749	2.512
1370	0.4140	0.9741	2.593
1371	0.4176	0.9728	2.725
1372	0.4051	0.9783	2.169
1373	0.4198	0.9716	2.836
1374	0.4177	0.9726	2.744
1375	0.4131	0.9746	2.543
1376	0.4168	0.9729	2.712
1377	0.4173	0.9723	2.766
1378	0.4188	0.9724	2.757
1379	0.4136	0.9745	2.549
1380	0.4121	0.9747	2.532
1381	0.4115	0.9748	2.517
1382	0.4114	0.9749	2.506
1383	0.4117	0.9747	2.527
1384	0.4182	0.9724	2.761
1385	0.4152	0.9735	2.655
1386	0.4155	0.9731	2.685
1387	0.4134	0.9748	2.520
1388	0.4202	0.9711	2.890
1389	0.4174	0.9728	2.718
1390	0.4158	0.9730	2.705
1391	0.4176	0.9726	2.737
1392	0.4181	0.9722	2.777
1393	0.4143	0.9739	2.607
1394	0.4184	0.9721	2.790
1395	0.4156	0.9735	2.650
1396	0.4126	0.9743	2.573
1397	0.4107	0.9755	2.447
1398	0.4086	0.9760	2.399
1399	0.4084	0.9765	2.354
1400	0.4133	0.9746	2.539
1401	0.4183	0.9722	2.785
1402	0.4182	0.9722	2.777
1403	0.4175	0.9727	2.730
1404	0.4148	0.9735	2.654
1405	0.4165	0.9730	2.701
1406	0.4048	0.9778	2.216
1407	0.4159	0.9732	2.682
1408	0.4152	0.9738	2.617
1409	0.4133	0.9748	2.518
1410	0.4121	0.9747	2.532
1411	0.4159	0.9732	2.682
1412	0.4163	0.9735	2.654
1413	0.4051	0.9783	2.169
1414	0.4176	0.9726	2.744
1415	0.4173	0.9727	2.729
1416	0.4156	0.9735	2.652
1417	0.4181	0.9722	2.777
1418	0.4176	0.9726	2.738
1419	0.4178	0.9726	2.736
1420	0.4171	0.9722	2.784
1421	0.4176	0.9729	2.712
1422	0.4117	0.9747	2.526
1423	0.4158	0.9729	2.705
1424	0.4160	0.9728	2.717
1425	0.4167	0.9727	2.727
1426	0.4141	0.9739	2.613
1427	0.4133	0.9740	2.597
1428	0.4188	0.9724	2.757
1429	0.4142	0.9739	2.607
1430	0.4115	0.9748	2.518
1431	0.4114	0.9749	2.512
1432	0.4184	0.9721	2.789
1433	0.4168	0.9724	2.765
1434	0.4147	0.9734	2.655
1435	0.4140	0.9741	2.593
1436	0.4198	0.9716	2.836
1437	0.4039	0.9785	2.149
1438	0.4158	0.9730	2.705
1439	0.4182	0.9724	2.761
1440	0.4118	0.9752	2.479
1441	0.4135	0.9745	2.553
1442	0.4193	0.9717	2.828
1443	0.4183	0.9721	2.785
1444	0.4155	0.9732	2.685
1445	0.4173	0.9723	2.765
1446	0.4164	0.9730	2.700
1447	0.4086	0.9760	2.398
1448	0.4154	0.9734	2.662
1449	0.4084	0.9765	2.353
1450	0.4102	0.9753	2.469
1451	0.4025	0.9796	2.042
1452	0.4101	0.9753	2.467
1453	0.4148	0.9735	2.654
1454	0.4024	0.9794	2.063
1455	0.4130	0.9741	2.586
1456	0.4064	0.9775	2.254
1457	0.4132	0.9746	2.542
1458	0.4176	0.9728	2.724
1459	0.4047	0.9778	2.219
1460	0.4106	0.9755	2.449
1461	0.4191	0.9719	2.811
1462	0.4189	0.9717	2.831
1463	0.4179	0.9723	2.771
1464	0.4181	0.9724	2.761
1465	0.4161	0.9733	2.671
1466	0.4156	0.9735	2.649
1467	0.4165	0.9730	2.704
1468	0.4164	0.9730	2.704
1469	0.4163	0.9733	2.672
1470	0.4192	0.9718	2.823
1471	0.4178	0.9725	2.750
1472	0.4140	0.9739	2.611
1473	0.4113	0.9749	2.506
1474	0.4162	0.9731	2.689
1475	0.4026	0.9794	2.064
1476	0.4129	0.9746	2.537
1477	0.4155	0.9735	2.655
1478	0.4188	0.9723	2.767
1479	0.4173	0.9728	2.722
1480	0.4175	0.9727	2.729
1481	0.4165	0.9729	2.709
1482	0.4191	0.9716	2.837
1483	0.4144	0.9738	2.625
1484	0.4170	0.9729	2.710
1485	0.4167	0.9729	2.709
1486	0.4164	0.9728	2.725
1487	0.4130	0.9746	2.543
1488	0.4183	0.9722	2.779
1489	0.4185	0.9719	2.805
1490	0.4122	0.9752	2.479
1491	0.4159	0.9734	2.660
1492	0.4167	0.9730	2.700
1493	0.4165	0.9732	2.675
1494	0.4175	0.9725	2.751
1495	0.4151	0.9734	2.655
1496	0.4175	0.9727	2.733
1497	0.4007	0.9801	1.988
1498	0.4151	0.9738	2.616
1499	0.4174	0.9729	2.714
1500	0.4025	0.9792	2.084
1501	0.4201	0.9711	2.889
1502	0.4169	0.9730	2.699
1503	0.4120	0.9748	2.520
1504	0.4126	0.9743	2.572
1505	0.4176	0.9723	2.771
1506	0.4184	0.9722	2.777
1507	0.4153	0.9732	2.683
1508	0.4161	0.9731	2.695
1509	0.4181	0.9722	2.777
1510	0.4182	0.9722	2.783
1511	0.4163	0.9730	2.702
1512	0.4154	0.9734	2.661
1513	0.4181	0.9722	2.777
1514	0.4157	0.9730	2.704
1515	0.4162	0.9731	2.687
1516	0.4163	0.9733	2.670
1517	0.4169	0.9730	2.699
1518	0.4182	0.9724	2.760
1519	0.4106	0.9755	2.446
1520	0.4163	0.9734	2.655
1521	0.4165	0.9730	2.701
1522	0.4154	0.9732	2.684
1523	0.4164	0.9728	2.725
1524	0.4038	0.9785	2.147
1525	0.4157	0.9730	2.705
1526	0.4177	0.9726	2.736
1527	0.4166	0.9727	2.728
1528	0.4165	0.9729	2.707
1529	0.4132	0.9746	2.540
1530	0.4151	0.9738	2.617
1531	0.4165	0.9732	2.677
1532	0.4047	0.9778	2.216
1533	0.4114	0.9748	2.516
1534	0.4024	0.9796	2.041
1535	0.4129	0.9746	2.538
1536	0.4063	0.9774	2.256
1537	0.4101	0.9753	2.465
1538	0.4175	0.9725	2.750
1539	0.4180	0.9724	2.764
1540	0.4133	0.9740	2.597
1541	0.4184	0.9722	2.777
1542	0.4166	0.9730	2.700
1543	0.4201	0.9711	2.889
1544	0.4172	0.9727	2.729
1545	0.4197	0.9717	2.835
1546	0.4164	0.9730	2.699
1547	0.4176	0.9723	2.771
1548	0.4050	0.9783	2.169
1549	0.4190	0.9717	2.834
1550	0.4121	0.9752	2.479
1551	0.4155	0.9735	2.649
1552	0.4158	0.9732	2.679
1553	0.4158	0.9734	2.661
1554	0.4161	0.9733	2.668
1555	0.4169	0.9729	2.709
1556	0.4153	0.9732	2.683
1557	0.4175	0.9729	2.713
1558	0.4184	0.9720	2.805
1559	0.4141	0.9739	2.607
1560	0.4085	0.9760	2.400
1561	0.4161	0.9730	2.696
1562	0.4183	0.9721	2.789
1563	0.4155	0.9735	2.649
1564	0.4150	0.9735	2.654
1565	0.4139	0.9739	2.611
1566	0.4180	0.9722	2.777
1567	0.4116	0.9747	2.527
1568	0.4139	0.9741	2.592
1569	0.4188	0.9717	2.827
1570	0.4147	0.9735	2.653
1571	0.4007	0.9801	1.988
1572	0.4132	0.9748	2.517
1573	0.4143	0.9738	2.624
1574	0.4166	0.9729	2.711
1575	0.4120	0.9747	2.532
1576	0.4178	0.9726	2.743
1577	0.4175	0.9727	2.726
1578	0.4025	0.9792	2.084
1579	0.4187	0.9723	2.768
1580	0.4182	0.9722	2.782
1581	0.4023	0.9794	2.058
1582	0.4174	0.9727	2.733
1583	0.4190	0.9719	2.812
1584	0.4146	0.9735	2.654
1585	0.4113	0.9749	2.512
1586	0.4175	0.9726	2.737
1587	0.4175	0.9726	2.743
1588	0.4174	0.9729	2.713
1589	0.4129	0.9742	2.582
1590	0.4172	0.9723	2.766
1591	0.4101	0.9753	2.469
1592	0.4167	0.9724	2.764
1593	0.4112	0.9749	2.506
1594	0.4119	0.9748	2.519
1595	0.4178	0.9724	2.764
1596	0.4140	0.9739	2.615
1597	0.4155	0.9735	2.654
1598	0.4125	0.9743	2.574
1599	0.4083	0.9765	2.354
1600	0.4117	0.9752	2.479
1601	0.4192	0.9717	2.828
1602	0.4129	0.9746	2.542
1603	0.4158	0.9728	2.717
1604	0.4170	0.9721	2.787
1605	0.4174	0.9727	2.730
1606	0.4134	0.9745	2.550
1607	0.4191	0.9717	2.825
1608	0.4187	0.9724	2.757
1609	0.4172	0.9728	2.720
1610	0.4026	0.9794	2.062
1611	0.4160	0.9733	2.667
1612	0.4164	0.9732	2.677
1613	0.4050	0.9783	2.168
1614	0.4154	0.9732	2.685
1615	0.4177	0.9726	2.738
1616	0.4174	0.9727	2.732
1617	0.4158	0.9728	2.717
1618	0.4187	0.9723	2.765
1619	0.4128	0.9746	2.538
1620	0.4162	0.9733	2.669
1621	0.4171	0.9723	2.766
1622	0.4175	0.9729	2.712
1623	0.4161	0.9731	2.689
1624	0.4131	0.9746	2.539
1625	0.4129	0.9746	2.543
1626	0.4192	0.9717	2.826
1627	0.4121	0.9752	2.479
1628	0.4181	0.9724	2.761
1629	0.4125	0.9743	2.574
1630	0.4175	0.9726	2.743
1631	0.4174	0.9725	2.750
1632	0.4186	0.9724	2.758
1633	0.4006	0.9801	1.988
1634	0.4132	0.9748	2.518
1635	0.4146	0.9735	2.653
1636	0.4160	0.9730	2.696
1637	0.4138	0.9739	2.611
1638	0.4166	0.9724	2.764
1639	0.4184	0.9720	2.805
1640	0.4175	0.9723	2.772
1641	0.4190	0.9718	2.825
1642	0.4117	0.9752	2.481
1643	0.4188	0.9717	2.826
1644	0.4177	0.9726	2.743
1645	0.4156	0.9730	2.704
1646	0.4141	0.9739	2.607
1647	0.4162	0.9734	2.658
1648	0.4154	0.9735	2.655
1649	0.4023	0.9794	2.058
1650	0.4100	0.9753	2.468
1651	0.4139	0.9739	2.613
1652	0.4180	0.9722	2.777
1653	0.4189	0.9717	2.834
1654	0.4157	0.9734	2.661
1655	0.4181	0.9721	2.785
1656	0.4165	0.9729	2.711
1657	0.4119	0.9748	2.519
1658	0.4163	0.9727	2.725
1659	0.4168	0.9729	2.709
1660	0.4150	0.9735	2.655
1661	0.4152	0.9732	2.683
1662	0.4105	0.9755	2.446
1663	0.4174	0.9726	2.737
1664	0.4142	0.9738	2.624
1665	0.4189	0.9719	2.812
1666	0.4046	0.9778	2.216
1667	0.4100	0.9753	2.466
1668	0.4179	0.9722	2.777
1669	0.4153	0.9734	2.660
1670	0.4173	0.9727	2.730
1671	0.4179	0.9724	2.764
1672	0.4113	0.9748	2.517
1673	0.4111	0.9749	2.506
1674	0.4182	0.9721	2.789
1675	0.4163	0.9730	2.701
1676	0.4084	0.9760	2.399
1677	0.4150	0.9738	2.616
1678	0.4168	0.9730	2.699
1679	0.4037	0.9785	2.147
1680	0.4062	0.9774	2.256
1681	0.4165	0.9730	2.701
1682	0.4157	0.9732	2.681
1683	0.4119	0.9747	2.532
1684	0.4025	0.9794	2.062
1685	0.4024	0.9791	2.087
1686	0.4082	0.9765	2.353
1687	0.4133	0.9745	2.554
1688	0.4115	0.9747	2.526
1689	0.4164	0.9729	2.711
1690	0.4023	0.9796	2.042
1691	0.4154	0.9735	2.647
1692	0.4131	0.9740	2.597
1693	0.4174	0.9728	2.722
1694	0.4171	0.9727	2.732
1695	0.4112	0.9749	2.514
1696	0.4163	0.9730	2.702
1697	0.4165	0.9727	2.729
1698	0.4183	0.9722	2.777
1699	0.4182	0.9722	2.779
1700	0.4156	0.9730	2.704
1701	0.4173	0.9729	2.712
1702	0.4169	0.9721	2.786
1703	0.4138	0.9741	2.592
1704	0.4129	0.9741	2.585
1705	0.4196	0.9716	2.836
1706	0.4178	0.9723	2.765
1707	0.4145	0.9735	2.655
1708	0.4154	0.9735	2.649
1709	0.4172	0.9728	2.718
1710	0.4199	0.9711	2.889
1711	0.4162	0.9730	2.701
1712	0.4152	0.9732	2.683
1713	0.4116	0.9752	2.481
1714	0.4199	0.9711	2.889
1715	0.4145	0.9734	2.655
1716	0.4082	0.9765	2.353
1717	0.4164	0.9729	2.710
1718	0.4025	0.9794	2.062
1719	0.4130	0.9746	2.541
1720	0.4152	0.9734	2.662
1721	0.4189	0.9716	2.835
1722	0.4179	0.9724	2.763
1723	0.4120	0.9752	2.480
1724	0.4161	0.9735	2.654
1725	0.4142	0.9738	2.625
1726	0.4162	0.9728	2.724
1727	0.4127	0.9746	2.538
1728	0.4131	0.9748	2.518
1729	0.4174	0.9726	2.743
1730	0.4163	0.9732	2.677
1731	0.4149	0.9735	2.653
1732	0.4168	0.9729	2.711
1733	0.4137	0.9741	2.592
1734	0.4111	0.9749	2.507
1735	0.4153	0.9732	2.684
1736	0.4187	0.9717	2.827
1737	0.4183	0.9720	2.805
1738	0.4154	0.9735	2.650
1739	0.4112	0.9748	2.516
1740	0.4157	0.9732	2.678
1741	0.4171	0.9728	2.718
1742	0.4195	0.9717	2.833
1743	0.4160	0.9731	2.686
1744	0.4162	0.9730	2.702
1745	0.4161	0.9733	2.669
1746	0.4105	0.9755	2.446
1747	0.4049	0.9783	2.168
1748	0.4118	0.9748	2.517
1749	0.4153	0.9735	2.649
1750	0.4115	0.9747	2.526
1751	0.4140	0.9739	2.608
1752	0.4189	0.9719	2.812
1753	0.4180	0.9722	2.784
1754	0.4169	0.9721	2.786
1755	0.4099	0.9754	2.465
1756	0.4163	0.9730	2.703
1757	0.4118	0.9747	2.533
1758	0.4180	0.9724	2.761
1759	0.4170	0.9724	2.764
1760	0.4165	0.9727	2.729
1761	0.4124	0.9743	2.573
1762	0.4023	0.9796	2.042
1763	0.4191	0.9717	2.829
1764	0.4174	0.9726	2.737
1765	0.4186	0.9723	2.766
1766	0.4178	0.9722	2.778
1767	0.4180	0.9722	2.777
1768	0.4176	0.9726	2.744
1769	0.4156	0.9734	2.661
1770	0.4185	0.9724	2.758
1771	0.4005	0.9801	1.988
1772	0.4173	0.9727	2.730
1773	0.4173	0.9729	2.713
1774	0.4138	0.9739	2.615
1775	0.4177	0.9724	2.764
1776	0.4128	0.9742	2.584
1777	0.4153	0.9735	2.653
1778	0.4173	0.9725	2.751
1779	0.4189	0.9718	2.825
1780	0.4181	0.9721	2.789
1781	0.4128	0.9746	2.542
1782	0.4036	0.9785	2.149
1783	0.4083	0.9760	2.399
1784	0.4155	0.9729	2.708
1785	0.4182	0.9722	2.778
1786	0.4149	0.9738	2.616
1787	0.4137	0.9739	2.612
1788	0.4159	0.9733	2.669
1789	0.4173	0.9727	2.725
1790	0.4164	0.9729	2.711
1791	0.4099	0.9753	2.469
1792	0.4022	0.9794	2.058
1793	0.4170	0.9727	2.730
1794	0.4061	0.9774	2.255
1795	0.4023	0.9791	2.085
1796	0.4172	0.9729	2.712
1797	0.4159	0.9730	2.695
1798	0.4175	0.9726	2.737
1799	0.4045	0.9778	2.216
1800	0.4173	0.9727	2.732
1801	0.4174	0.9723	2.774
1802	0.4162	0.9730	2.700
1803	0.4145	0.9735	2.653
1804	0.4181	0.9722	2.783
1805	0.4167	0.9730	2.699
1806	0.4165	0.9724	2.764
1807	0.4155	0.9730	2.704
1808	0.4131	0.9740	2.596
1809	0.4157	0.9728	2.716
1810	0.4112	0.9749	2.511
1811	0.4164	0.9730	2.701
1812	0.4132	0.9745	2.549
1813	0.4104	0.9755	2.446
1814	0.4163	0.9729	2.708
1815	0.4167	0.9730	2.699
1816	0.4167	0.9729	2.709
1817	0.4151	0.9732	2.683
1818	0.4162	0.9730	2.700
1819	0.4024	0.9794	2.061
1820	0.4181	0.9722	2.783
1821	0.4152	0.9732	2.684
1822	0.4155	0.9730	2.704
1823	0.4145	0.9735	2.653
1824	0.4144	0.9734	2.655
1825	0.4180	0.9721	2.785
1826	0.4118	0.9747	2.532
1827	0.4022	0.9796	2.042
1828	0.4189	0.9718	2.824
1829	0.4153	0.9735	2.652
1830	0.4172	0.9725	2.750
1831	0.4179	0.9724	2.762
1832	0.4126	0.9746	2.537
1833	0.4137	0.9739	2.611
1834	0.4081	0.9765	2.353
1835	0.4164	0.9730	2.702
1836	0.4156	0.9732	2.682
1837	0.4117	0.9749	2.515
1838	0.4157	0.9728	2.717
1839	0.4128	0.9741	2.586
1840	0.4188	0.9716	2.837
1841	0.4160	0.9735	2.655
1842	0.4023	0.9791	2.086
1843	0.4115	0.9752	2.480
1844	0.4185	0.9724	2.756
1845	0.4182	0.9722	2.778
1846	0.4173	0.9728	2.724
1847	0.4005	0.9801	1.988
1848	0.4171	0.9728	2.723
1849	0.4099	0.9753	2.470
1850	0.4181	0.9721	2.792
1851	0.4175	0.9725	2.749
1852	0.4153	0.9735	2.650
1853	0.4160	0.9733	2.672
1854	0.4123	0.9743	2.573
1855	0.4114	0.9747	2.528
1856	0.4173	0.9726	2.737
1857	0.4119	0.9752	2.479
1858	0.4139	0.9739	2.610
1859	0.4155	0.9729	2.711
1860	0.4190	0.9717	2.828
1861	0.4175	0.9726	2.736
1862	0.4186	0.9717	2.825
1863	0.4165	0.9724	2.765
1864	0.4061	0.9774	2.256
1865	0.4173	0.9726	2.743
1866	0.4159	0.9730	2.695
1867	0.4185	0.9723	2.767
1868	0.4151	0.9734	2.662
1869	0.4170	0.9727	2.730
1870	0.4149	0.9738	2.617
1871	0.4172	0.9727	2.730
1872	0.4021	0.9794	2.059
1873	0.4178	0.9722	2.778
1874	0.4082	0.9760	2.398
1875	0.4172	0.9727	2.733
1876	0.4161	0.9730	2.703
1877	0.4110	0.9749	2.507
1878	0.4159	0.9731	2.688
1879	0.4172	0.9729	2.712
1880	0.4164	0.9727	2.728
1881	0.4161	0.9728	2.725
1882	0.4130	0.9740	2.597
1883	0.4148	0.9734	2.655
1884	0.4198	0.9711	2.889
1885	0.4138	0.9739	2.614
1886	0.4158	0.9733	2.667
1887	0.4162	0.9732	2.676
1888	0.4164	0.9729	2.711
1889	0.4111	0.9748	2.517
1890	0.4173	0.9729	2.713
1891	0.4098	0.9754	2.465
1892	0.4153	0.9735	2.648
1893	0.4177	0.9724	2.764
1894	0.4176	0.9724	2.763
1895	0.4173	0.9723	2.771
1896	0.4179	0.9722	2.778
1897	0.4169	0.9724	2.765
1898	0.4048	0.9783	2.168
1899	0.4132	0.9745	2.549
1900	0.4129	0.9746	2.540
1901	0.4141	0.9737	2.626
1902	0.4188	0.9719	2.810
1903	0.4035	0.9785	2.146
1904	0.4182	0.9719	2.805
1905	0.4162	0.9730	2.700
1906	0.4136	0.9741	2.592
1907	0.4194	0.9717	2.833
1908	0.4168	0.9722	2.782
1909	0.4111	0.9749	2.511
1910	0.4155	0.9734	2.660
1911	0.4130	0.9748	2.516
1912	0.4127	0.9746	2.541
1913	0.4044	0.9778	2.217
1914	0.4148	0.9738	2.616
1915	0.4163	0.9730	2.698
1916	0.4127	0.9742	2.582
1917	0.4141	0.9737	2.626
1918	0.4151	0.9732	2.683
1919	0.4082	0.9760	2.399
1920	0.4161	0.9730	2.699
1921	0.4143	0.9735	2.654
1922	0.4186	0.9717	2.827
1923	0.4184	0.9724	2.757
1924	0.4151	0.9734	2.660
1925	0.4160	0.9733	2.669
1926	0.4129	0.9746	2.539
1927	0.4198	0.9711	2.888
1928	0.4137	0.9739	2.615
1929	0.4174	0.9726	2.735
1930	0.4188	0.9717	2.826
1931	0.4156	0.9728	2.716
1932	0.4187	0.9719	2.812
1933	0.4178	0.9724	2.760
1934	0.4130	0.9740	2.597
1935	0.4129	0.9748	2.516
1936	0.4021	0.9796	2.042
1937	0.4117	0.9747	2.532
1938	0.4047	0.9783	2.170
1939	0.4116	0.9749	2.515
1940	0.4160	0.9730	2.704
1941	0.4111	0.9749	2.513
1942	0.4173	0.9722	2.776
1943	0.4166	0.9729	2.711
1944	0.4160	0.9735	2.655
1945	0.4169	0.9727	2.731
1946	0.4035	0.9785	2.153
1947	0.4172	0.9728	2.717
1948	0.4169	0.9724	2.765
1949	0.4190	0.9717	2.828
1950	0.4194	0.9716	2.836
1951	0.4164	0.9723	2.765
1952	0.4020	0.9794	2.059
1953	0.4109	0.9749	2.507
1954	0.4131	0.9745	2.553
1955	0.4113	0.9747	2.526
1956	0.4152	0.9735	2.650
1957	0.4170	0.9728	2.721
1958	0.4181	0.9722	2.777
1959	0.4163	0.9729	2.711
1960	0.4138	0.9739	2.607
1961	0.4136	0.9739	2.611
1962	0.4162	0.9729	2.711
1963	0.4171	0.9729	2.714
1964	0.4004	0.9801	1.987
1965	0.4147	0.9735	2.654
1966	0.4171	0.9727	2.730
1967	0.4177	0.9722	2.777
1968	0.4060	0.9774	2.256
1969	0.4154	0.9729	2.706
1970	0.4178	0.9722	2.777
1971	0.4172	0.9727	2.725
1972	0.4150	0.9732	2.683
1973	0.4126	0.9746	2.542
1974	0.4160	0.9728	2.724
1975	0.4118	0.9752	2.480
1976	0.4172	0.9726	2.737
1977	0.4144	0.9735	2.653
1978	0.4167	0.9722	2.782
1979	0.4158	0.9730	2.696
1980	0.4171	0.9727	2.730
1981	0.4080	0.9765	2.355
1982	0.4165	0.9730	2.699
1983	0.4114	0.9752	2.482
1984	0.4103	0.9755	2.447
1985	0.4152	0.9735	2.654
1986	0.4155	0.9734	2.661
1987	0.4125	0.9746	2.538
1988	0.4181	0.9720	2.805
1989	0.4136	0.9741	2.591
1990	0.4161	0.9732	2.677
1991	0.4122	0.9743	2.574
1992	0.4163	0.9727	2.726
1993	0.4022	0.9792	2.084
1994	0.4158	0.9731	2.688
1995	0.4155	0.9732	2.678
1996	0.4111	0.9748	2.516
1997	0.4157	0.9733	2.667
1998	0.4187	0.9717	2.833
1999	0.4184	0.9723	2.768
