0	0.4355	0.9733	2.670
1	0.4358	0.9728	2.721
2	0.4333	0.9738	2.619
3	0.4361	0.9729	2.714
4	0.4322	0.9741	2.594
5	0.4374	0.9723	2.775
6	0.4275	0.9763	2.368
7	0.4351	0.9727	2.730
8	0.4346	0.9730	2.701
9	0.4357	0.9731	2.695
10	0.4367	0.9723	2.766
11	0.4215	0.9793	2.070
12	0.4242	0.9783	2.171
13	0.4338	0.9734	2.664
14	0.4277	0.9759	2.409
15	0.4374	0.9720	2.800
16	0.4366	0.9726	2.736
17	0.4385	0.9716	2.835
18	0.4331	0.9737	2.630
19	0.4216	0.9790	2.098
20	0.4383	0.9718	2.822
21	0.4358	0.9728	2.717
22	0.4350	0.9733	2.668
23	0.4355	0.9731	2.690
24	0.4358	0.9726	2.741
25	0.4347	0.9732	2.680
26	0.4349	0.9728	2.723
27	0.4324	0.9746	2.537
28	0.4359	0.9723	2.775
29	0.4362	0.9720	2.799
30	0.4349	0.9728	2.717
31	0.4355	0.9728	2.720
32	0.4372	0.9721	2.791
33	0.4312	0.9745	2.552
34	0.4371	0.9722	2.777
35	0.4306	0.9747	2.529
36	0.4346	0.9732	2.675
37	0.4321	0.9744	2.565
38	0.4376	0.9718	2.823
39	0.4345	0.9730	2.704
40	0.4304	0.9748	2.518
41	0.4347	0.9732	2.677
42	0.4364	0.9723	2.768
43	0.4335	0.9736	2.639
44	0.4330	0.9739	2.611
45	0.4366	0.9727	2.730
46	0.4324	0.9739	2.609
47	0.4355	0.9726	2.743
48	0.4238	0.9778	2.219
49	0.4367	0.9727	2.732
50	0.4353	0.9730	2.704
51	0.4254	0.9773	2.274
52	0.4392	0.9710	2.898
53	0.4373	0.9721	2.787
54	0.4353	0.9730	2.697
55	0.4366	0.9726	2.738
56	0.4366	0.9725	2.748
57	0.4355	0.9729	2.713
58	0.4356	0.9728	2.719
59	0.4320	0.9745	2.548
60	0.4323	0.9745	2.553
61	0.4347	0.9734	2.659
62	0.4369	0.9724	2.756
63	0.4378	0.9723	2.770
64	0.4198	0.9800	1.997
65	0.4374	0.9722	2.784
66	0.4361	0.9727	2.726
67	0.4217	0.9792	2.079
68	0.4380	0.9715	2.849
69	0.4375	0.9719	2.814
70	0.4367	0.9721	2.791
71	0.4363	0.9726	2.739
72	0.4382	0.9715	2.847
73	0.4332	0.9737	2.628
74	0.4366	0.9724	2.756
75	0.4313	0.9751	2.494
76	0.4350	0.9727	2.727
77	0.4338	0.9734	2.664
78	0.4348	0.9728	2.717
79	0.4356	0.9730	2.696
80	0.4303	0.9748	2.519
81	0.4382	0.9718	2.824
82	0.4369	0.9724	2.757
83	0.4349	0.9733	2.667
84	0.4305	0.9747	2.528
85	0.4292	0.9752	2.481
86	0.4359	0.9723	2.772
87	0.4324	0.9739	2.610
88	0.4357	0.9728	2.721
89	0.4320	0.9745	2.550
90	0.4345	0.9730	2.701
91	0.4380	0.9715	2.852
92	0.4321	0.9741	2.594
93	0.4371	0.9722	2.778
94	0.4323	0.9747	2.535
95	0.4331	0.9737	2.628
96	0.4291	0.9752	2.478
97	0.4215	0.9790	2.101
98	0.4365	0.9726	2.737
99	0.4360	0.9729	2.714
100	0.4254	0.9773	2.274
101	0.4363	0.9723	2.771
102	0.4367	0.9721	2.791
103	0.4274	0.9763	2.366
104	0.4368	0.9725	2.747
105	0.4375	0.9718	2.823
106	0.4372	0.9722	2.785
107	0.4346	0.9732	2.679
108	0.4215	0.9795	2.052
109	0.4388	0.9715	2.852
110	0.4369	0.9722	2.778
111	0.4349	0.9731	2.690
112	0.4352	0.9730	2.699
113	0.4363	0.9726	2.739
114	0.4365	0.9724	2.764
115	0.4214	0.9793	2.067
116	0.4330	0.9737	2.627
117	0.4366	0.9725	2.752
118	0.4354	0.9731	2.687
119	0.4366	0.9725	2.748
120	0.4311	0.9745	2.550
121	0.4322	0.9745	2.552
122	0.4351	0.9732	2.678
123	0.4354	0.9729	2.713
124	0.4375	0.9720	2.797
125	0.4304	0.9747	2.526
126	0.4342	0.9737	2.635
127	0.4363	0.9727	2.725
128	0.4378	0.9723	2.772
129	0.4307	0.9746	2.542
130	0.4197	0.9800	1.996
131	0.4346	0.9734	2.659
132	0.4334	0.9737	2.634
133	0.4325	0.9744	2.562
134	0.4337	0.9734	2.664
135	0.4341	0.9734	2.659
136	0.4310	0.9746	2.535
137	0.4343	0.9730	2.704
138	0.4355	0.9728	2.718
139	0.4366	0.9724	2.757
140	0.4365	0.9726	2.739
141	0.4348	0.9728	2.718
142	0.4344	0.9733	2.674
143	0.4275	0.9760	2.405
144	0.4366	0.9727	2.730
145	0.4352	0.9730	2.704
146	0.4364	0.9727	2.726
147	0.4332	0.9738	2.618
148	0.4377	0.9723	2.770
149	0.4216	0.9792	2.079
150	0.4308	0.9750	2.495
151	0.4312	0.9750	2.496
152	0.4370	0.9721	2.785
153	0.4354	0.9728	2.717
154	0.4373	0.9721	2.786
155	0.4391	0.9710	2.897
156	0.4356	0.9729	2.712
157	0.4237	0.9778	2.220
158	0.4329	0.9740	2.603
159	0.4372	0.9720	2.796
160	0.4372	0.9723	2.770
161	0.4296	0.9755	2.452
162	0.4315	0.9741	2.591
163	0.4380	0.9715	2.845
164	0.4345	0.9733	2.669
165	0.4355	0.9728	2.723
166	0.4240	0.9783	2.173
167	0.4373	0.9718	2.815
168	0.4382	0.9715	2.846
169	0.4353	0.9733	2.669
170	0.4227	0.9784	2.161
171	0.4359	0.9727	2.728
172	0.4320	0.9744	2.563
173	0.4356	0.9726	2.740
174	0.4383	0.9716	2.838
175	0.4361	0.9721	2.793
176	0.4354	0.9726	2.740
177	0.4319	0.9744	2.559
178	0.4331	0.9738	2.617
179	0.4374	0.9718	2.824
180	0.4382	0.9716	2.844
181	0.4336	0.9734	2.664
182	0.4365	0.9725	2.751
183	0.4329	0.9737	2.626
184	0.4373	0.9722	2.785
185	0.4343	0.9730	2.701
186	0.4240	0.9783	2.173
187	0.4365	0.9725	2.748
188	0.4354	0.9728	2.718
189	0.4215	0.9792	2.078
190	0.4354	0.9729	2.713
191	0.4196	0.9800	1.997
192	0.4290	0.9752	2.480
193	0.4382	0.9716	2.835
194	0.4333	0.9736	2.638
195	0.4371	0.9721	2.787
196	0.4356	0.9728	2.720
197	0.4364	0.9724	2.765
198	0.4351	0.9730	2.704
199	0.4309	0.9746	2.536
200	0.4273	0.9763	2.368
201	0.4321	0.9745	2.554
202	0.4214	0.9790	2.101
203	0.4360	0.9720	2.796
204	0.4370	0.9721	2.789
205	0.4348	0.9733	2.667
206	0.4380	0.9718	2.823
207	0.4357	0.9723	2.774
208	0.4347	0.9728	2.720
209	0.4303	0.9748	2.525
210	0.4324	0.9744	2.560
211	0.4345	0.9734	2.661
212	0.4356	0.9726	2.740
213	0.4227	0.9784	2.162
214	0.4370	0.9722	2.777
215	0.4377	0.9723	2.769
216	0.4252	0.9773	2.275
217	0.4315	0.9741	2.590
218	0.4307	0.9750	2.496
219	0.4330	0.9737	2.630
220	0.4344	0.9732	2.677
221	0.4387	0.9714	2.856
222	0.4274	0.9759	2.408
223	0.4367	0.9725	2.749
224	0.4345	0.9732	2.678
225	0.4371	0.9720	2.802
226	0.4390	0.9710	2.897
227	0.4213	0.9795	2.050
228	0.4353	0.9726	2.743
229	0.4364	0.9726	2.738
230	0.4340	0.9737	2.633
231	0.4322	0.9747	2.534
232	0.4319	0.9740	2.595
233	0.4346	0.9728	2.718
234	0.4348	0.9727	2.731
235	0.4328	0.9739	2.610
236	0.4352	0.9728	2.719
237	0.4348	0.9731	2.694
238	0.4355	0.9728	2.716
239	0.4318	0.9745	2.552
240	0.4305	0.9746	2.544
241	0.4367	0.9724	2.758
242	0.4358	0.9729	2.715
243	0.4373	0.9718	2.816
244	0.4363	0.9727	2.728
245	0.4371	0.9723	2.775
246	0.4310	0.9745	2.550
247	0.4373	0.9720	2.796
248	0.4364	0.9724	2.759
249	0.4361	0.9723	2.770
250	0.4368	0.9722	2.777
251	0.4365	0.9721	2.791
252	0.4303	0.9747	2.528
253	0.4235	0.9778	2.220
254	0.4310	0.9750	2.496
255	0.4358	0.9727	2.726
256	0.4321	0.9739	2.609
257	0.4379	0.9716	2.845
258	0.4212	0.9793	2.068
259	0.4351	0.9733	2.669
260	0.4339	0.9734	2.660
261	0.4362	0.9728	2.724
262	0.4336	0.9734	2.663
263	0.4376	0.9723	2.774
264	0.4301	0.9748	2.519
265	0.4343	0.9733	2.673
266	0.4295	0.9755	2.455
267	0.4354	0.9728	2.724
268	0.4361	0.9726	2.739
269	0.4363	0.9726	2.737
270	0.4349	0.9732	2.680
271	0.4350	0.9730	2.699
272	0.4364	0.9727	2.727
273	0.4354	0.9730	2.695
274	0.4343	0.9730	2.701
275	0.4378	0.9715	2.852
276	0.4290	0.9752	2.480
277	0.4352	0.9731	2.687
278	0.4370	0.9722	2.775
279	0.4361	0.9728	2.725
280	0.4308	0.9747	2.535
281	0.4195	0.9800	1.997
282	0.4336	0.9734	2.665
283	0.4294	0.9754	2.456
284	0.4373	0.9718	2.824
285	0.4376	0.9723	2.774
286	0.4306	0.9750	2.496
287	0.4367	0.9724	2.758
288	0.4320	0.9745	2.553
289	0.4302	0.9747	2.526
290	0.4364	0.9725	2.754
291	0.4356	0.9723	2.773
292	0.4347	0.9727	2.729
293	0.4378	0.9715	2.852
294	0.4364	0.9724	2.758
295	0.4314	0.9741	2.589
296	0.4362	0.9727	2.728
297	0.4355	0.9729	2.713
298	0.4214	0.9792	2.078
299	0.4341	0.9730	2.703
300	0.4271	0.9763	2.368
301	0.4364	0.9721	2.795
302	0.4321	0.9739	2.609
303	0.4327	0.9737	2.629
304	0.4363	0.9725	2.748
305	0.4226	0.9784	2.161
306	0.4353	0.9728	2.717
307	0.4305	0.9746	2.544
308	0.4389	0.9710	2.897
309	0.4330	0.9738	2.620
310	0.4353	0.9727	2.726
311	0.4301	0.9748	2.521
312	0.4321	0.9747	2.535
313	0.4345	0.9728	2.720
314	0.4379	0.9718	2.825
315	0.4343	0.9732	2.678
316	0.4380	0.9715	2.846
317	0.4342	0.9730	2.701
318	0.4363	0.9726	2.738
319	0.4385	0.9715	2.853
320	0.4318	0.9744	2.563
321	0.4353	0.9731	2.695
322	0.4345	0.9728	2.718
323	0.4376	0.9723	2.769
324	0.4317	0.9745	2.548
325	0.4381	0.9716	2.835
326	0.4302	0.9747	2.528
327	0.4289	0.9752	2.477
328	0.4368	0.9721	2.785
329	0.4362	0.9726	2.738
330	0.4346	0.9731	2.691
331	0.4363	0.9724	2.764
332	0.4348	0.9732	2.680
333	0.4357	0.9727	2.726
334	0.4352	0.9726	2.737
335	0.4351	0.9728	2.719
336	0.4339	0.9736	2.638
337	0.4322	0.9743	2.566
338	0.4370	0.9720	2.797
339	0.4338	0.9734	2.660
340	0.4346	0.9733	2.668
341	0.4273	0.9759	2.406
342	0.4350	0.9733	2.667
343	0.4354	0.9728	2.721
344	0.4356	0.9729	2.711
345	0.4365	0.9725	2.746
346	0.4234	0.9778	2.220
347	0.4289	0.9752	2.479
348	0.4342	0.9733	2.674
349	0.4349	0.9730	2.704
350	0.4212	0.9790	2.102
351	0.4343	0.9734	2.658
352	0.4251	0.9773	2.273
353	0.4371	0.9719	2.814
354	0.4358	0.9721	2.795
355	0.4368	0.9722	2.778
356	0.4351	0.9731	2.687
357	0.4360	0.9723	2.771
358	0.4326	0.9739	2.605
359	0.4369	0.9722	2.783
360	0.4211	0.9793	2.068
361	0.4354	0.9726	2.737
362	0.4378	0.9715	2.846
363	0.4308	0.9745	2.547
364	0.4366	0.9722	2.778
365	0.4212	0.9795	2.050
366	0.4331	0.9737	2.633
367	0.4363	0.9727	2.730
368	0.4370	0.9721	2.786
369	0.4309	0.9750	2.496
370	0.4372	0.9720	2.797
371	0.4351	0.9729	2.712
372	0.4237	0.9783	2.173
373	0.4342	0.9733	2.669
374	0.4349	0.9730	2.698
375	0.4334	0.9734	2.663
376	0.4317	0.9740	2.596
377	0.4328	0.9737	2.629
378	0.4360	0.9726	2.739
379	0.4331	0.9736	2.636
380	0.4365	0.9725	2.747
381	0.4354	0.9726	2.740
382	0.4308	0.9745	2.550
383	0.4288	0.9752	2.479
384	0.4234	0.9778	2.219
385	0.4371	0.9718	2.816
386	0.4372	0.9718	2.823
387	0.4361	0.9727	2.728
388	0.4341	0.9733	2.674
389	0.4380	0.9716	2.838
390	0.4369	0.9720	2.799
391	0.4270	0.9763	2.368
392	0.4319	0.9745	2.553
393	0.4342	0.9733	2.671
394	0.4344	0.9728	2.719
395	0.4353	0.9728	2.721
396	0.4341	0.9730	2.702
397	0.4353	0.9729	2.714
398	0.4370	0.9721	2.788
399	0.4307	0.9747	2.535
400	0.4316	0.9745	2.549
401	0.4346	0.9731	2.691
402	0.4377	0.9715	2.845
403	0.4303	0.9746	2.544
404	0.4344	0.9728	2.719
405	0.4352	0.9728	2.725
406	0.4211	0.9795	2.051
407	0.4340	0.9730	2.704
408	0.4368	0.9723	2.774
409	0.4212	0.9792	2.075
410	0.4320	0.9739	2.607
411	0.4352	0.9728	2.719
412	0.4338	0.9734	2.661
413	0.4338	0.9737	2.633
414	0.4378	0.9718	2.823
415	0.4351	0.9729	2.715
416	0.4350	0.9733	2.669
417	0.4362	0.9727	2.730
418	0.4360	0.9728	2.722
419	0.4351	0.9726	2.742
420	0.4272	0.9759	2.406
421	0.4367	0.9722	2.778
422	0.4354	0.9723	2.772
423	0.4388	0.9710	2.896
424	0.4326	0.9739	2.607
425	0.4348	0.9730	2.699
426	0.4250	0.9773	2.273
427	0.4365	0.9724	2.756
428	0.4368	0.9722	2.783
429	0.4371	0.9720	2.797
430	0.4359	0.9723	2.773
431	0.4345	0.9733	2.667
432	0.4361	0.9724	2.763
433	0.4319	0.9747	2.534
434	0.4384	0.9715	2.849
435	0.4321	0.9743	2.565
436	0.4304	0.9750	2.495
437	0.4317	0.9741	2.594
438	0.4350	0.9728	2.718
439	0.4361	0.9725	2.747
440	0.4365	0.9722	2.778
441	0.4357	0.9721	2.793
442	0.4211	0.9790	2.102
443	0.4300	0.9748	2.524
444	0.4326	0.9738	2.625
445	0.4328	0.9738	2.618
446	0.4347	0.9732	2.677
447	0.4374	0.9723	2.770
448	0.4356	0.9728	2.725
449	0.4333	0.9734	2.664
450	0.4360	0.9726	2.739
451	0.4361	0.9726	2.738
452	0.4301	0.9747	2.528
453	0.4355	0.9729	2.710
454	0.4308	0.9751	2.492
455	0.4348	0.9730	2.704
456	0.4287	0.9752	2.476
457	0.4237	0.9783	2.175
458	0.4292	0.9755	2.453
459	0.4349	0.9731	2.688
460	0.4351	0.9731	2.695
461	0.4193	0.9800	1.997
462	0.4327	0.9737	2.629
463	0.4375	0.9715	2.850
464	0.4361	0.9725	2.752
465	0.4299	0.9748	2.521
466	0.4378	0.9716	2.845
467	0.4366	0.9721	2.787
468	0.4358	0.9726	2.739
469	0.4209	0.9793	2.068
470	0.4342	0.9732	2.678
471	0.4333	0.9734	2.663
472	0.4362	0.9721	2.791
473	0.4362	0.9724	2.758
474	0.4224	0.9784	2.160
475	0.4373	0.9723	2.774
476	0.4341	0.9734	2.661
477	0.4316	0.9744	2.561
478	0.4345	0.9727	2.728
479	0.4311	0.9741	2.590
480	0.4337	0.9737	2.633
481	0.4356	0.9727	2.727
482	0.4351	0.9728	2.718
483	0.4369	0.9721	2.788
484	0.4315	0.9745	2.549
485	0.4358	0.9723	2.771
486	0.4303	0.9750	2.496
487	0.4361	0.9724	2.763
488	0.4373	0.9723	2.771
489	0.4302	0.9746	2.543
490	0.4376	0.9715	2.845
491	0.4361	0.9725	2.751
492	0.4210	0.9790	2.101
493	0.4318	0.9739	2.610
494	0.4316	0.9741	2.594
495	0.4352	0.9728	2.721
496	0.4343	0.9728	2.717
497	0.4341	0.9732	2.677
498	0.4340	0.9730	2.702
499	0.4307	0.9750	2.496
500	0.4360	0.9726	2.736
501	0.4249	0.9773	2.273
502	0.4325	0.9737	2.628
503	0.4336	0.9734	2.660
504	0.4378	0.9716	2.837
505	0.4332	0.9734	2.663
506	0.4352	0.9726	2.740
507	0.4269	0.9763	2.366
508	0.4211	0.9792	2.079
509	0.4366	0.9722	2.777
510	0.4210	0.9795	2.051
511	0.4373	0.9723	2.773
512	0.4209	0.9793	2.069
513	0.4359	0.9728	2.723
514	0.4344	0.9733	2.668
515	0.4360	0.9727	2.729
516	0.4298	0.9748	2.520
517	0.4327	0.9738	2.619
518	0.4366	0.9721	2.788
519	0.4377	0.9715	2.846
520	0.4320	0.9744	2.563
521	0.4376	0.9718	2.824
522	0.4361	0.9727	2.729
523	0.4329	0.9737	2.635
524	0.4370	0.9718	2.823
525	0.4364	0.9724	2.756
526	0.4270	0.9759	2.405
527	0.4348	0.9733	2.669
528	0.4360	0.9725	2.748
529	0.4341	0.9733	2.667
530	0.4361	0.9721	2.791
531	0.4383	0.9715	2.851
532	0.4349	0.9728	2.717
533	0.4343	0.9728	2.717
534	0.4232	0.9778	2.220
535	0.4333	0.9734	2.663
536	0.4317	0.9745	2.553
537	0.4369	0.9719	2.814
538	0.4305	0.9747	2.535
539	0.4341	0.9734	2.660
540	0.4367	0.9722	2.784
541	0.4286	0.9752	2.476
542	0.4339	0.9732	2.675
543	0.4311	0.9741	2.590
544	0.4338	0.9730	2.703
545	0.4364	0.9722	2.777
546	0.4300	0.9747	2.528
547	0.4363	0.9725	2.746
548	0.4347	0.9730	2.699
549	0.4299	0.9747	2.525
550	0.4344	0.9727	2.728
551	0.4315	0.9744	2.562
552	0.4346	0.9732	2.679
553	0.4350	0.9728	2.723
554	0.4356	0.9721	2.794
555	0.4235	0.9783	2.173
556	0.4222	0.9784	2.160
557	0.4351	0.9728	2.715
558	0.4306	0.9745	2.550
559	0.4354	0.9729	2.713
560	0.4350	0.9730	2.696
561	0.4324	0.9739	2.611
562	0.4191	0.9800	1.997
563	0.4346	0.9730	2.704
564	0.4360	0.9726	2.738
565	0.4374	0.9715	2.850
566	0.4367	0.9720	2.799
567	0.4349	0.9726	2.741
568	0.4286	0.9752	2.479
569	0.4360	0.9724	2.757
570	0.4348	0.9731	2.688
571	0.4366	0.9723	2.775
572	0.4325	0.9737	2.629
573	0.4369	0.9720	2.797
574	0.4291	0.9754	2.456
575	0.4349	0.9728	2.717
576	0.4317	0.9747	2.533
577	0.4386	0.9710	2.897
578	0.4357	0.9726	2.739
579	0.4343	0.9731	2.691
580	0.4352	0.9723	2.771
581	0.4350	0.9728	2.718
582	0.4305	0.9745	2.550
583	0.4375	0.9715	2.847
584	0.4285	0.9752	2.479
585	0.4360	0.9725	2.755
586	0.4326	0.9738	2.618
587	0.4248	0.9773	2.273
588	0.4317	0.9739	2.609
589	0.4372	0.9723	2.769
590	0.4372	0.9723	2.774
591	0.4222	0.9784	2.160
592	0.4301	0.9746	2.544
593	0.4317	0.9747	2.534
594	0.4331	0.9734	2.663
595	0.4352	0.9723	2.773
596	0.4298	0.9747	2.526
597	0.4340	0.9733	2.671
598	0.4375	0.9718	2.823
599	0.4325	0.9737	2.628
600	0.4350	0.9731	2.694
601	0.4336	0.9737	2.633
602	0.4359	0.9724	2.764
603	0.4335	0.9734	2.661
604	0.4319	0.9744	2.563
605	0.4348	0.9726	2.741
606	0.4191	0.9800	1.996
607	0.4340	0.9734	2.660
608	0.4362	0.9725	2.746
609	0.4348	0.9731	2.687
610	0.4357	0.9728	2.723
611	0.4366	0.9723	2.774
612	0.4350	0.9728	2.723
613	0.4269	0.9759	2.406
614	0.4343	0.9727	2.729
615	0.4359	0.9725	2.748
616	0.4376	0.9716	2.845
617	0.4367	0.9721	2.786
618	0.4328	0.9737	2.635
619	0.4342	0.9728	2.719
620	0.4210	0.9792	2.076
621	0.4342	0.9733	2.668
622	0.4316	0.9744	2.556
623	0.4290	0.9754	2.456
624	0.4332	0.9734	2.665
625	0.4323	0.9737	2.627
626	0.4345	0.9732	2.682
627	0.4364	0.9722	2.777
628	0.4314	0.9740	2.595
629	0.4356	0.9726	2.738
630	0.4298	0.9747	2.528
631	0.4363	0.9722	2.777
632	0.4341	0.9728	2.719
633	0.4385	0.9710	2.897
634	0.4306	0.9751	2.495
635	0.4359	0.9726	2.738
636	0.4360	0.9721	2.791
637	0.4360	0.9727	2.729
638	0.4365	0.9722	2.783
639	0.4304	0.9747	2.535
640	0.4208	0.9795	2.051
641	0.4369	0.9718	2.823
642	0.4347	0.9728	2.718
643	0.4353	0.9729	2.714
644	0.4323	0.9739	2.608
645	0.4314	0.9744	2.559
646	0.4230	0.9778	2.220
647	0.4355	0.9721	2.794
648	0.4301	0.9751	2.495
649	0.4347	0.9733	2.669
650	0.4358	0.9727	2.727
651	0.4345	0.9730	2.704
652	0.4296	0.9748	2.519
653	0.4364	0.9721	2.786
654	0.4350	0.9726	2.738
655	0.4267	0.9763	2.365
656	0.4337	0.9730	2.702
657	0.4234	0.9783	2.173
658	0.4309	0.9741	2.589
659	0.4367	0.9719	2.814
660	0.4366	0.9720	2.799
661	0.4359	0.9724	2.759
662	0.4348	0.9729	2.714
663	0.4338	0.9733	2.675
664	0.4362	0.9724	2.756
665	0.4356	0.9723	2.770
666	0.4285	0.9752	2.479
667	0.4350	0.9728	2.721
668	0.4312	0.9745	2.548
669	0.4339	0.9732	2.678
670	0.4376	0.9716	2.835
671	0.4207	0.9793	2.067
672	0.4342	0.9731	2.690
673	0.4373	0.9715	2.850
674	0.4368	0.9720	2.796
675	0.4345	0.9730	2.699
676	0.4350	0.9729	2.710
677	0.4381	0.9715	2.850
678	0.4358	0.9726	2.737
679	0.4338	0.9730	2.700
680	0.4208	0.9790	2.101
681	0.4353	0.9727	2.726
682	0.4347	0.9728	2.718
683	0.4362	0.9722	2.777
684	0.4297	0.9747	2.526
685	0.4268	0.9759	2.405
686	0.4327	0.9736	2.635
687	0.4304	0.9745	2.550
688	0.4316	0.9739	2.609
689	0.4359	0.9726	2.738
690	0.4208	0.9790	2.101
691	0.4315	0.9745	2.552
692	0.4316	0.9747	2.535
693	0.4312	0.9745	2.548
694	0.4362	0.9724	2.756
695	0.4298	0.9747	2.528
696	0.4361	0.9725	2.746
697	0.4246	0.9773	2.271
698	0.4301	0.9751	2.495
699	0.4374	0.9715	2.847
700	0.4336	0.9730	2.703
701	0.4353	0.9727	2.726
702	0.4300	0.9746	2.543
703	0.4324	0.9737	2.629
704	0.4284	0.9752	2.478
705	0.4365	0.9720	2.800
706	0.4345	0.9731	2.695
707	0.4351	0.9723	2.773
708	0.4322	0.9739	2.609
709	0.4209	0.9792	2.076
710	0.4337	0.9732	2.677
711	0.4305	0.9751	2.495
712	0.4368	0.9718	2.823
713	0.4352	0.9729	2.714
714	0.4346	0.9733	2.668
715	0.4367	0.9719	2.815
716	0.4330	0.9734	2.662
717	0.4358	0.9725	2.752
718	0.4355	0.9726	2.739
719	0.4313	0.9744	2.560
720	0.4322	0.9737	2.627
721	0.4334	0.9736	2.635
722	0.4358	0.9724	2.757
723	0.4384	0.9710	2.895
724	0.4295	0.9748	2.519
725	0.4365	0.9723	2.774
726	0.4370	0.9723	2.769
727	0.4341	0.9731	2.690
728	0.4358	0.9725	2.748
729	0.4313	0.9741	2.593
730	0.4344	0.9730	2.704
731	0.4343	0.9732	2.681
732	0.4348	0.9731	2.694
733	0.4354	0.9721	2.795
734	0.4229	0.9778	2.221
735	0.4324	0.9738	2.618
736	0.4207	0.9795	2.051
737	0.4317	0.9744	2.563
738	0.4356	0.9728	2.725
739	0.4346	0.9731	2.688
740	0.4220	0.9784	2.161
741	0.4289	0.9754	2.456
742	0.4358	0.9723	2.765
743	0.4232	0.9783	2.170
744	0.4355	0.9723	2.769
745	0.4338	0.9732	2.676
746	0.4359	0.9721	2.793
747	0.4266	0.9763	2.367
748	0.4347	0.9728	2.719
749	0.4338	0.9732	2.677
750	0.4370	0.9723	2.774
751	0.4337	0.9730	2.700
752	0.4372	0.9715	2.853
753	0.4340	0.9728	2.720
754	0.4347	0.9728	2.715
755	0.4363	0.9721	2.791
756	0.4338	0.9734	2.660
757	0.4333	0.9734	2.661
758	0.4357	0.9727	2.728
759	0.4373	0.9718	2.822
760	0.4364	0.9722	2.785
761	0.4346	0.9726	2.739
762	0.4358	0.9727	2.727
763	0.4206	0.9793	2.067
764	0.4308	0.9741	2.590
765	0.4380	0.9715	2.852
766	0.4340	0.9728	2.718
767	0.4375	0.9716	2.836
768	0.4189	0.9800	1.996
769	0.4367	0.9720	2.796
770	0.4349	0.9726	2.739
771	0.4349	0.9729	2.710
772	0.4374	0.9716	2.842
773	0.4362	0.9722	2.776
774	0.4329	0.9734	2.663
775	0.4356	0.9726	2.736
776	0.4284	0.9752	2.478
777	0.4347	0.9728	2.723
778	0.4340	0.9733	2.669
779	0.4348	0.9728	2.720
780	0.4365	0.9722	2.785
781	0.4341	0.9727	2.726
782	0.4302	0.9747	2.534
783	0.4341	0.9731	2.690
784	0.4364	0.9722	2.782
785	0.4362	0.9722	2.784
786	0.4297	0.9747	2.528
787	0.4207	0.9790	2.100
788	0.4373	0.9715	2.846
789	0.4357	0.9725	2.751
790	0.4299	0.9746	2.541
791	0.4383	0.9710	2.896
792	0.4375	0.9716	2.835
793	0.4346	0.9728	2.718
794	0.4356	0.9728	2.724
795	0.4337	0.9733	2.666
796	0.4337	0.9732	2.677
797	0.4360	0.9725	2.748
798	0.4329	0.9734	2.663
799	0.4337	0.9734	2.658
800	0.4303	0.9745	2.546
801	0.4354	0.9723	2.772
802	0.4358	0.9721	2.789
803	0.4333	0.9736	2.637
804	0.4369	0.9723	2.769
805	0.4283	0.9752	2.476
806	0.4294	0.9748	2.516
807	0.4357	0.9724	2.757
808	0.4357	0.9724	2.761
809	0.4339	0.9728	2.718
810	0.4312	0.9741	2.594
811	0.4339	0.9728	2.717
812	0.4228	0.9778	2.221
813	0.4354	0.9726	2.738
814	0.4355	0.9727	2.726
815	0.4206	0.9795	2.050
816	0.4299	0.9750	2.495
817	0.4322	0.9737	2.628
818	0.4205	0.9793	2.068
819	0.4295	0.9747	2.526
820	0.4371	0.9715	2.850
821	0.4311	0.9745	2.550
822	0.4245	0.9773	2.272
823	0.4347	0.9728	2.724
824	0.4360	0.9724	2.757
825	0.4313	0.9745	2.553
826	0.4343	0.9730	2.704
827	0.4351	0.9727	2.726
828	0.4231	0.9783	2.170
829	0.4207	0.9793	2.075
830	0.4325	0.9736	2.642
831	0.4357	0.9727	2.733
832	0.4346	0.9728	2.720
833	0.4345	0.9731	2.688
834	0.4361	0.9722	2.778
835	0.4341	0.9727	2.734
836	0.4348	0.9728	2.717
837	0.4344	0.9733	2.672
838	0.4342	0.9732	2.681
839	0.4356	0.9727	2.734
840	0.4365	0.9719	2.814
841	0.4301	0.9746	2.535
842	0.4264	0.9763	2.366
843	0.4372	0.9718	2.822
844	0.4321	0.9737	2.626
845	0.4357	0.9726	2.740
846	0.4314	0.9747	2.534
847	0.4369	0.9723	2.774
848	0.4323	0.9738	2.618
849	0.4379	0.9715	2.852
850	0.4307	0.9741	2.589
851	0.4219	0.9784	2.160
852	0.4349	0.9723	2.772
853	0.4311	0.9744	2.562
854	0.4363	0.9720	2.796
855	0.4363	0.9723	2.775
856	0.4364	0.9721	2.785
857	0.4266	0.9759	2.407
858	0.4361	0.9722	2.778
859	0.4336	0.9730	2.699
860	0.4328	0.9734	2.663
861	0.4188	0.9800	1.996
862	0.4356	0.9725	2.749
863	0.4316	0.9744	2.563
864	0.4334	0.9730	2.703
865	0.4348	0.9726	2.741
866	0.4343	0.9730	2.697
867	0.4366	0.9718	2.824
868	0.4287	0.9754	2.455
869	0.4320	0.9739	2.610
870	0.4339	0.9733	2.669
871	0.4303	0.9751	2.494
872	0.4335	0.9733	2.673
873	0.4352	0.9720	2.795
874	0.4332	0.9734	2.660
875	0.4365	0.9720	2.796
876	0.4282	0.9752	2.479
877	0.4345	0.9726	2.740
878	0.4345	0.9729	2.712
879	0.4314	0.9739	2.609
880	0.4346	0.9731	2.694
881	0.4350	0.9729	2.714
882	0.4373	0.9716	2.843
883	0.4347	0.9728	2.721
884	0.4298	0.9750	2.496
885	0.4231	0.9783	2.173
886	0.4335	0.9730	2.700
887	0.4207	0.9792	2.077
888	0.4295	0.9747	2.525
889	0.4372	0.9718	2.822
890	0.4264	0.9763	2.366
891	0.4368	0.9723	2.773
892	0.4313	0.9745	2.555
893	0.4297	0.9746	2.543
894	0.4320	0.9739	2.609
895	0.4336	0.9733	2.672
896	0.4356	0.9725	2.748
897	0.4341	0.9732	2.679
898	0.4371	0.9715	2.846
899	0.4346	0.9731	2.695
900	0.4327	0.9734	2.663
901	0.4356	0.9726	2.739
902	0.4346	0.9728	2.717
903	0.4343	0.9733	2.668
904	0.4368	0.9723	2.770
905	0.4324	0.9737	2.632
906	0.4365	0.9718	2.823
907	0.4355	0.9726	2.737
908	0.4339	0.9731	2.690
909	0.4310	0.9744	2.559
910	0.4355	0.9728	2.724
911	0.4347	0.9726	2.737
912	0.4227	0.9778	2.220
913	0.4358	0.9725	2.745
914	0.4301	0.9745	2.546
915	0.4313	0.9739	2.609
916	0.4295	0.9747	2.528
917	0.4361	0.9722	2.776
918	0.4338	0.9728	2.717
919	0.4293	0.9748	2.518
920	0.4339	0.9733	2.669
921	0.4187	0.9800	1.996
922	0.4378	0.9715	2.852
923	0.4331	0.9734	2.659
924	0.4265	0.9759	2.406
925	0.4381	0.9710	2.896
926	0.4356	0.9721	2.792
927	0.4309	0.9745	2.548
928	0.4362	0.9723	2.774
929	0.4328	0.9734	2.663
930	0.4344	0.9728	2.718
931	0.4203	0.9793	2.068
932	0.4313	0.9747	2.535
933	0.4286	0.9754	2.455
934	0.4281	0.9752	2.479
935	0.4302	0.9751	2.494
936	0.4356	0.9725	2.753
937	0.4342	0.9730	2.697
938	0.4205	0.9790	2.102
939	0.4353	0.9726	2.738
940	0.4343	0.9731	2.689
941	0.4349	0.9729	2.715
942	0.4346	0.9728	2.720
943	0.4338	0.9728	2.718
944	0.4306	0.9741	2.590
945	0.4373	0.9716	2.837
946	0.4356	0.9724	2.757
947	0.4350	0.9727	2.726
948	0.4363	0.9722	2.785
949	0.4322	0.9738	2.617
950	0.4360	0.9721	2.785
951	0.4348	0.9723	2.772
952	0.4281	0.9752	2.480
953	0.4352	0.9723	2.770
954	0.4364	0.9719	2.812
955	0.4333	0.9730	2.702
956	0.4353	0.9727	2.726
957	0.4372	0.9716	2.843
958	0.4362	0.9720	2.797
959	0.4344	0.9729	2.711
960	0.4334	0.9733	2.674
961	0.4346	0.9729	2.710
962	0.4310	0.9741	2.593
963	0.4335	0.9732	2.677
964	0.4344	0.9726	2.737
965	0.4341	0.9729	2.705
966	0.4319	0.9738	2.625
967	0.4355	0.9724	2.761
968	0.4351	0.9721	2.793
969	0.4339	0.9727	2.726
970	0.4335	0.9734	2.658
971	0.4355	0.9727	2.725
972	0.4217	0.9784	2.159
973	0.4314	0.9744	2.564
974	0.4364	0.9720	2.797
975	0.4320	0.9737	2.629
976	0.4204	0.9795	2.050
977	0.4243	0.9773	2.272
978	0.4358	0.9724	2.756
979	0.4299	0.9746	2.535
980	0.4361	0.9721	2.786
981	0.4345	0.9728	2.722
982	0.4369	0.9715	2.850
983	0.4359	0.9722	2.777
984	0.4331	0.9736	2.636
985	0.4354	0.9726	2.737
986	0.4369	0.9715	2.853
987	0.4381	0.9710	2.896
988	0.4346	0.9728	2.721
989	0.4330	0.9734	2.662
990	0.4335	0.9734	2.659
991	0.4339	0.9727	2.726
992	0.4314	0.9744	2.564
993	0.4346	0.9726	2.736
994	0.4308	0.9745	2.553
995	0.4356	0.9722	2.785
996	0.4297	0.9751	2.494
997	0.4343	0.9729	2.711
998	0.4300	0.9745	2.547
999	0.4347	0.9723	2.771
1000	0.4352	0.9727	2.726
1001	0.4349	0.9728	2.724
1002	0.4335	0.9732	2.677
1003	0.4352	0.9726	2.737
1004	0.4358	0.9722	2.775
1005	0.4348	0.9729	2.710
1006	0.4186	0.9800	1.997
1007	0.4294	0.9747	2.528
1008	0.4311	0.9745	2.549
1009	0.4293	0.9748	2.523
1010	0.4296	0.9746	2.542
1011	0.4355	0.9724	2.757
1012	0.4343	0.9728	2.717
1013	0.4351	0.9723	2.770
1014	0.4338	0.9733	2.669
1015	0.4357	0.9726	2.745
1016	0.4333	0.9733	2.673
1017	0.4364	0.9720	2.796
1018	0.4299	0.9747	2.533
1019	0.4301	0.9751	2.492
1020	0.4353	0.9728	2.723
1021	0.4341	0.9730	2.704
1022	0.4202	0.9793	2.067
1023	0.4371	0.9716	2.840
1024	0.4361	0.9720	2.798
1025	0.4345	0.9729	2.711
1026	0.4229	0.9783	2.173
1027	0.4361	0.9723	2.772
1028	0.4332	0.9730	2.702
1029	0.4312	0.9746	2.536
1030	0.4342	0.9731	2.688
1031	0.4337	0.9728	2.717
1032	0.4280	0.9752	2.478
1033	0.4361	0.9721	2.785
1034	0.4372	0.9716	2.836
1035	0.4326	0.9734	2.662
1036	0.4338	0.9731	2.689
1037	0.4350	0.9721	2.794
1038	0.4366	0.9723	2.772
1039	0.4203	0.9795	2.051
1040	0.4354	0.9725	2.748
1041	0.4305	0.9741	2.589
1042	0.4342	0.9733	2.669
1043	0.4280	0.9752	2.476
1044	0.4325	0.9734	2.663
1045	0.4357	0.9724	2.757
1046	0.4366	0.9723	2.769
1047	0.4205	0.9792	2.076
1048	0.4334	0.9733	2.669
1049	0.4340	0.9732	2.681
1050	0.4312	0.9739	2.609
1051	0.4309	0.9744	2.559
1052	0.4364	0.9718	2.823
1053	0.4285	0.9754	2.455
1054	0.4319	0.9737	2.628
1055	0.4362	0.9719	2.814
1056	0.4354	0.9725	2.751
1057	0.4359	0.9722	2.777
1058	0.4330	0.9736	2.635
1059	0.4341	0.9730	2.697
1060	0.4354	0.9727	2.728
1061	0.4343	0.9726	2.738
1062	0.4309	0.9741	2.592
1063	0.4336	0.9728	2.717
1064	0.4242	0.9773	2.272
1065	0.4344	0.9731	2.695
1066	0.4343	0.9728	2.717
1067	0.4362	0.9722	2.784
1068	0.4369	0.9718	2.822
1069	0.4320	0.9738	2.619
1070	0.4354	0.9726	2.736
1071	0.4225	0.9778	2.220
1072	0.4216	0.9784	2.159
1073	0.4353	0.9724	2.763
1074	0.4369	0.9715	2.846
1075	0.4262	0.9763	2.365
1076	0.4318	0.9737	2.627
1077	0.4264	0.9759	2.406
1078	0.4318	0.9739	2.609
1079	0.4344	0.9728	2.723
1080	0.4322	0.9736	2.636
1081	0.4359	0.9721	2.787
1082	0.4333	0.9730	2.700
1083	0.4291	0.9748	2.519
1084	0.4376	0.9715	2.853
1085	0.4203	0.9790	2.101
1086	0.4263	0.9759	2.407
1087	0.4336	0.9728	2.720
1088	0.4185	0.9800	1.996
1089	0.4329	0.9734	2.661
1090	0.4225	0.9778	2.219
1091	0.4319	0.9737	2.627
1092	0.4354	0.9727	2.732
1093	0.4357	0.9725	2.754
1094	0.4362	0.9719	2.813
1095	0.4351	0.9726	2.737
1096	0.4347	0.9729	2.713
1097	0.4334	0.9734	2.660
1098	0.4353	0.9723	2.765
1099	0.4310	0.9745	2.553
1100	0.4202	0.9795	2.050
1101	0.4228	0.9783	2.170
1102	0.4361	0.9721	2.787
1103	0.4296	0.9751	2.492
1104	0.4291	0.9748	2.519
1105	0.4326	0.9734	2.664
1106	0.4279	0.9752	2.478
1107	0.4341	0.9731	2.688
1108	0.4353	0.9724	2.756
1109	0.4346	0.9723	2.774
1110	0.4360	0.9721	2.792
1111	0.4332	0.9732	2.676
1112	0.4308	0.9744	2.564
1113	0.4201	0.9793	2.069
1114	0.4307	0.9745	2.550
1115	0.4352	0.9727	2.732
1116	0.4292	0.9747	2.527
1117	0.4351	0.9727	2.725
1118	0.4340	0.9731	2.695
1119	0.4331	0.9730	2.702
1120	0.4332	0.9730	2.700
1121	0.4371	0.9716	2.836
1122	0.4317	0.9739	2.610
1123	0.4358	0.9722	2.777
1124	0.4333	0.9732	2.677
1125	0.4343	0.9730	2.696
1126	0.4344	0.9728	2.719
1127	0.4375	0.9715	2.852
1128	0.4365	0.9723	2.773
1129	0.4342	0.9726	2.737
1130	0.4360	0.9720	2.798
1131	0.4344	0.9726	2.737
1132	0.4333	0.9733	2.666
1133	0.4358	0.9722	2.784
1134	0.4310	0.9739	2.610
1135	0.4352	0.9726	2.737
1136	0.4338	0.9732	2.675
1137	0.4359	0.9723	2.767
1138	0.4344	0.9729	2.709
1139	0.4341	0.9728	2.718
1140	0.4308	0.9741	2.592
1141	0.4379	0.9710	2.897
1142	0.4368	0.9718	2.820
1143	0.4342	0.9728	2.717
1144	0.4369	0.9716	2.838
1145	0.4367	0.9715	2.849
1146	0.4284	0.9755	2.451
1147	0.4342	0.9729	2.710
1148	0.4324	0.9734	2.663
1149	0.4354	0.9721	2.788
1150	0.4353	0.9724	2.757
1151	0.4336	0.9731	2.690
1152	0.4340	0.9734	2.664
1153	0.4362	0.9721	2.794
1154	0.4348	0.9721	2.793
1155	0.4329	0.9736	2.638
1156	0.4362	0.9718	2.818
1157	0.4215	0.9784	2.158
1158	0.4319	0.9738	2.617
1159	0.4353	0.9725	2.746
1160	0.4355	0.9726	2.745
1161	0.4294	0.9746	2.540
1162	0.4312	0.9743	2.565
1163	0.4368	0.9715	2.845
1164	0.4317	0.9738	2.624
1165	0.4337	0.9727	2.725
1166	0.4202	0.9790	2.101
1167	0.4353	0.9726	2.736
1168	0.4203	0.9792	2.080
1169	0.4336	0.9733	2.669
1170	0.4339	0.9730	2.704
1171	0.4261	0.9763	2.365
1172	0.4298	0.9745	2.548
1173	0.4297	0.9746	2.535
1174	0.4241	0.9773	2.272
1175	0.4303	0.9741	2.589
1176	0.4278	0.9752	2.478
1177	0.4356	0.9722	2.777
1178	0.4335	0.9728	2.718
1179	0.4342	0.9727	2.726
1180	0.4347	0.9727	2.727
1181	0.4365	0.9723	2.769
1182	0.4321	0.9736	2.636
1183	0.4349	0.9723	2.771
1184	0.4310	0.9747	2.535
1185	0.4299	0.9751	2.494
1186	0.4291	0.9747	2.525
1187	0.4316	0.9737	2.627
1188	0.4352	0.9725	2.751
1189	0.4378	0.9710	2.896
1190	0.4343	0.9728	2.720
1191	0.4319	0.9738	2.618
1192	0.4339	0.9730	2.705
1193	0.4336	0.9727	2.727
1194	0.4352	0.9724	2.763
1195	0.4357	0.9723	2.775
1196	0.4353	0.9721	2.791
1197	0.4330	0.9730	2.700
1198	0.4316	0.9740	2.604
1199	0.4324	0.9734	2.662
1200	0.4369	0.9716	2.842
1201	0.4307	0.9744	2.559
1202	0.4290	0.9748	2.517
1203	0.4370	0.9716	2.835
1204	0.4262	0.9759	2.405
1205	0.4334	0.9728	2.717
1206	0.4358	0.9722	2.783
1207	0.4223	0.9778	2.221
1208	0.4355	0.9725	2.746
1209	0.4200	0.9793	2.067
1210	0.4355	0.9724	2.756
1211	0.4366	0.9715	2.850
1212	0.4298	0.9751	2.494
1213	0.4342	0.9728	2.717
1214	0.4350	0.9727	2.726
1215	0.4360	0.9719	2.811
1216	0.4348	0.9721	2.793
1217	0.4201	0.9795	2.050
1218	0.4340	0.9728	2.718
1219	0.4361	0.9720	2.796
1220	0.4337	0.9732	2.678
1221	0.4349	0.9726	2.739
1222	0.4307	0.9741	2.593
1223	0.4356	0.9722	2.778
1224	0.4331	0.9730	2.698
1225	0.4296	0.9747	2.533
1226	0.4374	0.9715	2.850
1227	0.4342	0.9731	2.693
1228	0.4346	0.9728	2.723
1229	0.4302	0.9741	2.589
1230	0.4339	0.9733	2.668
1231	0.4202	0.9792	2.078
1232	0.4291	0.9747	2.527
1233	0.4364	0.9723	2.770
1234	0.4320	0.9737	2.633
1235	0.4290	0.9748	2.524
1236	0.4343	0.9729	2.712
1237	0.4360	0.9722	2.783
1238	0.4344	0.9723	2.770
1239	0.4260	0.9763	2.365
1240	0.4297	0.9745	2.549
1241	0.4305	0.9745	2.548
1242	0.4311	0.9744	2.563
1243	0.4293	0.9746	2.544
1244	0.4335	0.9731	2.690
1245	0.4334	0.9728	2.716
1246	0.4214	0.9784	2.160
1247	0.4201	0.9790	2.102
1248	0.4358	0.9723	2.775
1249	0.4342	0.9727	2.727
1250	0.4328	0.9737	2.632
1251	0.4294	0.9750	2.496
1252	0.4367	0.9715	2.848
1253	0.4358	0.9720	2.799
1254	0.4324	0.9734	2.664
1255	0.4340	0.9726	2.743
1256	0.4317	0.9737	2.629
1257	0.4309	0.9739	2.607
1258	0.4338	0.9730	2.696
1259	0.4239	0.9773	2.271
1260	0.4277	0.9752	2.479
1261	0.4351	0.9725	2.750
1262	0.4345	0.9729	2.712
1263	0.4183	0.9800	1.995
1264	0.4339	0.9731	2.688
1265	0.4361	0.9718	2.822
1266	0.4348	0.9723	2.769
1267	0.4331	0.9733	2.674
1268	0.4340	0.9729	2.714
1269	0.4352	0.9724	2.759
1270	0.4352	0.9727	2.730
1271	0.4332	0.9732	2.677
1272	0.4277	0.9752	2.476
1273	0.4308	0.9745	2.554
1274	0.4342	0.9726	2.740
1275	0.4356	0.9721	2.788
1276	0.4363	0.9723	2.774
1277	0.4327	0.9734	2.660
1278	0.4226	0.9783	2.171
1279	0.4350	0.9727	2.734
1280	0.4309	0.9747	2.534
1281	0.4330	0.9733	2.674
1282	0.4351	0.9726	2.738
1283	0.4350	0.9727	2.728
1284	0.4334	0.9733	2.667
1285	0.4331	0.9734	2.659
1286	0.4367	0.9718	2.823
1287	0.4282	0.9755	2.455
1288	0.4351	0.9726	2.739
1289	0.4334	0.9731	2.689
1290	0.4348	0.9726	2.739
1291	0.4341	0.9728	2.716
1292	0.4334	0.9733	2.668
1293	0.4310	0.9744	2.564
1294	0.4363	0.9723	2.770
1295	0.4290	0.9747	2.525
1296	0.4357	0.9722	2.783
1297	0.4315	0.9740	2.604
1298	0.4357	0.9723	2.768
1299	0.4331	0.9734	2.657
1300	0.4319	0.9737	2.630
1301	0.4352	0.9721	2.789
1302	0.4337	0.9729	2.705
1303	0.4342	0.9728	2.721
1304	0.4331	0.9732	2.677
1305	0.4336	0.9732	2.679
1306	0.4305	0.9744	2.557
1307	0.4327	0.9736	2.637
1308	0.4359	0.9722	2.783
1309	0.4200	0.9790	2.101
1310	0.4317	0.9738	2.618
1311	0.4360	0.9721	2.794
1312	0.4296	0.9745	2.548
1313	0.4276	0.9752	2.477
1314	0.4292	0.9746	2.542
1315	0.4304	0.9745	2.551
1316	0.4356	0.9721	2.785
1317	0.4353	0.9726	2.744
1318	0.4358	0.9720	2.797
1319	0.4373	0.9715	2.849
1320	0.4367	0.9716	2.839
1321	0.4182	0.9800	1.997
1322	0.4349	0.9728	2.723
1323	0.4301	0.9741	2.589
1324	0.4213	0.9784	2.158
1325	0.4337	0.9730	2.698
1326	0.4290	0.9747	2.526
1327	0.4354	0.9724	2.756
1328	0.4295	0.9747	2.534
1329	0.4339	0.9728	2.717
1330	0.4360	0.9718	2.823
1331	0.4347	0.9723	2.771
1332	0.4340	0.9731	2.693
1333	0.4259	0.9763	2.366
1334	0.4328	0.9730	2.700
1335	0.4342	0.9726	2.737
1336	0.4376	0.9710	2.896
1337	0.4348	0.9727	2.726
1338	0.4354	0.9722	2.778
1339	0.4350	0.9724	2.760
1340	0.4351	0.9724	2.756
1341	0.4333	0.9728	2.717
1342	0.4288	0.9748	2.516
1343	0.4334	0.9727	2.726
1344	0.4363	0.9723	2.770
1345	0.4281	0.9755	2.452
1346	0.4368	0.9717	2.834
1347	0.4201	0.9792	2.078
1348	0.4322	0.9734	2.663
1349	0.4238	0.9773	2.271
1350	0.4344	0.9729	2.715
1351	0.4355	0.9722	2.776
1352	0.4349	0.9726	2.736
1353	0.4326	0.9734	2.658
1354	0.4366	0.9718	2.822
1355	0.4293	0.9750	2.496
1356	0.4199	0.9795	2.050
1357	0.4341	0.9729	2.713
1358	0.4307	0.9745	2.552
1359	0.4365	0.9716	2.845
1360	0.4307	0.9746	2.536
1361	0.4314	0.9737	2.626
1362	0.4350	0.9725	2.748
1363	0.4322	0.9734	2.662
1364	0.4340	0.9728	2.722
1365	0.4296	0.9751	2.493
1366	0.4225	0.9783	2.174
1367	0.4198	0.9793	2.068
1368	0.4332	0.9728	2.717
1369	0.4344	0.9727	2.726
1370	0.4350	0.9725	2.753
1371	0.4260	0.9759	2.408
1372	0.4338	0.9731	2.686
1373	0.4276	0.9752	2.479
1374	0.4342	0.9723	2.773
1375	0.4350	0.9727	2.731
1376	0.4358	0.9719	2.812
1377	0.4364	0.9715	2.852
1378	0.4345	0.9720	2.797
1379	0.4307	0.9739	2.607
1380	0.4305	0.9741	2.594
1381	0.4221	0.9778	2.217
1382	0.4339	0.9726	2.743
1383	0.4329	0.9732	2.676
1384	0.4329	0.9730	2.699
1385	0.4337	0.9733	2.671
1386	0.4315	0.9737	2.629
1387	0.4339	0.9729	2.712
1388	0.4330	0.9733	2.675
1389	0.4365	0.9718	2.820
1390	0.4340	0.9727	2.726
1391	0.4295	0.9745	2.550
1392	0.4305	0.9741	2.594
1393	0.4198	0.9793	2.068
1394	0.4342	0.9723	2.774
1395	0.4334	0.9727	2.733
1396	0.4355	0.9721	2.788
1397	0.4329	0.9730	2.699
1398	0.4328	0.9730	2.701
1399	0.4198	0.9795	2.050
1400	0.4350	0.9724	2.756
1401	0.4275	0.9752	2.477
1402	0.4307	0.9746	2.536
1403	0.4359	0.9720	2.796
1404	0.4329	0.9732	2.677
1405	0.4288	0.9748	2.524
1406	0.4333	0.9733	2.668
1407	0.4325	0.9734	2.659
1408	0.4349	0.9726	2.737
1409	0.4332	0.9728	2.722
1410	0.4296	0.9751	2.494
1411	0.4343	0.9729	2.712
1412	0.4329	0.9733	2.674
1413	0.4367	0.9716	2.837
1414	0.4352	0.9725	2.746
1415	0.4353	0.9722	2.776
1416	0.4345	0.9721	2.794
1417	0.4363	0.9715	2.850
1418	0.4333	0.9731	2.690
1419	0.4362	0.9723	2.774
1420	0.4318	0.9736	2.635
1421	0.4356	0.9722	2.776
1422	0.4338	0.9729	2.712
1423	0.4362	0.9723	2.770
1424	0.4339	0.9728	2.716
1425	0.4335	0.9732	2.681
1426	0.4259	0.9759	2.407
1427	0.4365	0.9715	2.847
1428	0.4354	0.9722	2.777
1429	0.4338	0.9726	2.738
1430	0.4349	0.9726	2.739
1431	0.4337	0.9731	2.688
1432	0.4303	0.9745	2.549
1433	0.4329	0.9734	2.658
1434	0.4339	0.9731	2.693
1435	0.4352	0.9724	2.758
1436	0.4313	0.9738	2.625
1437	0.4325	0.9736	2.636
1438	0.4346	0.9726	2.737
1439	0.4344	0.9728	2.724
1440	0.4200	0.9792	2.080
1441	0.4294	0.9747	2.534
1442	0.4336	0.9730	2.698
1443	0.4357	0.9722	2.783
1444	0.4349	0.9725	2.745
1445	0.4199	0.9790	2.100
1446	0.4348	0.9728	2.724
1447	0.4315	0.9737	2.628
1448	0.4349	0.9727	2.725
1449	0.4280	0.9755	2.453
1450	0.4307	0.9739	2.609
1451	0.4321	0.9734	2.662
1452	0.4180	0.9800	1.995
1453	0.4340	0.9728	2.720
1454	0.4299	0.9741	2.589
1455	0.4357	0.9719	2.812
1456	0.4257	0.9763	2.365
1457	0.4291	0.9750	2.496
1458	0.4350	0.9721	2.793
1459	0.4308	0.9744	2.562
1460	0.4224	0.9783	2.171
1461	0.4337	0.9728	2.717
1462	0.4340	0.9726	2.739
1463	0.4358	0.9718	2.823
1464	0.4211	0.9784	2.159
1465	0.4365	0.9716	2.843
1466	0.4340	0.9728	2.716
1467	0.4375	0.9710	2.897
1468	0.4290	0.9746	2.541
1469	0.4303	0.9744	2.562
1470	0.4349	0.9723	2.765
1471	0.4288	0.9747	2.528
1472	0.4275	0.9752	2.478
1473	0.4237	0.9773	2.271
1474	0.4305	0.9745	2.554
1475	0.4349	0.9724	2.759
1476	0.4331	0.9728	2.720
1477	0.4320	0.9734	2.661
1478	0.4335	0.9730	2.704
1479	0.4371	0.9715	2.853
1480	0.4355	0.9721	2.787
1481	0.4286	0.9748	2.519
1482	0.4346	0.9723	2.770
1483	0.4329	0.9732	2.676
1484	0.4336	0.9733	2.669
1485	0.4356	0.9720	2.798
1486	0.4315	0.9738	2.618
1487	0.4312	0.9739	2.610
1488	0.4346	0.9728	2.724
1489	0.4220	0.9778	2.218
1490	0.4196	0.9793	2.068
1491	0.4356	0.9720	2.798
1492	0.4274	0.9752	2.479
1493	0.4326	0.9730	2.702
1494	0.4339	0.9728	2.725
1495	0.4349	0.9725	2.754
1496	0.4324	0.9734	2.662
1497	0.4342	0.9729	2.714
1498	0.4294	0.9745	2.549
1499	0.4317	0.9736	2.638
1500	0.4341	0.9723	2.771
1501	0.4321	0.9734	2.663
1502	0.4364	0.9718	2.821
1503	0.4305	0.9745	2.555
1504	0.4288	0.9747	2.528
1505	0.4198	0.9790	2.100
1506	0.4335	0.9730	2.703
1507	0.4344	0.9720	2.797
1508	0.4258	0.9759	2.407
1509	0.4349	0.9721	2.794
1510	0.4236	0.9773	2.272
1511	0.4219	0.9778	2.217
1512	0.4222	0.9783	2.170
1513	0.4332	0.9727	2.731
1514	0.4312	0.9739	2.612
1515	0.4353	0.9721	2.790
1516	0.4331	0.9733	2.671
1517	0.4290	0.9751	2.491
1518	0.4336	0.9731	2.689
1519	0.4354	0.9722	2.777
1520	0.4345	0.9723	2.774
1521	0.4347	0.9727	2.733
1522	0.4303	0.9743	2.565
1523	0.4313	0.9737	2.627
1524	0.4324	0.9737	2.632
1525	0.4319	0.9734	2.661
1526	0.4370	0.9714	2.859
1527	0.4342	0.9727	2.731
1528	0.4337	0.9726	2.740
1529	0.4347	0.9726	2.737
1530	0.4351	0.9725	2.747
1531	0.4356	0.9721	2.789
1532	0.4314	0.9738	2.619
1533	0.4348	0.9725	2.752
1534	0.4330	0.9728	2.720
1535	0.4360	0.9723	2.771
1536	0.4210	0.9784	2.160
1537	0.4374	0.9710	2.897
1538	0.4279	0.9754	2.457
1539	0.4198	0.9793	2.074
1540	0.4339	0.9728	2.717
1541	0.4335	0.9730	2.695
1542	0.4339	0.9728	2.718
1543	0.4303	0.9741	2.594
1544	0.4348	0.9727	2.732
1545	0.4336	0.9728	2.717
1546	0.4294	0.9751	2.492
1547	0.4289	0.9746	2.542
1548	0.4331	0.9731	2.694
1549	0.4312	0.9737	2.626
1550	0.4352	0.9722	2.778
1551	0.4360	0.9723	2.772
1552	0.4351	0.9724	2.756
1553	0.4345	0.9726	2.737
1554	0.4292	0.9747	2.534
1555	0.4363	0.9715	2.847
1556	0.4333	0.9732	2.681
1557	0.4307	0.9744	2.563
1558	0.4328	0.9732	2.675
1559	0.4273	0.9752	2.476
1560	0.4338	0.9730	2.696
1561	0.4345	0.9728	2.724
1562	0.4298	0.9741	2.589
1563	0.4285	0.9748	2.519
1564	0.4196	0.9795	2.051
1565	0.4354	0.9721	2.786
1566	0.4286	0.9748	2.525
1567	0.4305	0.9739	2.608
1568	0.4353	0.9722	2.777
1569	0.4326	0.9733	2.672
1570	0.4348	0.9726	2.738
1571	0.4339	0.9726	2.739
1572	0.4364	0.9716	2.841
1573	0.4305	0.9747	2.534
1574	0.4361	0.9715	2.849
1575	0.4357	0.9720	2.798
1576	0.4327	0.9730	2.699
1577	0.4347	0.9724	2.761
1578	0.4336	0.9729	2.710
1579	0.4330	0.9728	2.716
1580	0.4348	0.9724	2.757
1581	0.4301	0.9745	2.552
1582	0.4356	0.9719	2.810
1583	0.4327	0.9733	2.665
1584	0.4179	0.9800	1.997
1585	0.4365	0.9716	2.835
1586	0.4357	0.9718	2.819
1587	0.4328	0.9734	2.657
1588	0.4255	0.9764	2.364
1589	0.4335	0.9733	2.667
1590	0.4337	0.9728	2.716
1591	0.4307	0.9744	2.564
1592	0.4352	0.9722	2.785
1593	0.4363	0.9716	2.844
1594	0.4302	0.9745	2.553
1595	0.4331	0.9731	2.689
1596	0.4304	0.9745	2.549
1597	0.4311	0.9738	2.622
1598	0.4341	0.9729	2.710
1599	0.4327	0.9734	2.663
1600	0.4313	0.9737	2.625
1601	0.4222	0.9783	2.173
1602	0.4347	0.9728	2.723
1603	0.4198	0.9792	2.079
1604	0.4343	0.9721	2.794
1605	0.4286	0.9747	2.528
1606	0.4326	0.9730	2.698
1607	0.4352	0.9722	2.776
1608	0.4335	0.9731	2.689
1609	0.4331	0.9727	2.726
1610	0.4364	0.9716	2.844
1611	0.4355	0.9722	2.783
1612	0.4196	0.9790	2.099
1613	0.4339	0.9723	2.772
1614	0.4347	0.9726	2.738
1615	0.4365	0.9716	2.836
1616	0.4359	0.9723	2.768
1617	0.4338	0.9726	2.737
1618	0.4319	0.9734	2.661
1619	0.4329	0.9728	2.717
1620	0.4338	0.9729	2.710
1621	0.4362	0.9718	2.822
1622	0.4178	0.9800	1.996
1623	0.4272	0.9752	2.476
1624	0.4347	0.9725	2.748
1625	0.4273	0.9752	2.478
1626	0.4341	0.9728	2.723
1627	0.4354	0.9720	2.797
1628	0.4333	0.9730	2.697
1629	0.4346	0.9726	2.736
1630	0.4313	0.9738	2.619
1631	0.4326	0.9733	2.671
1632	0.4291	0.9747	2.533
1633	0.4315	0.9737	2.630
1634	0.4355	0.9719	2.811
1635	0.4285	0.9748	2.524
1636	0.4196	0.9795	2.051
1637	0.4255	0.9764	2.364
1638	0.4332	0.9732	2.681
1639	0.4372	0.9710	2.895
1640	0.4195	0.9793	2.068
1641	0.4347	0.9725	2.752
1642	0.4333	0.9730	2.704
1643	0.4336	0.9730	2.696
1644	0.4335	0.9728	2.718
1645	0.4356	0.9721	2.794
1646	0.4318	0.9734	2.662
1647	0.4209	0.9784	2.159
1648	0.4325	0.9730	2.701
1649	0.4356	0.9718	2.822
1650	0.4335	0.9729	2.712
1651	0.4361	0.9715	2.850
1652	0.4334	0.9733	2.668
1653	0.4350	0.9722	2.778
1654	0.4369	0.9715	2.852
1655	0.4343	0.9723	2.770
1656	0.4277	0.9755	2.453
1657	0.4289	0.9750	2.496
1658	0.4218	0.9778	2.218
1659	0.4336	0.9729	2.715
1660	0.4346	0.9724	2.765
1661	0.4322	0.9736	2.635
1662	0.4284	0.9748	2.518
1663	0.4337	0.9728	2.719
1664	0.4304	0.9739	2.609
1665	0.4256	0.9759	2.406
1666	0.4349	0.9724	2.757
1667	0.4329	0.9733	2.669
1668	0.4310	0.9739	2.607
1669	0.4353	0.9723	2.773
1670	0.4353	0.9722	2.783
1671	0.4304	0.9747	2.535
1672	0.4335	0.9726	2.737
1673	0.4322	0.9734	2.660
1674	0.4288	0.9746	2.541
1675	0.4327	0.9733	2.675
1676	0.4349	0.9725	2.745
1677	0.4328	0.9728	2.716
1678	0.4234	0.9773	2.271
1679	0.4345	0.9727	2.726
1680	0.4293	0.9751	2.493
1681	0.4346	0.9724	2.758
1682	0.4292	0.9745	2.547
1683	0.4296	0.9741	2.589
1684	0.4343	0.9726	2.739
1685	0.4336	0.9728	2.721
1686	0.4326	0.9734	2.658
1687	0.4301	0.9741	2.592
1688	0.4344	0.9727	2.726
1689	0.4300	0.9745	2.550
1690	0.4358	0.9723	2.768
1691	0.4347	0.9721	2.788
1692	0.4296	0.9741	2.588
1693	0.4290	0.9747	2.533
1694	0.4346	0.9724	2.756
1695	0.4340	0.9728	2.722
1696	0.4335	0.9729	2.711
1697	0.4329	0.9731	2.690
1698	0.4285	0.9747	2.528
1699	0.4305	0.9744	2.563
1700	0.4326	0.9732	2.676
1701	0.4346	0.9728	2.724
1702	0.4341	0.9721	2.793
1703	0.4344	0.9727	2.726
1704	0.4310	0.9740	2.603
1705	0.4325	0.9730	2.698
1706	0.4337	0.9728	2.721
1707	0.4343	0.9726	2.737
1708	0.4312	0.9738	2.618
1709	0.4355	0.9720	2.795
1710	0.4283	0.9748	2.515
1711	0.4339	0.9729	2.711
1712	0.4352	0.9722	2.782
1713	0.4195	0.9795	2.048
1714	0.4348	0.9726	2.744
1715	0.4336	0.9731	2.691
1716	0.4326	0.9734	2.664
1717	0.4324	0.9730	2.698
1718	0.4331	0.9732	2.676
1719	0.4310	0.9738	2.623
1720	0.4334	0.9731	2.689
1721	0.4311	0.9737	2.627
1722	0.4314	0.9737	2.629
1723	0.4363	0.9717	2.835
1724	0.4287	0.9746	2.540
1725	0.4335	0.9728	2.717
1726	0.4221	0.9783	2.173
1727	0.4349	0.9724	2.757
1728	0.4177	0.9801	1.994
1729	0.4254	0.9764	2.364
1730	0.4317	0.9734	2.662
1731	0.4354	0.9721	2.785
1732	0.4234	0.9773	2.271
1733	0.4302	0.9745	2.554
1734	0.4346	0.9726	2.738
1735	0.4358	0.9723	2.769
1736	0.4288	0.9750	2.496
1737	0.4337	0.9726	2.740
1738	0.4303	0.9739	2.608
1739	0.4350	0.9721	2.788
1740	0.4303	0.9746	2.535
1741	0.4326	0.9734	2.658
1742	0.4352	0.9720	2.797
1743	0.4328	0.9733	2.668
1744	0.4195	0.9790	2.100
1745	0.4332	0.9729	2.706
1746	0.4345	0.9724	2.765
1747	0.4321	0.9734	2.660
1748	0.4352	0.9723	2.774
1749	0.4276	0.9755	2.454
1750	0.4321	0.9737	2.633
1751	0.4359	0.9715	2.849
1752	0.4342	0.9723	2.770
1753	0.4324	0.9733	2.673
1754	0.4292	0.9751	2.494
1755	0.4357	0.9723	2.772
1756	0.4271	0.9752	2.476
1757	0.4346	0.9721	2.791
1758	0.4334	0.9726	2.737
1759	0.4300	0.9741	2.592
1760	0.4300	0.9744	2.559
1761	0.4196	0.9792	2.077
1762	0.4350	0.9722	2.777
1763	0.4208	0.9784	2.159
1764	0.4335	0.9728	2.722
1765	0.4345	0.9725	2.748
1766	0.4355	0.9718	2.822
1767	0.4317	0.9734	2.662
1768	0.4371	0.9710	2.897
1769	0.4216	0.9778	2.219
1770	0.4327	0.9728	2.718
1771	0.4336	0.9729	2.712
1772	0.4367	0.9715	2.852
1773	0.4327	0.9728	2.716
1774	0.4255	0.9759	2.407
1775	0.4362	0.9716	2.843
1776	0.4329	0.9727	2.727
1777	0.4193	0.9793	2.068
1778	0.4353	0.9719	2.810
1779	0.4333	0.9728	2.717
1780	0.4345	0.9725	2.752
1781	0.4283	0.9748	2.525
1782	0.4332	0.9733	2.668
1783	0.4344	0.9727	2.729
1784	0.4290	0.9745	2.549
1785	0.4337	0.9723	2.773
1786	0.4331	0.9730	2.695
1787	0.4271	0.9752	2.478
1788	0.4349	0.9722	2.775
1789	0.4360	0.9718	2.822
1790	0.4298	0.9745	2.549
1791	0.4344	0.9726	2.736
1792	0.4360	0.9715	2.845
1793	0.4309	0.9740	2.605
1794	0.4336	0.9728	2.719
1795	0.4330	0.9732	2.678
1796	0.4338	0.9729	2.712
1797	0.4344	0.9724	2.760
1798	0.4339	0.9728	2.722
1799	0.4333	0.9729	2.710
1800	0.4289	0.9747	2.533
1801	0.4345	0.9726	2.744
1802	0.4343	0.9726	2.736
1803	0.4357	0.9723	2.769
1804	0.4342	0.9728	2.725
1805	0.4233	0.9773	2.273
1806	0.4354	0.9718	2.820
1807	0.4348	0.9725	2.754
1808	0.4345	0.9728	2.723
1809	0.4276	0.9755	2.450
1810	0.4325	0.9733	2.666
1811	0.4220	0.9783	2.173
1812	0.4348	0.9722	2.778
1813	0.4342	0.9726	2.738
1814	0.4358	0.9715	2.850
1815	0.4334	0.9731	2.691
1816	0.4282	0.9748	2.516
1817	0.4320	0.9737	2.635
1818	0.4320	0.9734	2.660
1819	0.4193	0.9793	2.067
1820	0.4351	0.9720	2.797
1821	0.4349	0.9722	2.784
1822	0.4322	0.9730	2.698
1823	0.4195	0.9792	2.078
1824	0.4270	0.9752	2.478
1825	0.4360	0.9718	2.822
1826	0.4360	0.9716	2.845
1827	0.4327	0.9733	2.668
1828	0.4295	0.9741	2.589
1829	0.4323	0.9733	2.672
1830	0.4252	0.9764	2.364
1831	0.4270	0.9752	2.475
1832	0.4332	0.9731	2.689
1833	0.4328	0.9731	2.691
1834	0.4332	0.9733	2.669
1835	0.4344	0.9725	2.752
1836	0.4313	0.9736	2.636
1837	0.4326	0.9728	2.720
1838	0.4308	0.9737	2.625
1839	0.4335	0.9726	2.739
1840	0.4370	0.9710	2.896
1841	0.4290	0.9745	2.549
1842	0.4283	0.9747	2.527
1843	0.4175	0.9801	1.995
1844	0.4323	0.9730	2.699
1845	0.4286	0.9751	2.494
1846	0.4335	0.9729	2.714
1847	0.4357	0.9723	2.769
1848	0.4193	0.9790	2.100
1849	0.4206	0.9784	2.159
1850	0.4332	0.9729	2.715
1851	0.4366	0.9715	2.854
1852	0.4326	0.9728	2.719
1853	0.4291	0.9751	2.493
1854	0.4282	0.9747	2.526
1855	0.4352	0.9719	2.811
1856	0.4193	0.9795	2.051
1857	0.4331	0.9730	2.695
1858	0.4302	0.9739	2.605
1859	0.4304	0.9744	2.561
1860	0.4341	0.9723	2.771
1861	0.4301	0.9747	2.533
1862	0.4315	0.9734	2.663
1863	0.4362	0.9716	2.836
1864	0.4298	0.9745	2.550
1865	0.4360	0.9716	2.843
1866	0.4254	0.9759	2.407
1867	0.4333	0.9726	2.740
1868	0.4344	0.9726	2.738
1869	0.4334	0.9728	2.721
1870	0.4333	0.9728	2.716
1871	0.4300	0.9745	2.553
1872	0.4349	0.9722	2.776
1873	0.4350	0.9723	2.773
1874	0.4316	0.9734	2.663
1875	0.4328	0.9727	2.727
1876	0.4324	0.9734	2.659
1877	0.4336	0.9723	2.772
1878	0.4346	0.9726	2.744
1879	0.4310	0.9738	2.617
1880	0.4299	0.9741	2.594
1881	0.4324	0.9733	2.675
1882	0.4285	0.9746	2.542
1883	0.4343	0.9727	2.728
1884	0.4330	0.9730	2.705
1885	0.4298	0.9744	2.560
1886	0.4309	0.9737	2.627
1887	0.4339	0.9721	2.795
1888	0.4344	0.9721	2.792
1889	0.4353	0.9721	2.794
1890	0.4215	0.9778	2.218
1891	0.4344	0.9724	2.759
1892	0.4351	0.9722	2.783
1893	0.4350	0.9722	2.783
1894	0.4336	0.9723	2.770
1895	0.4315	0.9734	2.663
1896	0.4353	0.9718	2.822
1897	0.4338	0.9728	2.724
1898	0.4331	0.9731	2.689
1899	0.4350	0.9722	2.785
1900	0.4369	0.9710	2.895
1901	0.4319	0.9734	2.659
1902	0.4332	0.9728	2.718
1903	0.4331	0.9733	2.667
1904	0.4330	0.9730	2.698
1905	0.4286	0.9750	2.496
1906	0.4332	0.9729	2.712
1907	0.4357	0.9715	2.849
1908	0.4319	0.9737	2.633
1909	0.4269	0.9752	2.478
1910	0.4253	0.9759	2.407
1911	0.4343	0.9725	2.751
1912	0.4301	0.9739	2.609
1913	0.4340	0.9726	2.738
1914	0.4334	0.9726	2.737
1915	0.4340	0.9723	2.772
1916	0.4341	0.9728	2.725
1917	0.4307	0.9740	2.603
1918	0.4351	0.9722	2.784
1919	0.4350	0.9723	2.769
1920	0.4327	0.9731	2.690
1921	0.4231	0.9773	2.270
1922	0.4344	0.9721	2.790
1923	0.4300	0.9747	2.534
1924	0.4343	0.9724	2.756
1925	0.4300	0.9745	2.548
1926	0.4347	0.9722	2.777
1927	0.4322	0.9730	2.698
1928	0.4315	0.9734	2.659
1929	0.4269	0.9752	2.476
1930	0.4342	0.9726	2.736
1931	0.4321	0.9730	2.697
1932	0.4358	0.9718	2.818
1933	0.4298	0.9744	2.556
1934	0.4323	0.9734	2.658
1935	0.4194	0.9792	2.079
1936	0.4175	0.9800	1.996
1937	0.4348	0.9722	2.784
1938	0.4297	0.9745	2.553
1939	0.4302	0.9744	2.563
1940	0.4282	0.9748	2.521
1941	0.4351	0.9719	2.811
1942	0.4352	0.9720	2.796
1943	0.4359	0.9716	2.840
1944	0.4323	0.9734	2.664
1945	0.4350	0.9720	2.797
1946	0.4192	0.9795	2.048
1947	0.4336	0.9729	2.712
1948	0.4332	0.9728	2.716
1949	0.4343	0.9728	2.724
1950	0.4326	0.9733	2.669
1951	0.4284	0.9746	2.540
1952	0.4345	0.9726	2.744
1953	0.4333	0.9728	2.719
1954	0.4355	0.9723	2.771
1955	0.4311	0.9737	2.629
1956	0.4343	0.9726	2.743
1957	0.4323	0.9732	2.676
1958	0.4307	0.9737	2.625
1959	0.4334	0.9728	2.721
1960	0.4325	0.9728	2.716
1961	0.4288	0.9745	2.548
1962	0.4251	0.9763	2.366
1963	0.4355	0.9723	2.771
1964	0.4338	0.9721	2.794
1965	0.4191	0.9793	2.067
1966	0.4360	0.9716	2.835
1967	0.4274	0.9755	2.453
1968	0.4308	0.9737	2.627
1969	0.4280	0.9748	2.518
1970	0.4282	0.9748	2.525
1971	0.4332	0.9731	2.695
1972	0.4214	0.9778	2.217
1973	0.4192	0.9790	2.100
1974	0.4348	0.9722	2.777
1975	0.4326	0.9727	2.729
1976	0.4325	0.9728	2.717
1977	0.4342	0.9723	2.767
1978	0.4321	0.9733	2.675
1979	0.4334	0.9729	2.715
1980	0.4358	0.9715	2.848
1981	0.4293	0.9741	2.586
1982	0.4328	0.9732	2.682
1983	0.4345	0.9724	2.757
1984	0.4342	0.9726	2.739
1985	0.4205	0.9784	2.160
1986	0.4217	0.9783	2.171
1987	0.4329	0.9730	2.702
1988	0.4331	0.9726	2.742
1989	0.4365	0.9715	2.851
1990	0.4341	0.9727	2.730
1991	0.4287	0.9747	2.534
1992	0.4309	0.9738	2.616
1993	0.4289	0.9751	2.493
1994	0.4297	0.9741	2.594
1995	0.4359	0.9716	2.842
1996	0.4326	0.9727	2.728
1997	0.4326	0.9731	2.689
1998	0.4311	0.9736	2.637
1999	0.4302	0.9744	2.562
