0	0.4481	0.9727	2.726
1	0.4483	0.9726	2.743
2	0.4437	0.9743	2.570
3	0.4467	0.9726	2.739
4	0.4438	0.9740	2.603
5	0.4409	0.9751	2.487
6	0.4447	0.9737	2.634
7	0.4467	0.9729	2.706
8	0.4332	0.9790	2.104
9	0.4478	0.9720	2.801
10	0.4427	0.9745	2.546
11	0.4480	0.9722	2.782
12	0.4489	0.9722	2.782
13	0.4491	0.9720	2.797
14	0.4500	0.9714	2.856
15	0.4484	0.9720	2.804
16	0.4469	0.9728	2.715
17	0.4498	0.9716	2.835
18	0.4472	0.9725	2.745
19	0.4451	0.9736	2.644
20	0.4459	0.9736	2.638
21	0.4392	0.9759	2.410
22	0.4483	0.9726	2.737
23	0.4483	0.9723	2.767
24	0.4463	0.9733	2.670
25	0.4474	0.9728	2.718
26	0.4483	0.9723	2.767
27	0.4313	0.9800	2.004
28	0.4330	0.9793	2.072
29	0.4492	0.9717	2.834
30	0.4422	0.9746	2.537
31	0.4440	0.9746	2.542
32	0.4500	0.9716	2.840
33	0.4333	0.9792	2.084
34	0.4442	0.9743	2.568
35	0.4463	0.9731	2.693
36	0.4473	0.9727	2.727
37	0.4486	0.9724	2.761
38	0.4462	0.9733	2.672
39	0.4482	0.9722	2.779
40	0.4487	0.9721	2.793
41	0.4331	0.9795	2.052
42	0.4471	0.9727	2.728
43	0.4481	0.9726	2.738
44	0.4479	0.9725	2.750
45	0.4489	0.9719	2.809
46	0.4494	0.9722	2.775
47	0.4469	0.9729	2.708
48	0.4487	0.9722	2.783
49	0.4408	0.9752	2.484
50	0.4505	0.9713	2.867
51	0.4508	0.9710	2.903
52	0.4446	0.9739	2.613
53	0.4448	0.9737	2.631
54	0.4472	0.9726	2.739
55	0.4428	0.9744	2.559
56	0.4344	0.9783	2.166
57	0.4465	0.9733	2.674
58	0.4353	0.9778	2.224
59	0.4475	0.9722	2.780
60	0.4489	0.9720	2.801
61	0.4423	0.9744	2.556
62	0.4464	0.9727	2.733
63	0.4420	0.9747	2.533
64	0.4436	0.9744	2.563
65	0.4390	0.9762	2.379
66	0.4476	0.9729	2.714
67	0.4477	0.9726	2.743
68	0.4494	0.9722	2.778
69	0.4461	0.9731	2.686
70	0.4419	0.9747	2.525
71	0.4460	0.9729	2.714
72	0.4497	0.9714	2.856
73	0.4496	0.9714	2.860
74	0.4470	0.9730	2.704
75	0.4439	0.9738	2.616
76	0.4473	0.9725	2.747
77	0.4482	0.9723	2.765
78	0.4448	0.9737	2.631
79	0.4490	0.9717	2.826
80	0.4454	0.9733	2.671
81	0.4413	0.9754	2.457
82	0.4428	0.9749	2.506
83	0.4424	0.9750	2.504
84	0.4432	0.9740	2.604
85	0.4481	0.9726	2.735
86	0.4471	0.9727	2.726
87	0.4453	0.9733	2.671
88	0.4491	0.9719	2.808
89	0.4457	0.9734	2.662
90	0.4467	0.9731	2.687
91	0.4484	0.9724	2.761
92	0.4469	0.9732	2.681
93	0.4356	0.9782	2.175
94	0.4472	0.9730	2.704
95	0.4438	0.9743	2.569
96	0.4369	0.9772	2.284
97	0.4435	0.9744	2.560
98	0.4407	0.9751	2.487
99	0.4471	0.9727	2.728
100	0.4485	0.9722	2.785
101	0.4331	0.9792	2.084
102	0.4478	0.9722	2.779
103	0.4421	0.9746	2.538
104	0.4470	0.9727	2.728
105	0.4450	0.9736	2.645
106	0.4427	0.9744	2.559
107	0.4461	0.9731	2.688
108	0.4482	0.9720	2.803
109	0.4457	0.9736	2.639
110	0.4507	0.9710	2.904
111	0.4496	0.9714	2.861
112	0.4424	0.9750	2.504
113	0.4436	0.9740	2.602
114	0.4498	0.9715	2.854
115	0.4474	0.9722	2.780
116	0.4330	0.9790	2.105
117	0.4412	0.9754	2.458
118	0.4497	0.9716	2.837
119	0.4470	0.9725	2.748
120	0.4465	0.9726	2.740
121	0.4418	0.9748	2.525
122	0.4436	0.9743	2.574
123	0.4457	0.9734	2.662
124	0.4478	0.9725	2.750
125	0.4481	0.9723	2.766
126	0.4481	0.9723	2.767
127	0.4475	0.9729	2.713
128	0.4460	0.9729	2.711
129	0.4465	0.9729	2.707
130	0.4440	0.9743	2.568
131	0.4466	0.9731	2.686
132	0.4438	0.9739	2.614
133	0.4484	0.9724	2.761
134	0.4352	0.9778	2.224
135	0.4438	0.9746	2.540
136	0.4487	0.9720	2.800
137	0.4459	0.9729	2.710
138	0.4471	0.9726	2.738
139	0.4445	0.9739	2.609
140	0.4447	0.9737	2.629
141	0.4491	0.9716	2.835
142	0.4422	0.9745	2.555
143	0.4484	0.9724	2.761
144	0.4503	0.9714	2.860
145	0.4437	0.9743	2.566
146	0.4356	0.9782	2.176
147	0.4472	0.9727	2.727
148	0.4487	0.9722	2.779
149	0.4488	0.9719	2.808
150	0.4481	0.9722	2.775
151	0.4445	0.9737	2.634
152	0.4496	0.9715	2.854
153	0.4493	0.9722	2.778
154	0.4463	0.9728	2.717
155	0.4427	0.9749	2.506
156	0.4463	0.9727	2.731
157	0.4468	0.9732	2.681
158	0.4467	0.9729	2.713
159	0.4492	0.9722	2.775
160	0.4461	0.9731	2.686
161	0.4452	0.9733	2.671
162	0.4485	0.9721	2.792
163	0.4467	0.9729	2.706
164	0.4311	0.9800	2.003
165	0.4329	0.9795	2.051
166	0.4471	0.9728	2.718
167	0.4425	0.9745	2.546
168	0.4390	0.9759	2.411
169	0.4342	0.9784	2.164
170	0.4461	0.9733	2.671
171	0.4328	0.9793	2.072
172	0.4419	0.9747	2.533
173	0.4476	0.9720	2.802
174	0.4475	0.9726	2.743
175	0.4485	0.9721	2.790
176	0.4489	0.9717	2.827
177	0.4470	0.9730	2.703
178	0.4480	0.9726	2.744
179	0.4406	0.9752	2.483
180	0.4446	0.9737	2.634
181	0.4452	0.9733	2.673
182	0.4468	0.9730	2.703
183	0.4489	0.9719	2.806
184	0.4481	0.9726	2.736
185	0.4478	0.9727	2.728
186	0.4460	0.9733	2.673
187	0.4463	0.9733	2.674
188	0.4368	0.9772	2.283
189	0.4498	0.9716	2.838
190	0.4479	0.9726	2.737
191	0.4488	0.9720	2.796
192	0.4480	0.9723	2.767
193	0.4471	0.9725	2.746
194	0.4469	0.9727	2.726
195	0.4430	0.9740	2.603
196	0.4479	0.9726	2.738
197	0.4388	0.9762	2.376
198	0.4489	0.9717	2.828
199	0.4458	0.9729	2.713
200	0.4475	0.9726	2.742
201	0.4480	0.9722	2.780
202	0.4483	0.9724	2.762
203	0.4490	0.9717	2.833
204	0.4469	0.9727	2.725
205	0.4460	0.9733	2.669
206	0.4471	0.9727	2.727
207	0.4368	0.9772	2.282
208	0.4410	0.9754	2.457
209	0.4444	0.9738	2.616
210	0.4467	0.9732	2.681
211	0.4506	0.9710	2.902
212	0.4437	0.9746	2.541
213	0.4448	0.9736	2.642
214	0.4459	0.9729	2.711
215	0.4351	0.9777	2.225
216	0.4405	0.9752	2.484
217	0.4492	0.9722	2.775
218	0.4470	0.9726	2.740
219	0.4478	0.9726	2.737
220	0.4468	0.9726	2.745
221	0.4327	0.9793	2.071
222	0.4476	0.9723	2.775
223	0.4439	0.9743	2.570
224	0.4459	0.9732	2.684
225	0.4437	0.9739	2.614
226	0.4433	0.9744	2.560
227	0.4495	0.9714	2.857
228	0.4475	0.9721	2.793
229	0.4434	0.9740	2.599
230	0.4487	0.9721	2.795
231	0.4469	0.9727	2.726
232	0.4466	0.9729	2.705
233	0.4421	0.9745	2.555
234	0.4468	0.9727	2.728
235	0.4469	0.9730	2.701
236	0.4422	0.9749	2.506
237	0.4473	0.9729	2.710
238	0.4459	0.9732	2.676
239	0.4480	0.9726	2.736
240	0.4430	0.9740	2.602
241	0.4461	0.9727	2.731
242	0.4328	0.9790	2.105
243	0.4479	0.9724	2.764
244	0.4451	0.9733	2.671
245	0.4484	0.9722	2.782
246	0.4464	0.9732	2.685
247	0.4479	0.9723	2.768
248	0.4354	0.9782	2.176
249	0.4491	0.9722	2.777
250	0.4485	0.9720	2.800
251	0.4310	0.9800	2.003
252	0.4476	0.9725	2.748
253	0.4433	0.9743	2.567
254	0.4466	0.9729	2.712
255	0.4493	0.9714	2.861
256	0.4423	0.9745	2.545
257	0.4445	0.9737	2.630
258	0.4482	0.9724	2.762
259	0.4443	0.9737	2.634
260	0.4405	0.9751	2.485
261	0.4483	0.9722	2.785
262	0.4488	0.9719	2.806
263	0.4445	0.9737	2.630
264	0.4462	0.9729	2.707
265	0.4389	0.9759	2.411
266	0.4329	0.9792	2.083
267	0.4494	0.9717	2.834
268	0.4477	0.9727	2.728
269	0.4501	0.9713	2.867
270	0.4471	0.9722	2.779
271	0.4425	0.9749	2.508
272	0.4478	0.9724	2.762
273	0.4459	0.9731	2.687
274	0.4496	0.9716	2.840
275	0.4495	0.9715	2.851
276	0.4435	0.9744	2.564
277	0.4479	0.9726	2.743
278	0.4467	0.9730	2.699
279	0.4455	0.9736	2.644
280	0.4416	0.9748	2.525
281	0.4462	0.9733	2.674
282	0.4424	0.9744	2.559
283	0.4450	0.9733	2.670
284	0.4479	0.9720	2.803
285	0.4327	0.9795	2.053
286	0.4477	0.9726	2.736
287	0.4417	0.9747	2.534
288	0.4486	0.9719	2.808
289	0.4454	0.9734	2.661
290	0.4418	0.9746	2.537
291	0.4469	0.9725	2.748
292	0.4462	0.9726	2.739
293	0.4461	0.9728	2.715
294	0.4485	0.9722	2.780
295	0.4469	0.9728	2.720
296	0.4340	0.9784	2.164
297	0.4386	0.9762	2.379
298	0.4483	0.9721	2.794
299	0.4433	0.9743	2.574
300	0.4482	0.9721	2.786
301	0.4328	0.9792	2.082
302	0.4340	0.9784	2.163
303	0.4472	0.9728	2.716
304	0.4467	0.9727	2.726
305	0.4486	0.9720	2.796
306	0.4444	0.9737	2.634
307	0.4450	0.9733	2.668
308	0.4485	0.9719	2.806
309	0.4465	0.9729	2.715
310	0.4469	0.9725	2.748
311	0.4478	0.9723	2.768
312	0.4416	0.9747	2.533
313	0.4457	0.9731	2.687
314	0.4467	0.9725	2.748
315	0.4483	0.9721	2.793
316	0.4460	0.9728	2.716
317	0.4325	0.9793	2.072
318	0.4490	0.9722	2.776
319	0.4409	0.9754	2.456
320	0.4469	0.9728	2.719
321	0.4457	0.9729	2.712
322	0.4475	0.9725	2.749
323	0.4481	0.9724	2.760
324	0.4450	0.9733	2.670
325	0.4446	0.9736	2.643
326	0.4476	0.9726	2.738
327	0.4492	0.9714	2.861
328	0.4477	0.9726	2.736
329	0.4415	0.9747	2.525
330	0.4456	0.9729	2.712
331	0.4478	0.9727	2.735
332	0.4478	0.9723	2.767
333	0.4433	0.9740	2.603
334	0.4461	0.9733	2.672
335	0.4468	0.9727	2.727
336	0.4442	0.9737	2.632
337	0.4504	0.9710	2.901
338	0.4475	0.9723	2.775
339	0.4462	0.9726	2.739
340	0.4472	0.9726	2.741
341	0.4431	0.9744	2.562
342	0.4365	0.9772	2.283
343	0.4349	0.9778	2.224
344	0.4326	0.9795	2.054
345	0.4475	0.9727	2.728
346	0.4465	0.9732	2.679
347	0.4480	0.9724	2.763
348	0.4483	0.9721	2.787
349	0.4478	0.9720	2.802
350	0.4467	0.9730	2.702
351	0.4468	0.9727	2.726
352	0.4493	0.9714	2.855
353	0.4422	0.9745	2.547
354	0.4477	0.9724	2.763
355	0.4463	0.9731	2.686
356	0.4466	0.9730	2.699
357	0.4457	0.9733	2.674
358	0.4477	0.9726	2.741
359	0.4467	0.9726	2.737
360	0.4441	0.9739	2.610
361	0.4417	0.9747	2.534
362	0.4489	0.9723	2.774
363	0.4428	0.9740	2.603
364	0.4461	0.9729	2.706
365	0.4484	0.9722	2.779
366	0.4308	0.9800	2.004
367	0.4486	0.9719	2.807
368	0.4487	0.9717	2.833
369	0.4423	0.9744	2.559
370	0.4453	0.9734	2.660
371	0.4466	0.9727	2.728
372	0.4419	0.9744	2.556
373	0.4458	0.9731	2.691
374	0.4419	0.9749	2.505
375	0.4500	0.9713	2.870
376	0.4457	0.9733	2.671
377	0.4493	0.9717	2.835
378	0.4326	0.9790	2.105
379	0.4387	0.9759	2.410
380	0.4385	0.9762	2.379
381	0.4453	0.9736	2.640
382	0.4434	0.9743	2.568
383	0.4484	0.9720	2.804
384	0.4470	0.9722	2.778
385	0.4495	0.9716	2.840
386	0.4434	0.9746	2.541
387	0.4486	0.9717	2.827
388	0.4402	0.9752	2.484
389	0.4436	0.9743	2.567
390	0.4472	0.9720	2.798
391	0.4403	0.9751	2.487
392	0.4494	0.9715	2.855
393	0.4434	0.9739	2.614
394	0.4477	0.9722	2.780
395	0.4464	0.9729	2.708
396	0.4443	0.9737	2.632
397	0.4351	0.9782	2.175
398	0.4459	0.9727	2.733
399	0.4423	0.9749	2.507
400	0.4325	0.9795	2.054
401	0.4448	0.9733	2.669
402	0.4492	0.9716	2.835
403	0.4472	0.9720	2.801
404	0.4461	0.9726	2.742
405	0.4422	0.9744	2.556
406	0.4324	0.9793	2.074
407	0.4499	0.9712	2.875
408	0.4433	0.9743	2.567
409	0.4470	0.9728	2.717
410	0.4468	0.9725	2.750
411	0.4477	0.9725	2.745
412	0.4476	0.9722	2.782
413	0.4464	0.9732	2.679
414	0.4465	0.9725	2.747
415	0.4502	0.9710	2.903
416	0.4481	0.9721	2.785
417	0.4466	0.9730	2.701
418	0.4494	0.9716	2.840
419	0.4473	0.9723	2.774
420	0.4402	0.9751	2.486
421	0.4484	0.9720	2.798
422	0.4473	0.9725	2.748
423	0.4436	0.9743	2.571
424	0.4454	0.9729	2.709
425	0.4423	0.9750	2.504
426	0.4465	0.9730	2.698
427	0.4469	0.9722	2.780
428	0.4433	0.9746	2.541
429	0.4476	0.9724	2.762
430	0.4488	0.9723	2.774
431	0.4465	0.9727	2.726
432	0.4327	0.9792	2.084
433	0.4482	0.9720	2.797
434	0.4466	0.9727	2.727
435	0.4419	0.9749	2.505
436	0.4456	0.9729	2.710
437	0.4448	0.9733	2.670
438	0.4442	0.9737	2.631
439	0.4431	0.9743	2.566
440	0.4476	0.9723	2.768
441	0.4415	0.9747	2.532
442	0.4426	0.9740	2.602
443	0.4430	0.9744	2.561
444	0.4442	0.9737	2.627
445	0.4483	0.9719	2.806
446	0.4459	0.9733	2.673
447	0.4474	0.9727	2.728
448	0.4452	0.9736	2.644
449	0.4455	0.9732	2.683
450	0.4415	0.9747	2.534
451	0.4325	0.9790	2.103
452	0.4456	0.9732	2.676
453	0.4486	0.9717	2.835
454	0.4476	0.9726	2.737
455	0.4474	0.9726	2.737
456	0.4482	0.9722	2.778
457	0.4456	0.9731	2.687
458	0.4444	0.9736	2.642
459	0.4413	0.9748	2.524
460	0.4463	0.9729	2.708
461	0.4485	0.9719	2.806
462	0.4470	0.9726	2.742
463	0.4401	0.9752	2.484
464	0.4417	0.9744	2.555
465	0.4385	0.9759	2.410
466	0.4459	0.9730	2.704
467	0.4466	0.9726	2.742
468	0.4479	0.9721	2.786
469	0.4479	0.9724	2.761
470	0.4440	0.9737	2.632
471	0.4492	0.9715	2.852
472	0.4464	0.9728	2.725
473	0.4461	0.9731	2.687
474	0.4467	0.9728	2.717
475	0.4488	0.9722	2.777
476	0.4456	0.9733	2.669
477	0.4433	0.9739	2.615
478	0.4439	0.9739	2.610
479	0.4350	0.9782	2.176
480	0.4383	0.9763	2.374
481	0.4346	0.9777	2.225
482	0.4480	0.9721	2.792
483	0.4476	0.9720	2.801
484	0.4491	0.9714	2.856
485	0.4458	0.9727	2.732
486	0.4484	0.9717	2.826
487	0.4306	0.9800	2.003
488	0.4476	0.9723	2.766
489	0.4363	0.9772	2.282
490	0.4451	0.9734	2.661
491	0.4458	0.9728	2.715
492	0.4466	0.9727	2.726
493	0.4430	0.9740	2.603
494	0.4474	0.9726	2.735
495	0.4406	0.9754	2.457
496	0.4490	0.9714	2.861
497	0.4337	0.9784	2.165
498	0.4462	0.9729	2.714
499	0.4420	0.9745	2.546
500	0.4478	0.9724	2.763
501	0.4466	0.9725	2.747
502	0.4464	0.9726	2.744
503	0.4439	0.9738	2.616
504	0.4480	0.9722	2.783
505	0.4475	0.9724	2.762
506	0.4476	0.9720	2.803
507	0.4466	0.9727	2.727
508	0.4432	0.9739	2.614
509	0.4487	0.9723	2.775
510	0.4432	0.9746	2.540
511	0.4306	0.9800	2.004
512	0.4492	0.9716	2.839
513	0.4480	0.9721	2.791
514	0.4475	0.9723	2.767
515	0.4421	0.9744	2.558
516	0.4478	0.9724	2.761
517	0.4463	0.9727	2.728
518	0.4425	0.9740	2.602
519	0.4429	0.9743	2.567
520	0.4447	0.9733	2.670
521	0.4461	0.9729	2.712
522	0.4421	0.9749	2.506
523	0.4325	0.9792	2.083
524	0.4466	0.9728	2.716
525	0.4428	0.9744	2.561
526	0.4414	0.9746	2.536
527	0.4324	0.9790	2.104
528	0.4462	0.9732	2.681
529	0.4478	0.9722	2.785
530	0.4478	0.9724	2.761
531	0.4491	0.9715	2.852
532	0.4482	0.9719	2.806
533	0.4458	0.9733	2.673
534	0.4471	0.9723	2.773
535	0.4439	0.9737	2.635
536	0.4463	0.9730	2.699
537	0.4450	0.9734	2.662
538	0.4457	0.9728	2.716
539	0.4455	0.9733	2.667
540	0.4416	0.9745	2.554
541	0.4464	0.9730	2.701
542	0.4417	0.9749	2.505
543	0.4490	0.9715	2.854
544	0.4467	0.9722	2.780
545	0.4400	0.9751	2.487
546	0.4384	0.9759	2.411
547	0.4471	0.9725	2.748
548	0.4413	0.9746	2.535
549	0.4419	0.9745	2.546
550	0.4443	0.9736	2.644
551	0.4345	0.9778	2.225
552	0.4475	0.9723	2.767
553	0.4464	0.9726	2.742
554	0.4452	0.9729	2.715
555	0.4463	0.9727	2.726
556	0.4464	0.9727	2.729
557	0.4497	0.9713	2.869
558	0.4461	0.9729	2.708
559	0.4489	0.9714	2.861
560	0.4474	0.9722	2.779
561	0.4483	0.9719	2.808
562	0.4473	0.9726	2.738
563	0.4500	0.9710	2.902
564	0.4483	0.9717	2.826
565	0.4453	0.9732	2.682
566	0.4468	0.9729	2.713
567	0.4486	0.9722	2.777
568	0.4458	0.9729	2.707
569	0.4482	0.9720	2.796
570	0.4481	0.9722	2.778
571	0.4458	0.9726	2.737
572	0.4405	0.9754	2.457
573	0.4433	0.9743	2.568
574	0.4440	0.9737	2.629
575	0.4349	0.9782	2.176
576	0.4454	0.9731	2.691
577	0.4490	0.9717	2.834
578	0.4445	0.9733	2.670
579	0.4480	0.9720	2.802
580	0.4459	0.9731	2.687
581	0.4336	0.9783	2.167
582	0.4450	0.9736	2.639
583	0.4362	0.9772	2.282
584	0.4321	0.9793	2.072
585	0.4454	0.9733	2.673
586	0.4322	0.9795	2.054
587	0.4381	0.9762	2.380
588	0.4473	0.9726	2.739
589	0.4430	0.9743	2.568
590	0.4411	0.9748	2.525
591	0.4399	0.9752	2.483
592	0.4474	0.9725	2.747
593	0.4483	0.9716	2.836
594	0.4471	0.9727	2.728
595	0.4468	0.9726	2.742
596	0.4428	0.9740	2.603
597	0.4469	0.9720	2.802
598	0.4453	0.9729	2.712
599	0.4474	0.9726	2.736
600	0.4456	0.9727	2.731
601	0.4439	0.9736	2.636
602	0.4457	0.9726	2.741
603	0.4465	0.9725	2.750
604	0.4344	0.9778	2.224
605	0.4416	0.9750	2.503
606	0.4488	0.9714	2.857
607	0.4499	0.9710	2.900
608	0.4453	0.9732	2.676
609	0.4486	0.9722	2.778
610	0.4462	0.9727	2.727
611	0.4472	0.9726	2.737
612	0.4462	0.9727	2.728
613	0.4466	0.9722	2.779
614	0.4478	0.9721	2.789
615	0.4480	0.9719	2.806
616	0.4413	0.9746	2.537
617	0.4433	0.9743	2.567
618	0.4321	0.9795	2.054
619	0.4449	0.9734	2.660
620	0.4431	0.9746	2.544
621	0.4418	0.9745	2.546
622	0.4481	0.9720	2.798
623	0.4480	0.9722	2.780
624	0.4463	0.9727	2.731
625	0.4449	0.9736	2.639
626	0.4427	0.9744	2.559
627	0.4322	0.9790	2.104
628	0.4441	0.9736	2.643
629	0.4472	0.9726	2.736
630	0.4398	0.9752	2.483
631	0.4463	0.9730	2.704
632	0.4430	0.9743	2.568
633	0.4437	0.9738	2.616
634	0.4463	0.9726	2.742
635	0.4411	0.9747	2.534
636	0.4444	0.9733	2.668
637	0.4320	0.9793	2.072
638	0.4470	0.9722	2.779
639	0.4451	0.9728	2.717
640	0.4467	0.9729	2.714
641	0.4452	0.9729	2.712
642	0.4469	0.9720	2.800
643	0.4453	0.9731	2.691
644	0.4460	0.9732	2.679
645	0.4456	0.9729	2.705
646	0.4455	0.9727	2.733
647	0.4304	0.9800	2.003
648	0.4382	0.9759	2.409
649	0.4473	0.9724	2.762
650	0.4423	0.9740	2.603
651	0.4458	0.9731	2.689
652	0.4459	0.9729	2.708
653	0.4471	0.9727	2.726
654	0.4488	0.9717	2.834
655	0.4437	0.9737	2.632
656	0.4482	0.9719	2.809
657	0.4452	0.9731	2.686
658	0.4478	0.9721	2.793
659	0.4414	0.9745	2.555
660	0.4398	0.9751	2.486
661	0.4470	0.9725	2.750
662	0.4476	0.9724	2.761
663	0.4461	0.9726	2.744
664	0.4360	0.9772	2.282
665	0.4472	0.9722	2.779
666	0.4482	0.9717	2.833
667	0.4403	0.9754	2.456
668	0.4453	0.9733	2.669
669	0.4455	0.9729	2.714
670	0.4419	0.9749	2.507
671	0.4490	0.9716	2.841
672	0.4479	0.9720	2.800
673	0.4410	0.9748	2.523
674	0.4475	0.9724	2.760
675	0.4473	0.9727	2.735
676	0.4463	0.9728	2.716
677	0.4467	0.9726	2.739
678	0.4481	0.9718	2.823
679	0.4459	0.9729	2.712
680	0.4473	0.9720	2.802
681	0.4445	0.9733	2.671
682	0.4427	0.9743	2.565
683	0.4380	0.9763	2.373
684	0.4489	0.9715	2.850
685	0.4418	0.9744	2.558
686	0.4438	0.9737	2.631
687	0.4472	0.9723	2.767
688	0.4347	0.9783	2.175
689	0.4322	0.9792	2.081
690	0.4463	0.9727	2.726
691	0.4472	0.9723	2.765
692	0.4472	0.9726	2.743
693	0.4334	0.9783	2.165
694	0.4438	0.9737	2.632
695	0.4455	0.9733	2.672
696	0.4484	0.9723	2.775
697	0.4487	0.9714	2.856
698	0.4476	0.9721	2.787
699	0.4494	0.9713	2.865
700	0.4429	0.9739	2.614
701	0.4460	0.9730	2.700
702	0.4427	0.9740	2.603
703	0.4451	0.9729	2.712
704	0.4463	0.9727	2.725
705	0.4436	0.9739	2.614
706	0.4467	0.9726	2.741
707	0.4462	0.9728	2.724
708	0.4303	0.9800	2.003
709	0.4462	0.9726	2.740
710	0.4478	0.9722	2.778
711	0.4409	0.9747	2.526
712	0.4480	0.9720	2.796
713	0.4498	0.9710	2.902
714	0.4411	0.9746	2.536
715	0.4487	0.9717	2.834
716	0.4477	0.9721	2.792
717	0.4447	0.9734	2.661
718	0.4343	0.9778	2.224
719	0.4427	0.9740	2.603
720	0.4455	0.9730	2.704
721	0.4480	0.9717	2.826
722	0.4460	0.9726	2.745
723	0.4474	0.9724	2.760
724	0.4458	0.9729	2.708
725	0.4320	0.9795	2.053
726	0.4458	0.9729	2.714
727	0.4320	0.9790	2.104
728	0.4478	0.9720	2.805
729	0.4464	0.9722	2.778
730	0.4452	0.9733	2.670
731	0.4460	0.9728	2.725
732	0.4437	0.9737	2.634
733	0.4494	0.9713	2.870
734	0.4459	0.9732	2.679
735	0.4455	0.9726	2.740
736	0.4381	0.9759	2.408
737	0.4478	0.9719	2.806
738	0.4475	0.9721	2.785
739	0.4470	0.9727	2.735
740	0.4462	0.9726	2.745
741	0.4428	0.9743	2.566
742	0.4481	0.9719	2.806
743	0.4470	0.9726	2.736
744	0.4319	0.9793	2.071
745	0.4487	0.9714	2.855
746	0.4416	0.9745	2.546
747	0.4465	0.9729	2.711
748	0.4476	0.9722	2.783
749	0.4431	0.9743	2.567
750	0.4453	0.9727	2.730
751	0.4417	0.9749	2.506
752	0.4468	0.9723	2.774
753	0.4467	0.9721	2.795
754	0.4359	0.9772	2.281
755	0.4469	0.9727	2.727
756	0.4481	0.9717	2.833
757	0.4333	0.9783	2.166
758	0.4417	0.9744	2.558
759	0.4451	0.9733	2.674
760	0.4402	0.9754	2.457
761	0.4474	0.9724	2.761
762	0.4471	0.9723	2.766
763	0.4412	0.9745	2.554
764	0.4413	0.9750	2.505
765	0.4454	0.9733	2.672
766	0.4437	0.9737	2.630
767	0.4450	0.9732	2.682
768	0.4435	0.9737	2.632
769	0.4459	0.9730	2.701
770	0.4442	0.9733	2.670
771	0.4421	0.9740	2.601
772	0.4471	0.9726	2.737
773	0.4462	0.9728	2.718
774	0.4456	0.9731	2.688
775	0.4321	0.9792	2.082
776	0.4461	0.9730	2.700
777	0.4451	0.9731	2.691
778	0.4428	0.9738	2.615
779	0.4468	0.9725	2.749
780	0.4471	0.9723	2.775
781	0.4447	0.9736	2.640
782	0.4471	0.9724	2.764
783	0.4378	0.9763	2.374
784	0.4483	0.9722	2.777
785	0.4487	0.9715	2.850
786	0.4409	0.9747	2.533
787	0.4483	0.9723	2.775
788	0.4471	0.9726	2.741
789	0.4453	0.9728	2.716
790	0.4345	0.9782	2.176
791	0.4488	0.9716	2.840
792	0.4425	0.9743	2.570
793	0.4424	0.9744	2.561
794	0.4459	0.9727	2.729
795	0.4449	0.9729	2.712
796	0.4396	0.9751	2.486
797	0.4470	0.9724	2.764
798	0.4471	0.9720	2.803
799	0.4439	0.9736	2.642
800	0.4428	0.9746	2.541
801	0.4396	0.9752	2.484
802	0.4485	0.9714	2.859
803	0.4443	0.9733	2.670
804	0.4496	0.9710	2.900
805	0.4448	0.9729	2.712
806	0.4461	0.9728	2.716
807	0.4469	0.9726	2.735
808	0.4341	0.9778	2.223
809	0.4446	0.9734	2.661
810	0.4415	0.9745	2.545
811	0.4424	0.9744	2.563
812	0.4421	0.9740	2.601
813	0.4446	0.9736	2.640
814	0.4459	0.9728	2.724
815	0.4492	0.9714	2.865
816	0.4466	0.9720	2.796
817	0.4380	0.9759	2.411
818	0.4464	0.9729	2.712
819	0.4449	0.9732	2.683
820	0.4425	0.9740	2.602
821	0.4470	0.9723	2.767
822	0.4475	0.9722	2.783
823	0.4358	0.9772	2.281
824	0.4482	0.9722	2.775
825	0.4475	0.9721	2.792
826	0.4378	0.9763	2.372
827	0.4434	0.9739	2.612
828	0.4453	0.9733	2.672
829	0.4470	0.9724	2.761
830	0.4479	0.9718	2.823
831	0.4471	0.9720	2.801
832	0.4453	0.9729	2.706
833	0.4476	0.9722	2.778
834	0.4345	0.9782	2.175
835	0.4301	0.9800	2.003
836	0.4450	0.9733	2.672
837	0.4485	0.9714	2.856
838	0.4467	0.9722	2.778
839	0.4435	0.9737	2.634
840	0.4411	0.9745	2.554
841	0.4474	0.9721	2.786
842	0.4407	0.9748	2.525
843	0.4461	0.9725	2.748
844	0.4467	0.9727	2.729
845	0.4438	0.9736	2.644
846	0.4460	0.9727	2.726
847	0.4467	0.9725	2.748
848	0.4442	0.9733	2.671
849	0.4462	0.9722	2.779
850	0.4434	0.9737	2.633
851	0.4395	0.9752	2.483
852	0.4479	0.9717	2.831
853	0.4395	0.9751	2.487
854	0.4473	0.9724	2.761
855	0.4416	0.9749	2.506
856	0.4476	0.9720	2.800
857	0.4320	0.9792	2.083
858	0.4459	0.9730	2.700
859	0.4468	0.9727	2.734
860	0.4436	0.9737	2.628
861	0.4458	0.9730	2.699
862	0.4472	0.9724	2.759
863	0.4459	0.9726	2.737
864	0.4426	0.9744	2.565
865	0.4408	0.9747	2.532
866	0.4456	0.9729	2.711
867	0.4470	0.9724	2.764
868	0.4484	0.9714	2.859
869	0.4485	0.9717	2.832
870	0.4317	0.9793	2.072
871	0.4451	0.9727	2.732
872	0.4449	0.9729	2.710
873	0.4458	0.9727	2.727
874	0.4477	0.9720	2.798
875	0.4469	0.9722	2.776
876	0.4415	0.9744	2.558
877	0.4454	0.9731	2.687
878	0.4429	0.9743	2.566
879	0.4487	0.9716	2.840
880	0.4449	0.9733	2.668
881	0.4453	0.9726	2.737
882	0.4450	0.9731	2.688
883	0.4456	0.9729	2.707
884	0.4457	0.9732	2.680
885	0.4426	0.9746	2.540
886	0.4476	0.9719	2.805
887	0.4458	0.9725	2.745
888	0.4318	0.9795	2.052
889	0.4423	0.9743	2.568
890	0.4464	0.9726	2.740
891	0.4408	0.9746	2.536
892	0.4478	0.9719	2.805
893	0.4459	0.9728	2.723
894	0.4481	0.9722	2.778
895	0.4400	0.9754	2.456
896	0.4411	0.9750	2.505
897	0.4426	0.9739	2.614
898	0.4486	0.9715	2.850
899	0.4469	0.9727	2.734
900	0.4318	0.9790	2.103
901	0.4451	0.9728	2.716
902	0.4469	0.9726	2.743
903	0.4331	0.9783	2.166
904	0.4440	0.9733	2.669
905	0.4457	0.9730	2.702
906	0.4356	0.9772	2.282
907	0.4318	0.9790	2.103
908	0.4343	0.9782	2.176
909	0.4433	0.9738	2.619
910	0.4423	0.9744	2.564
911	0.4426	0.9738	2.616
912	0.4458	0.9727	2.730
913	0.4378	0.9759	2.408
914	0.4460	0.9727	2.726
915	0.4452	0.9730	2.705
916	0.4410	0.9745	2.554
917	0.4318	0.9792	2.081
918	0.4399	0.9754	2.459
919	0.4466	0.9727	2.728
920	0.4457	0.9727	2.729
921	0.4449	0.9733	2.669
922	0.4491	0.9713	2.872
923	0.4394	0.9752	2.484
924	0.4466	0.9725	2.751
925	0.4469	0.9723	2.770
926	0.4316	0.9793	2.073
927	0.4432	0.9736	2.636
928	0.4425	0.9743	2.568
929	0.4484	0.9715	2.854
930	0.4448	0.9731	2.687
931	0.4478	0.9716	2.835
932	0.4441	0.9733	2.672
933	0.4467	0.9726	2.737
934	0.4480	0.9722	2.779
935	0.4405	0.9747	2.525
936	0.4477	0.9719	2.806
937	0.4299	0.9800	2.003
938	0.4423	0.9740	2.604
939	0.4455	0.9729	2.708
940	0.4450	0.9727	2.730
941	0.4413	0.9745	2.546
942	0.4434	0.9737	2.632
943	0.4469	0.9720	2.803
944	0.4467	0.9726	2.737
945	0.4415	0.9749	2.507
946	0.4494	0.9710	2.902
947	0.4468	0.9726	2.744
948	0.4468	0.9723	2.767
949	0.4451	0.9733	2.673
950	0.4482	0.9714	2.859
951	0.4448	0.9733	2.673
952	0.4461	0.9722	2.778
953	0.4462	0.9729	2.711
954	0.4418	0.9740	2.602
955	0.4480	0.9722	2.776
956	0.4407	0.9746	2.537
957	0.4459	0.9726	2.744
958	0.4471	0.9724	2.760
959	0.4456	0.9727	2.729
960	0.4427	0.9743	2.566
961	0.4425	0.9746	2.541
962	0.4459	0.9728	2.717
963	0.4436	0.9736	2.642
964	0.4463	0.9720	2.796
965	0.4471	0.9722	2.785
966	0.4475	0.9719	2.805
967	0.4476	0.9720	2.796
968	0.4452	0.9726	2.736
969	0.4456	0.9726	2.743
970	0.4485	0.9715	2.851
971	0.4413	0.9744	2.557
972	0.4375	0.9763	2.373
973	0.4439	0.9733	2.670
974	0.4330	0.9784	2.165
975	0.4476	0.9718	2.823
976	0.4467	0.9722	2.777
977	0.4446	0.9729	2.712
978	0.4468	0.9726	2.737
979	0.4462	0.9726	2.741
980	0.4453	0.9731	2.687
981	0.4422	0.9743	2.569
982	0.4472	0.9721	2.793
983	0.4450	0.9728	2.717
984	0.4472	0.9722	2.784
985	0.4316	0.9795	2.051
986	0.4483	0.9717	2.832
987	0.4406	0.9747	2.532
988	0.4433	0.9737	2.633
989	0.4474	0.9720	2.800
990	0.4338	0.9778	2.224
991	0.4470	0.9724	2.759
992	0.4448	0.9731	2.689
993	0.4454	0.9729	2.712
994	0.4443	0.9734	2.662
995	0.4457	0.9726	2.739
996	0.4447	0.9729	2.710
997	0.4485	0.9716	2.841
998	0.4474	0.9722	2.778
999	0.4443	0.9736	2.639
1000	0.4393	0.9752	2.484
1001	0.4464	0.9723	2.775
1002	0.4455	0.9732	2.679
1003	0.4467	0.9724	2.761
1004	0.4410	0.9750	2.504
1005	0.4457	0.9730	2.699
1006	0.4474	0.9719	2.805
1007	0.4477	0.9717	2.833
1008	0.4417	0.9740	2.601
1009	0.4435	0.9736	2.642
1010	0.4493	0.9710	2.901
1011	0.4489	0.9713	2.866
1012	0.4298	0.9800	2.003
1013	0.4482	0.9715	2.855
1014	0.4443	0.9734	2.661
1015	0.4449	0.9729	2.714
1016	0.4447	0.9731	2.691
1017	0.4314	0.9793	2.071
1018	0.4458	0.9725	2.748
1019	0.4377	0.9759	2.409
1020	0.4470	0.9724	2.761
1021	0.4446	0.9729	2.711
1022	0.4484	0.9715	2.854
1023	0.4457	0.9730	2.700
1024	0.4467	0.9726	2.743
1025	0.4433	0.9737	2.629
1026	0.4482	0.9717	2.831
1027	0.4431	0.9739	2.614
1028	0.4355	0.9772	2.281
1029	0.4421	0.9743	2.570
1030	0.4479	0.9722	2.776
1031	0.4464	0.9723	2.774
1032	0.4453	0.9730	2.705
1033	0.4457	0.9727	2.730
1034	0.4447	0.9733	2.668
1035	0.4342	0.9782	2.175
1036	0.4457	0.9726	2.738
1037	0.4393	0.9751	2.486
1038	0.4338	0.9778	2.224
1039	0.4466	0.9726	2.735
1040	0.4426	0.9743	2.566
1041	0.4453	0.9729	2.711
1042	0.4467	0.9724	2.764
1043	0.4406	0.9746	2.537
1044	0.4445	0.9729	2.711
1045	0.4421	0.9740	2.603
1046	0.4317	0.9792	2.081
1047	0.4467	0.9723	2.766
1048	0.4455	0.9726	2.745
1049	0.4413	0.9749	2.506
1050	0.4374	0.9763	2.373
1051	0.4471	0.9721	2.792
1052	0.4397	0.9754	2.455
1053	0.4478	0.9723	2.775
1054	0.4467	0.9727	2.735
1055	0.4315	0.9795	2.053
1056	0.4409	0.9750	2.505
1057	0.4464	0.9727	2.730
1058	0.4420	0.9744	2.562
1059	0.4430	0.9737	2.633
1060	0.4467	0.9720	2.801
1061	0.4392	0.9752	2.484
1062	0.4455	0.9727	2.728
1063	0.4423	0.9743	2.566
1064	0.4465	0.9726	2.737
1065	0.4448	0.9727	2.732
1066	0.4423	0.9746	2.541
1067	0.4470	0.9721	2.785
1068	0.4469	0.9724	2.759
1069	0.4454	0.9730	2.698
1070	0.4466	0.9723	2.774
1071	0.4445	0.9732	2.683
1072	0.4473	0.9722	2.778
1073	0.4403	0.9747	2.525
1074	0.4462	0.9720	2.796
1075	0.4410	0.9746	2.544
1076	0.4437	0.9733	2.669
1077	0.4455	0.9728	2.724
1078	0.4450	0.9726	2.739
1079	0.4423	0.9738	2.616
1080	0.4484	0.9716	2.840
1081	0.4475	0.9717	2.825
1082	0.4407	0.9745	2.554
1083	0.4457	0.9728	2.718
1084	0.4461	0.9726	2.741
1085	0.4474	0.9720	2.796
1086	0.4438	0.9733	2.671
1087	0.4463	0.9725	2.748
1088	0.4480	0.9714	2.859
1089	0.4315	0.9790	2.104
1090	0.4446	0.9733	2.672
1091	0.4442	0.9736	2.639
1092	0.4456	0.9728	2.725
1093	0.4459	0.9729	2.712
1094	0.4328	0.9783	2.165
1095	0.4411	0.9744	2.557
1096	0.4404	0.9747	2.533
1097	0.4453	0.9732	2.680
1098	0.4449	0.9733	2.673
1099	0.4451	0.9731	2.688
1100	0.4449	0.9730	2.705
1101	0.4471	0.9722	2.783
1102	0.4475	0.9719	2.805
1103	0.4465	0.9724	2.763
1104	0.4431	0.9737	2.631
1105	0.4472	0.9720	2.799
1106	0.4458	0.9722	2.778
1107	0.4458	0.9722	2.778
1108	0.4419	0.9744	2.561
1109	0.4445	0.9733	2.675
1110	0.4477	0.9723	2.775
1111	0.4411	0.9744	2.557
1112	0.4429	0.9737	2.633
1113	0.4314	0.9790	2.103
1114	0.4429	0.9738	2.615
1115	0.4475	0.9720	2.805
1116	0.4465	0.9726	2.743
1117	0.4432	0.9737	2.628
1118	0.4438	0.9733	2.671
1119	0.4481	0.9715	2.854
1120	0.4466	0.9720	2.799
1121	0.4422	0.9746	2.540
1122	0.4375	0.9759	2.412
1123	0.4391	0.9752	2.483
1124	0.4449	0.9730	2.704
1125	0.4314	0.9795	2.051
1126	0.4402	0.9747	2.526
1127	0.4446	0.9733	2.669
1128	0.4412	0.9749	2.506
1129	0.4456	0.9725	2.747
1130	0.4474	0.9718	2.823
1131	0.4456	0.9727	2.728
1132	0.4453	0.9732	2.678
1133	0.4462	0.9726	2.744
1134	0.4468	0.9724	2.759
1135	0.4465	0.9724	2.759
1136	0.4441	0.9734	2.664
1137	0.4296	0.9800	2.001
1138	0.4459	0.9729	2.708
1139	0.4454	0.9728	2.721
1140	0.4396	0.9755	2.453
1141	0.4461	0.9721	2.794
1142	0.4465	0.9726	2.736
1143	0.4340	0.9782	2.175
1144	0.4453	0.9727	2.728
1145	0.4449	0.9726	2.738
1146	0.4421	0.9743	2.566
1147	0.4327	0.9784	2.164
1148	0.4479	0.9714	2.860
1149	0.4448	0.9733	2.672
1150	0.4424	0.9743	2.565
1151	0.4420	0.9740	2.603
1152	0.4406	0.9745	2.553
1153	0.4315	0.9792	2.082
1154	0.4472	0.9719	2.806
1155	0.4454	0.9725	2.748
1156	0.4312	0.9793	2.071
1157	0.4464	0.9726	2.736
1158	0.4463	0.9726	2.739
1159	0.4471	0.9722	2.779
1160	0.4444	0.9729	2.711
1161	0.4465	0.9723	2.769
1162	0.4468	0.9722	2.785
1163	0.4433	0.9736	2.644
1164	0.4436	0.9733	2.669
1165	0.4444	0.9731	2.685
1166	0.4456	0.9728	2.720
1167	0.4455	0.9726	2.740
1168	0.4455	0.9730	2.701
1169	0.4447	0.9727	2.732
1170	0.4335	0.9778	2.223
1171	0.4490	0.9710	2.901
1172	0.4419	0.9743	2.572
1173	0.4445	0.9731	2.692
1174	0.4390	0.9752	2.485
1175	0.4451	0.9729	2.709
1176	0.4469	0.9721	2.793
1177	0.4352	0.9772	2.282
1178	0.4404	0.9746	2.537
1179	0.4467	0.9724	2.762
1180	0.4372	0.9762	2.379
1181	0.4480	0.9717	2.835
1182	0.4452	0.9730	2.704
1183	0.4454	0.9727	2.731
1184	0.4409	0.9745	2.546
1185	0.4462	0.9727	2.728
1186	0.4481	0.9715	2.854
1187	0.4451	0.9729	2.714
1188	0.4406	0.9750	2.503
1189	0.4403	0.9747	2.529
1190	0.4471	0.9720	2.804
1191	0.4477	0.9722	2.777
1192	0.4446	0.9728	2.717
1193	0.4422	0.9738	2.616
1194	0.4464	0.9722	2.779
1195	0.4440	0.9736	2.638
1196	0.4474	0.9717	2.832
1197	0.4464	0.9723	2.766
1198	0.4461	0.9723	2.775
1199	0.4449	0.9731	2.686
1200	0.4469	0.9722	2.784
1201	0.4459	0.9726	2.739
1202	0.4486	0.9714	2.863
1203	0.4442	0.9729	2.712
1204	0.4430	0.9737	2.630
1205	0.4482	0.9716	2.840
1206	0.4472	0.9720	2.797
1207	0.4414	0.9740	2.601
1208	0.4454	0.9728	2.723
1209	0.4453	0.9728	2.722
1210	0.4442	0.9729	2.712
1211	0.4450	0.9729	2.710
1212	0.4454	0.9730	2.699
1213	0.4444	0.9733	2.673
1214	0.4462	0.9727	2.729
1215	0.4419	0.9740	2.599
1216	0.4311	0.9793	2.073
1217	0.4446	0.9727	2.732
1218	0.4481	0.9715	2.850
1219	0.4444	0.9731	2.688
1220	0.4443	0.9729	2.710
1221	0.4313	0.9790	2.104
1222	0.4428	0.9737	2.632
1223	0.4472	0.9717	2.826
1224	0.4470	0.9720	2.803
1225	0.4403	0.9746	2.537
1226	0.4405	0.9745	2.554
1227	0.4452	0.9730	2.703
1228	0.4440	0.9736	2.638
1229	0.4486	0.9713	2.870
1230	0.4464	0.9723	2.766
1231	0.4454	0.9727	2.726
1232	0.4467	0.9724	2.760
1233	0.4464	0.9720	2.800
1234	0.4452	0.9727	2.730
1235	0.4421	0.9746	2.542
1236	0.4420	0.9744	2.563
1237	0.4427	0.9739	2.614
1238	0.4479	0.9714	2.855
1239	0.4436	0.9733	2.670
1240	0.4421	0.9739	2.615
1241	0.4463	0.9723	2.773
1242	0.4373	0.9759	2.411
1243	0.4417	0.9744	2.559
1244	0.4460	0.9725	2.747
1245	0.4430	0.9737	2.626
1246	0.4471	0.9721	2.794
1247	0.4463	0.9724	2.759
1248	0.4406	0.9750	2.503
1249	0.4468	0.9721	2.790
1250	0.4463	0.9726	2.743
1251	0.4462	0.9727	2.728
1252	0.4401	0.9748	2.525
1253	0.4456	0.9722	2.778
1254	0.4325	0.9783	2.167
1255	0.4454	0.9728	2.717
1256	0.4418	0.9744	2.564
1257	0.4432	0.9736	2.642
1258	0.4460	0.9723	2.769
1259	0.4453	0.9727	2.735
1260	0.4481	0.9716	2.839
1261	0.4463	0.9727	2.734
1262	0.4475	0.9722	2.776
1263	0.4446	0.9733	2.671
1264	0.4394	0.9755	2.454
1265	0.4414	0.9740	2.599
1266	0.4468	0.9722	2.779
1267	0.4389	0.9752	2.484
1268	0.4479	0.9717	2.831
1269	0.4447	0.9727	2.734
1270	0.4473	0.9717	2.834
1271	0.4409	0.9744	2.555
1272	0.4458	0.9726	2.739
1273	0.4407	0.9746	2.544
1274	0.4477	0.9714	2.861
1275	0.4313	0.9792	2.083
1276	0.4311	0.9795	2.052
1277	0.4448	0.9731	2.687
1278	0.4467	0.9722	2.785
1279	0.4454	0.9725	2.746
1280	0.4338	0.9782	2.176
1281	0.4452	0.9726	2.744
1282	0.4434	0.9733	2.669
1283	0.4475	0.9723	2.775
1284	0.4489	0.9710	2.900
1285	0.4458	0.9720	2.796
1286	0.4294	0.9800	2.002
1287	0.4442	0.9732	2.682
1288	0.4465	0.9724	2.760
1289	0.4445	0.9728	2.716
1290	0.4470	0.9719	2.807
1291	0.4461	0.9726	2.738
1292	0.4443	0.9733	2.668
1293	0.4463	0.9724	2.763
1294	0.4469	0.9722	2.778
1295	0.4409	0.9750	2.505
1296	0.4472	0.9720	2.805
1297	0.4334	0.9778	2.223
1298	0.4350	0.9772	2.282
1299	0.4370	0.9762	2.375
1300	0.4450	0.9732	2.680
1301	0.4456	0.9729	2.711
1302	0.4446	0.9730	2.703
1303	0.4449	0.9729	2.707
1304	0.4422	0.9743	2.565
1305	0.4388	0.9752	2.485
1306	0.4401	0.9747	2.533
1307	0.4428	0.9737	2.635
1308	0.4438	0.9734	2.660
1309	0.4469	0.9722	2.778
1310	0.4472	0.9720	2.805
1311	0.4324	0.9784	2.164
1312	0.4416	0.9744	2.559
1313	0.4485	0.9713	2.870
1314	0.4443	0.9731	2.691
1315	0.4463	0.9726	2.737
1316	0.4388	0.9752	2.482
1317	0.4417	0.9743	2.572
1318	0.4461	0.9727	2.735
1319	0.4462	0.9723	2.775
1320	0.4452	0.9730	2.699
1321	0.4428	0.9737	2.632
1322	0.4478	0.9714	2.855
1323	0.4458	0.9720	2.797
1324	0.4462	0.9724	2.763
1325	0.4408	0.9744	2.557
1326	0.4461	0.9726	2.736
1327	0.4438	0.9736	2.638
1328	0.4310	0.9795	2.053
1329	0.4400	0.9747	2.532
1330	0.4426	0.9737	2.633
1331	0.4457	0.9726	2.741
1332	0.4479	0.9715	2.854
1333	0.4442	0.9733	2.673
1334	0.4459	0.9725	2.748
1335	0.4406	0.9746	2.545
1336	0.4441	0.9729	2.709
1337	0.4460	0.9727	2.728
1338	0.4401	0.9746	2.538
1339	0.4417	0.9740	2.601
1340	0.4370	0.9762	2.378
1341	0.4412	0.9740	2.601
1342	0.4470	0.9720	2.799
1343	0.4441	0.9731	2.686
1344	0.4467	0.9721	2.788
1345	0.4437	0.9734	2.662
1346	0.4454	0.9722	2.777
1347	0.4434	0.9733	2.669
1348	0.4447	0.9731	2.689
1349	0.4474	0.9722	2.776
1350	0.4371	0.9759	2.410
1351	0.4451	0.9728	2.723
1352	0.4444	0.9729	2.715
1353	0.4467	0.9721	2.792
1354	0.4440	0.9729	2.711
1355	0.4336	0.9783	2.175
1356	0.4392	0.9754	2.457
1357	0.4387	0.9752	2.484
1358	0.4453	0.9725	2.749
1359	0.4463	0.9720	2.803
1360	0.4469	0.9719	2.807
1361	0.4455	0.9728	2.715
1362	0.4449	0.9732	2.679
1363	0.4349	0.9772	2.281
1364	0.4450	0.9725	2.746
1365	0.4462	0.9723	2.766
1366	0.4468	0.9720	2.800
1367	0.4433	0.9733	2.669
1368	0.4332	0.9778	2.224
1369	0.4458	0.9722	2.776
1370	0.4428	0.9737	2.629
1371	0.4445	0.9730	2.703
1372	0.4450	0.9730	2.699
1373	0.4451	0.9727	2.726
1374	0.4448	0.9729	2.705
1375	0.4419	0.9746	2.539
1376	0.4470	0.9718	2.824
1377	0.4430	0.9736	2.642
1378	0.4465	0.9721	2.785
1379	0.4425	0.9739	2.613
1380	0.4452	0.9727	2.727
1381	0.4448	0.9729	2.710
1382	0.4443	0.9727	2.728
1383	0.4461	0.9726	2.743
1384	0.4464	0.9724	2.759
1385	0.4309	0.9793	2.072
1386	0.4419	0.9739	2.615
1387	0.4473	0.9722	2.776
1388	0.4311	0.9792	2.081
1389	0.4451	0.9726	2.736
1390	0.4444	0.9733	2.671
1391	0.4487	0.9710	2.900
1392	0.4452	0.9728	2.717
1393	0.4445	0.9726	2.737
1394	0.4407	0.9750	2.504
1395	0.4449	0.9727	2.726
1396	0.4479	0.9716	2.841
1397	0.4418	0.9744	2.563
1398	0.4420	0.9743	2.566
1399	0.4402	0.9745	2.553
1400	0.4403	0.9749	2.505
1401	0.4292	0.9800	2.003
1402	0.4310	0.9790	2.104
1403	0.4398	0.9748	2.525
1404	0.4477	0.9717	2.832
1405	0.4475	0.9714	2.859
1406	0.4471	0.9717	2.831
1407	0.4461	0.9724	2.762
1408	0.4441	0.9733	2.668
1409	0.4464	0.9724	2.760
1410	0.4415	0.9743	2.569
1411	0.4487	0.9710	2.901
1412	0.4426	0.9737	2.631
1413	0.4473	0.9722	2.776
1414	0.4309	0.9795	2.052
1415	0.4400	0.9746	2.538
1416	0.4461	0.9722	2.775
1417	0.4437	0.9736	2.639
1418	0.4449	0.9728	2.724
1419	0.4427	0.9737	2.629
1420	0.4441	0.9733	2.673
1421	0.4468	0.9720	2.805
1422	0.4446	0.9731	2.686
1423	0.4415	0.9740	2.599
1424	0.4461	0.9720	2.799
1425	0.4461	0.9723	2.768
1426	0.4453	0.9722	2.778
1427	0.4465	0.9721	2.792
1428	0.4420	0.9743	2.567
1429	0.4429	0.9736	2.642
1430	0.4403	0.9750	2.504
1431	0.4418	0.9739	2.615
1432	0.4399	0.9747	2.532
1433	0.4475	0.9714	2.859
1434	0.4370	0.9759	2.411
1435	0.4386	0.9751	2.485
1436	0.4414	0.9744	2.562
1437	0.4391	0.9754	2.455
1438	0.4322	0.9784	2.164
1439	0.4483	0.9713	2.869
1440	0.4444	0.9730	2.703
1441	0.4432	0.9733	2.669
1442	0.4310	0.9792	2.082
1443	0.4331	0.9778	2.221
1444	0.4469	0.9717	2.827
1445	0.4463	0.9724	2.761
1446	0.4450	0.9726	2.739
1447	0.4460	0.9723	2.769
1448	0.4458	0.9727	2.726
1449	0.4406	0.9744	2.556
1450	0.4459	0.9726	2.739
1451	0.4442	0.9727	2.730
1452	0.4448	0.9732	2.681
1453	0.4450	0.9727	2.727
1454	0.4424	0.9738	2.615
1455	0.4460	0.9724	2.762
1456	0.4464	0.9722	2.784
1457	0.4443	0.9733	2.671
1458	0.4448	0.9727	2.728
1459	0.4432	0.9733	2.670
1460	0.4463	0.9724	2.759
1461	0.4410	0.9740	2.599
1462	0.4457	0.9725	2.748
1463	0.4466	0.9722	2.776
1464	0.4406	0.9749	2.505
1465	0.4444	0.9726	2.737
1466	0.4455	0.9720	2.796
1467	0.4447	0.9729	2.706
1468	0.4465	0.9722	2.783
1469	0.4468	0.9720	2.796
1470	0.4475	0.9714	2.856
1471	0.4460	0.9726	2.735
1472	0.4334	0.9783	2.174
1473	0.4440	0.9733	2.669
1474	0.4472	0.9722	2.775
1475	0.4368	0.9763	2.373
1476	0.4401	0.9745	2.554
1477	0.4451	0.9727	2.726
1478	0.4439	0.9729	2.709
1479	0.4385	0.9752	2.484
1480	0.4476	0.9715	2.852
1481	0.4459	0.9727	2.734
1482	0.4424	0.9737	2.632
1483	0.4446	0.9729	2.710
1484	0.4451	0.9726	2.745
1485	0.4460	0.9726	2.742
1486	0.4442	0.9728	2.716
1487	0.4475	0.9717	2.830
1488	0.4417	0.9746	2.541
1489	0.4416	0.9744	2.562
1490	0.4453	0.9729	2.709
1491	0.4449	0.9730	2.699
1492	0.4307	0.9793	2.072
1493	0.4439	0.9732	2.682
1494	0.4469	0.9717	2.833
1495	0.4440	0.9732	2.684
1496	0.4469	0.9720	2.804
1497	0.4404	0.9746	2.543
1498	0.4448	0.9725	2.745
1499	0.4435	0.9734	2.663
1500	0.4308	0.9790	2.104
1501	0.4466	0.9720	2.796
1502	0.4397	0.9748	2.524
1503	0.4477	0.9716	2.839
1504	0.4454	0.9726	2.739
1505	0.4456	0.9723	2.773
1506	0.4290	0.9800	2.001
1507	0.4437	0.9729	2.710
1508	0.4447	0.9730	2.698
1509	0.4347	0.9772	2.282
1510	0.4450	0.9728	2.717
1511	0.4334	0.9783	2.175
1512	0.4423	0.9737	2.632
1513	0.4459	0.9723	2.766
1514	0.4447	0.9732	2.677
1515	0.4416	0.9744	2.565
1516	0.4446	0.9729	2.710
1517	0.4290	0.9800	2.004
1518	0.4475	0.9715	2.854
1519	0.4473	0.9714	2.859
1520	0.4437	0.9729	2.711
1521	0.4455	0.9720	2.796
1522	0.4462	0.9724	2.760
1523	0.4450	0.9727	2.726
1524	0.4449	0.9728	2.724
1525	0.4439	0.9733	2.667
1526	0.4405	0.9750	2.503
1527	0.4431	0.9733	2.670
1528	0.4468	0.9720	2.805
1529	0.4444	0.9732	2.683
1530	0.4448	0.9728	2.721
1531	0.4459	0.9726	2.742
1532	0.4390	0.9755	2.453
1533	0.4414	0.9740	2.598
1534	0.4398	0.9746	2.536
1535	0.4439	0.9731	2.687
1536	0.4476	0.9715	2.849
1537	0.4347	0.9772	2.281
1538	0.4459	0.9724	2.761
1539	0.4424	0.9737	2.629
1540	0.4439	0.9733	2.673
1541	0.4442	0.9730	2.703
1542	0.4471	0.9723	2.775
1543	0.4464	0.9722	2.784
1544	0.4457	0.9726	2.735
1545	0.4458	0.9723	2.772
1546	0.4438	0.9732	2.682
1547	0.4465	0.9720	2.796
1548	0.4438	0.9729	2.708
1549	0.4457	0.9727	2.729
1550	0.4447	0.9728	2.724
1551	0.4467	0.9718	2.821
1552	0.4452	0.9729	2.708
1553	0.4465	0.9722	2.777
1554	0.4308	0.9790	2.103
1555	0.4459	0.9726	2.735
1556	0.4401	0.9750	2.503
1557	0.4441	0.9727	2.727
1558	0.4474	0.9717	2.829
1559	0.4418	0.9743	2.567
1560	0.4307	0.9795	2.051
1561	0.4468	0.9717	2.831
1562	0.4329	0.9778	2.223
1563	0.4366	0.9763	2.374
1564	0.4451	0.9722	2.778
1565	0.4427	0.9736	2.644
1566	0.4461	0.9724	2.759
1567	0.4308	0.9792	2.081
1568	0.4453	0.9726	2.741
1569	0.4476	0.9716	2.841
1570	0.4434	0.9734	2.661
1571	0.4430	0.9733	2.667
1572	0.4395	0.9748	2.524
1573	0.4449	0.9725	2.748
1574	0.4404	0.9744	2.556
1575	0.4463	0.9721	2.793
1576	0.4441	0.9733	2.672
1577	0.4465	0.9720	2.805
1578	0.4416	0.9739	2.615
1579	0.4396	0.9747	2.531
1580	0.4448	0.9730	2.701
1581	0.4320	0.9784	2.165
1582	0.4383	0.9752	2.482
1583	0.4384	0.9752	2.484
1584	0.4480	0.9713	2.871
1585	0.4455	0.9725	2.750
1586	0.4449	0.9728	2.719
1587	0.4408	0.9740	2.601
1588	0.4462	0.9722	2.783
1589	0.4458	0.9723	2.767
1590	0.4445	0.9729	2.707
1591	0.4470	0.9722	2.777
1592	0.4459	0.9720	2.800
1593	0.4455	0.9722	2.776
1594	0.4402	0.9746	2.543
1595	0.4415	0.9746	2.540
1596	0.4411	0.9744	2.559
1597	0.4305	0.9793	2.072
1598	0.4422	0.9739	2.613
1599	0.4424	0.9737	2.627
1600	0.4446	0.9730	2.698
1601	0.4484	0.9710	2.901
1602	0.4399	0.9745	2.552
1603	0.4466	0.9720	2.797
1604	0.4442	0.9726	2.739
1605	0.4440	0.9729	2.714
1606	0.4412	0.9743	2.570
1607	0.4448	0.9727	2.735
1608	0.4446	0.9726	2.743
1609	0.4367	0.9759	2.410
1610	0.4455	0.9727	2.730
1611	0.4434	0.9736	2.641
1612	0.4455	0.9725	2.746
1613	0.4452	0.9726	2.738
1614	0.4395	0.9748	2.524
1615	0.4447	0.9728	2.722
1616	0.4424	0.9737	2.626
1617	0.4320	0.9783	2.166
1618	0.4456	0.9726	2.736
1619	0.4430	0.9733	2.670
1620	0.4458	0.9720	2.798
1621	0.4447	0.9727	2.735
1622	0.4457	0.9724	2.761
1623	0.4461	0.9724	2.759
1624	0.4408	0.9740	2.598
1625	0.4475	0.9716	2.840
1626	0.4450	0.9722	2.778
1627	0.4446	0.9730	2.697
1628	0.4448	0.9727	2.728
1629	0.4412	0.9743	2.566
1630	0.4445	0.9732	2.677
1631	0.4462	0.9721	2.788
1632	0.4469	0.9722	2.776
1633	0.4426	0.9736	2.642
1634	0.4469	0.9722	2.778
1635	0.4446	0.9725	2.746
1636	0.4306	0.9795	2.053
1637	0.4463	0.9720	2.796
1638	0.4433	0.9735	2.647
1639	0.4415	0.9738	2.616
1640	0.4433	0.9734	2.664
1641	0.4483	0.9710	2.902
1642	0.4288	0.9800	2.000
1643	0.4461	0.9722	2.784
1644	0.4473	0.9717	2.831
1645	0.4307	0.9792	2.083
1646	0.4444	0.9729	2.711
1647	0.4460	0.9724	2.757
1648	0.4367	0.9759	2.411
1649	0.4479	0.9714	2.861
1650	0.4466	0.9718	2.821
1651	0.4451	0.9729	2.709
1652	0.4328	0.9778	2.222
1653	0.4345	0.9772	2.281
1654	0.4440	0.9730	2.702
1655	0.4306	0.9790	2.103
1656	0.4365	0.9762	2.376
1657	0.4439	0.9727	2.731
1658	0.4402	0.9744	2.556
1659	0.4471	0.9714	2.857
1660	0.4472	0.9715	2.853
1661	0.4439	0.9729	2.715
1662	0.4387	0.9754	2.457
1663	0.4465	0.9721	2.795
1664	0.4436	0.9729	2.708
1665	0.4455	0.9727	2.727
1666	0.4445	0.9727	2.726
1667	0.4398	0.9745	2.554
1668	0.4443	0.9729	2.707
1669	0.4414	0.9746	2.542
1670	0.4435	0.9729	2.711
1671	0.4401	0.9746	2.542
1672	0.4396	0.9746	2.538
1673	0.4454	0.9722	2.776
1674	0.4428	0.9733	2.667
1675	0.4436	0.9732	2.682
1676	0.4403	0.9749	2.507
1677	0.4445	0.9728	2.721
1678	0.4466	0.9717	2.831
1679	0.4420	0.9739	2.614
1680	0.4455	0.9727	2.732
1681	0.4395	0.9747	2.531
1682	0.4447	0.9726	2.744
1683	0.4410	0.9744	2.560
1684	0.4447	0.9728	2.716
1685	0.4436	0.9733	2.675
1686	0.4461	0.9722	2.781
1687	0.4463	0.9720	2.804
1688	0.4452	0.9721	2.794
1689	0.4411	0.9740	2.597
1690	0.4466	0.9720	2.804
1691	0.4304	0.9793	2.072
1692	0.4456	0.9723	2.772
1693	0.4456	0.9724	2.759
1694	0.4413	0.9744	2.562
1695	0.4420	0.9737	2.633
1696	0.4331	0.9783	2.174
1697	0.4457	0.9726	2.737
1698	0.4382	0.9752	2.484
1699	0.4441	0.9731	2.687
1700	0.4398	0.9749	2.505
1701	0.4456	0.9723	2.766
1702	0.4456	0.9726	2.743
1703	0.4473	0.9715	2.850
1704	0.4382	0.9752	2.484
1705	0.4463	0.9722	2.776
1706	0.4416	0.9743	2.565
1707	0.4440	0.9726	2.739
1708	0.4436	0.9733	2.668
1709	0.4436	0.9731	2.687
1710	0.4446	0.9730	2.699
1711	0.4422	0.9737	2.632
1712	0.4439	0.9733	2.672
1713	0.4454	0.9727	2.730
1714	0.4447	0.9725	2.745
1715	0.4456	0.9726	2.742
1716	0.4304	0.9795	2.052
1717	0.4472	0.9717	2.831
1718	0.4406	0.9740	2.599
1719	0.4464	0.9718	2.824
1720	0.4327	0.9778	2.224
1721	0.4382	0.9752	2.483
1722	0.4456	0.9723	2.767
1723	0.4438	0.9728	2.716
1724	0.4393	0.9748	2.524
1725	0.4400	0.9746	2.543
1726	0.4444	0.9730	2.702
1727	0.4468	0.9722	2.778
1728	0.4462	0.9720	2.802
1729	0.4451	0.9720	2.800
1730	0.4424	0.9736	2.645
1731	0.4449	0.9729	2.715
1732	0.4397	0.9745	2.554
1733	0.4442	0.9729	2.713
1734	0.4421	0.9736	2.635
1735	0.4465	0.9719	2.805
1736	0.4453	0.9725	2.748
1737	0.4413	0.9746	2.542
1738	0.4419	0.9739	2.614
1739	0.4435	0.9729	2.708
1740	0.4402	0.9749	2.507
1741	0.4435	0.9732	2.682
1742	0.4473	0.9716	2.841
1743	0.4471	0.9715	2.854
1744	0.4395	0.9746	2.536
1745	0.4464	0.9720	2.795
1746	0.4363	0.9763	2.372
1747	0.4431	0.9734	2.662
1748	0.4432	0.9736	2.639
1749	0.4365	0.9759	2.411
1750	0.4436	0.9733	2.667
1751	0.4459	0.9724	2.761
1752	0.4460	0.9722	2.784
1753	0.4446	0.9728	2.716
1754	0.4394	0.9747	2.531
1755	0.4458	0.9724	2.757
1756	0.4454	0.9726	2.736
1757	0.4452	0.9723	2.772
1758	0.4330	0.9783	2.175
1759	0.4439	0.9726	2.736
1760	0.4433	0.9729	2.710
1761	0.4409	0.9744	2.560
1762	0.4456	0.9727	2.734
1763	0.4444	0.9726	2.743
1764	0.4462	0.9722	2.777
1765	0.4401	0.9745	2.554
1766	0.4445	0.9728	2.724
1767	0.4426	0.9733	2.670
1768	0.4460	0.9721	2.791
1769	0.4456	0.9720	2.799
1770	0.4436	0.9731	2.686
1771	0.4412	0.9744	2.564
1772	0.4481	0.9710	2.900
1773	0.4303	0.9793	2.073
1774	0.4435	0.9733	2.673
1775	0.4445	0.9730	2.699
1776	0.4317	0.9784	2.165
1777	0.4397	0.9750	2.503
1778	0.4469	0.9714	2.858
1779	0.4459	0.9722	2.784
1780	0.4445	0.9726	2.736
1781	0.4409	0.9743	2.571
1782	0.4455	0.9724	2.761
1783	0.4286	0.9800	2.002
1784	0.4438	0.9733	2.672
1785	0.4437	0.9727	2.731
1786	0.4444	0.9728	2.724
1787	0.4449	0.9726	2.739
1788	0.4446	0.9727	2.726
1789	0.4421	0.9737	2.628
1790	0.4386	0.9754	2.456
1791	0.4414	0.9744	2.565
1792	0.4443	0.9727	2.727
1793	0.4427	0.9733	2.671
1794	0.4467	0.9722	2.775
1795	0.4419	0.9737	2.633
1796	0.4455	0.9723	2.768
1797	0.4453	0.9727	2.731
1798	0.4438	0.9730	2.703
1799	0.4410	0.9740	2.600
1800	0.4304	0.9790	2.103
1801	0.4441	0.9729	2.706
1802	0.4380	0.9752	2.484
1803	0.4447	0.9722	2.778
1804	0.4440	0.9731	2.686
1805	0.4342	0.9772	2.281
1806	0.4464	0.9717	2.832
1807	0.4442	0.9732	2.678
1808	0.4477	0.9714	2.865
1809	0.4462	0.9720	2.805
1810	0.4412	0.9739	2.614
1811	0.4305	0.9792	2.081
1812	0.4454	0.9722	2.775
1813	0.4471	0.9715	2.852
1814	0.4457	0.9724	2.759
1815	0.4453	0.9726	2.737
1816	0.4437	0.9729	2.714
1817	0.4434	0.9729	2.708
1818	0.4472	0.9716	2.842
1819	0.4464	0.9720	2.805
1820	0.4461	0.9722	2.777
1821	0.4437	0.9733	2.672
1822	0.4470	0.9714	2.855
1823	0.4420	0.9737	2.632
1824	0.4430	0.9736	2.639
1825	0.4447	0.9722	2.778
1826	0.4418	0.9737	2.632
1827	0.4400	0.9744	2.557
1828	0.4461	0.9719	2.806
1829	0.4435	0.9731	2.688
1830	0.4342	0.9772	2.281
1831	0.4285	0.9800	2.004
1832	0.4392	0.9747	2.529
1833	0.4441	0.9729	2.714
1834	0.4454	0.9723	2.768
1835	0.4445	0.9727	2.726
1836	0.4448	0.9729	2.715
1837	0.4438	0.9730	2.703
1838	0.4409	0.9743	2.572
1839	0.4444	0.9727	2.728
1840	0.4454	0.9723	2.765
1841	0.4451	0.9725	2.748
1842	0.4454	0.9726	2.742
1843	0.4454	0.9723	2.772
1844	0.4439	0.9732	2.683
1845	0.4380	0.9752	2.485
1846	0.4411	0.9739	2.614
1847	0.4457	0.9724	2.760
1848	0.4420	0.9737	2.626
1849	0.4303	0.9790	2.104
1850	0.4426	0.9733	2.670
1851	0.4385	0.9754	2.456
1852	0.4454	0.9724	2.761
1853	0.4400	0.9750	2.504
1854	0.4301	0.9793	2.072
1855	0.4462	0.9718	2.823
1856	0.4459	0.9721	2.790
1857	0.4457	0.9722	2.784
1858	0.4393	0.9746	2.536
1859	0.4442	0.9726	2.743
1860	0.4362	0.9763	2.371
1861	0.4452	0.9727	2.732
1862	0.4363	0.9759	2.411
1863	0.4444	0.9726	2.736
1864	0.4438	0.9726	2.737
1865	0.4304	0.9792	2.081
1866	0.4442	0.9730	2.701
1867	0.4433	0.9732	2.683
1868	0.4411	0.9746	2.541
1869	0.4407	0.9744	2.561
1870	0.4442	0.9727	2.727
1871	0.4468	0.9714	2.858
1872	0.4408	0.9740	2.600
1873	0.4469	0.9717	2.831
1874	0.4443	0.9730	2.699
1875	0.4422	0.9736	2.643
1876	0.4465	0.9723	2.775
1877	0.4433	0.9733	2.673
1878	0.4302	0.9795	2.051
1879	0.4396	0.9750	2.504
1880	0.4460	0.9720	2.801
1881	0.4449	0.9720	2.796
1882	0.4454	0.9726	2.737
1883	0.4448	0.9726	2.740
1884	0.4328	0.9783	2.174
1885	0.4413	0.9744	2.564
1886	0.4451	0.9727	2.727
1887	0.4450	0.9722	2.775
1888	0.4324	0.9778	2.222
1889	0.4458	0.9722	2.785
1890	0.4444	0.9728	2.717
1891	0.4454	0.9720	2.800
1892	0.4390	0.9748	2.524
1893	0.4410	0.9744	2.564
1894	0.4461	0.9720	2.796
1895	0.4403	0.9740	2.598
1896	0.4475	0.9713	2.867
1897	0.4463	0.9717	2.832
1898	0.4315	0.9784	2.165
1899	0.4424	0.9733	2.668
1900	0.4470	0.9715	2.853
1901	0.4441	0.9732	2.678
1902	0.4394	0.9745	2.553
1903	0.4417	0.9739	2.615
1904	0.4378	0.9752	2.484
1905	0.4429	0.9734	2.661
1906	0.4397	0.9746	2.542
1907	0.4465	0.9722	2.777
1908	0.4440	0.9729	2.706
1909	0.4431	0.9729	2.711
1910	0.4444	0.9725	2.746
1911	0.4479	0.9710	2.900
1912	0.4442	0.9728	2.721
1913	0.4433	0.9733	2.666
1914	0.4435	0.9727	2.730
1915	0.4392	0.9746	2.537
1916	0.4459	0.9722	2.778
1917	0.4284	0.9800	2.002
1918	0.4456	0.9724	2.760
1919	0.4301	0.9795	2.052
1920	0.4391	0.9747	2.528
1921	0.4447	0.9726	2.741
1922	0.4323	0.9778	2.223
1923	0.4428	0.9734	2.661
1924	0.4441	0.9729	2.705
1925	0.4362	0.9759	2.407
1926	0.4418	0.9736	2.636
1927	0.4435	0.9727	2.730
1928	0.4443	0.9730	2.704
1929	0.4360	0.9762	2.377
1930	0.4435	0.9728	2.721
1931	0.4453	0.9724	2.763
1932	0.4452	0.9726	2.736
1933	0.4452	0.9722	2.780
1934	0.4410	0.9746	2.542
1935	0.4478	0.9710	2.899
1936	0.4441	0.9725	2.748
1937	0.4456	0.9722	2.784
1938	0.4462	0.9720	2.805
1939	0.4450	0.9725	2.748
1940	0.4429	0.9736	2.640
1941	0.4448	0.9720	2.798
1942	0.4439	0.9729	2.710
1943	0.4443	0.9728	2.717
1944	0.4453	0.9726	2.735
1945	0.4449	0.9723	2.774
1946	0.4450	0.9727	2.728
1947	0.4433	0.9733	2.667
1948	0.4314	0.9783	2.166
1949	0.4439	0.9729	2.705
1950	0.4441	0.9728	2.722
1951	0.4430	0.9729	2.710
1952	0.4459	0.9720	2.796
1953	0.4460	0.9720	2.795
1954	0.4474	0.9714	2.858
1955	0.4398	0.9745	2.552
1956	0.4302	0.9792	2.081
1957	0.4442	0.9728	2.723
1958	0.4469	0.9715	2.848
1959	0.4451	0.9726	2.736
1960	0.4402	0.9740	2.598
1961	0.4452	0.9726	2.742
1962	0.4466	0.9714	2.859
1963	0.4383	0.9755	2.453
1964	0.4440	0.9732	2.678
1965	0.4446	0.9729	2.711
1966	0.4406	0.9744	2.558
1967	0.4470	0.9716	2.840
1968	0.4436	0.9727	2.734
1969	0.4393	0.9745	2.550
1970	0.4300	0.9793	2.073
1971	0.4423	0.9733	2.670
1972	0.4452	0.9724	2.761
1973	0.4455	0.9724	2.761
1974	0.4408	0.9744	2.562
1975	0.4435	0.9730	2.702
1976	0.4437	0.9732	2.682
1977	0.4420	0.9736	2.641
1978	0.4443	0.9726	2.743
1979	0.4396	0.9746	2.542
1980	0.4378	0.9752	2.484
1981	0.4432	0.9732	2.685
1982	0.4326	0.9783	2.174
1983	0.4461	0.9717	2.832
1984	0.4411	0.9744	2.565
1985	0.4389	0.9748	2.524
1986	0.4416	0.9739	2.614
1987	0.4442	0.9727	2.734
1988	0.4432	0.9733	2.673
1989	0.4406	0.9743	2.570
1990	0.4464	0.9723	2.775
1991	0.4431	0.9729	2.707
1992	0.4416	0.9737	2.632
1993	0.4464	0.9723	2.775
1994	0.4452	0.9723	2.767
1995	0.4456	0.9722	2.783
1996	0.4431	0.9732	2.681
1997	0.4434	0.9733	2.669
1998	0.4440	0.9727	2.726
1999	0.4377	0.9752	2.483
