0	0.4409	0.9739	2.614
1	0.4398	0.9750	2.504
2	0.4452	0.9720	2.796
3	0.4418	0.9738	2.625
4	0.4301	0.9790	2.103
5	0.4442	0.9727	2.727
6	0.4444	0.9722	2.777
7	0.4460	0.9718	2.820
8	0.4467	0.9717	2.829
9	0.4456	0.9721	2.789
10	0.4467	0.9715	2.853
11	0.4406	0.9740	2.597
12	0.4458	0.9720	2.803
13	0.4423	0.9733	2.670
14	0.4394	0.9750	2.501
15	0.4339	0.9772	2.281
16	0.4441	0.9728	2.722
17	0.4299	0.9793	2.072
18	0.4454	0.9724	2.758
19	0.4431	0.9733	2.673
20	0.4449	0.9727	2.730
21	0.4460	0.9718	2.823
22	0.4408	0.9746	2.541
23	0.4300	0.9790	2.104
24	0.4467	0.9717	2.831
25	0.4463	0.9722	2.775
26	0.4361	0.9759	2.410
27	0.4313	0.9783	2.166
28	0.4448	0.9725	2.748
29	0.4382	0.9754	2.455
30	0.4445	0.9729	2.711
31	0.4440	0.9726	2.743
32	0.4427	0.9734	2.661
33	0.4457	0.9720	2.797
34	0.4397	0.9750	2.504
35	0.4433	0.9727	2.726
36	0.4447	0.9720	2.795
37	0.4339	0.9772	2.280
38	0.4396	0.9744	2.555
39	0.4359	0.9763	2.375
40	0.4451	0.9726	2.736
41	0.4422	0.9733	2.669
42	0.4458	0.9719	2.805
43	0.4429	0.9729	2.711
44	0.4455	0.9722	2.784
45	0.4456	0.9721	2.791
46	0.4438	0.9729	2.706
47	0.4282	0.9800	2.001
48	0.4451	0.9723	2.774
49	0.4430	0.9732	2.681
50	0.4434	0.9733	2.672
51	0.4430	0.9729	2.708
52	0.4442	0.9725	2.746
53	0.4436	0.9731	2.686
54	0.4390	0.9746	2.537
55	0.4407	0.9744	2.564
56	0.4301	0.9792	2.082
57	0.4466	0.9715	2.853
58	0.4427	0.9736	2.640
59	0.4376	0.9752	2.482
60	0.4437	0.9729	2.711
61	0.4451	0.9723	2.766
62	0.4460	0.9717	2.832
63	0.4473	0.9713	2.866
64	0.4431	0.9733	2.666
65	0.4376	0.9752	2.484
66	0.4299	0.9795	2.052
67	0.4439	0.9728	2.724
68	0.4450	0.9724	2.761
69	0.4462	0.9722	2.777
70	0.4438	0.9732	2.678
71	0.4476	0.9710	2.899
72	0.4454	0.9724	2.760
73	0.4460	0.9720	2.804
74	0.4465	0.9714	2.860
75	0.4401	0.9740	2.597
76	0.4434	0.9730	2.701
77	0.4445	0.9726	2.739
78	0.4405	0.9743	2.568
79	0.4433	0.9728	2.715
80	0.4439	0.9727	2.727
81	0.4440	0.9730	2.699
82	0.4449	0.9727	2.731
83	0.4455	0.9722	2.783
84	0.4395	0.9746	2.543
85	0.4450	0.9724	2.758
86	0.4389	0.9747	2.531
87	0.4404	0.9744	2.559
88	0.4431	0.9732	2.685
89	0.4451	0.9720	2.795
90	0.4422	0.9733	2.669
91	0.4321	0.9778	2.224
92	0.4414	0.9739	2.610
93	0.4468	0.9716	2.840
94	0.4449	0.9726	2.737
95	0.4416	0.9737	2.627
96	0.4414	0.9737	2.632
97	0.4458	0.9721	2.795
98	0.4450	0.9726	2.743
99	0.4387	0.9748	2.523
100	0.4441	0.9728	2.717
101	0.4391	0.9745	2.550
102	0.4442	0.9722	2.778
103	0.4434	0.9726	2.736
104	0.4467	0.9715	2.848
105	0.4405	0.9740	2.599
106	0.4456	0.9722	2.777
107	0.4409	0.9744	2.565
108	0.4325	0.9783	2.173
109	0.4441	0.9727	2.727
110	0.4447	0.9723	2.774
111	0.4416	0.9737	2.627
112	0.4407	0.9739	2.614
113	0.4440	0.9727	2.734
114	0.4438	0.9730	2.696
115	0.4418	0.9736	2.643
116	0.4392	0.9750	2.504
117	0.4450	0.9726	2.737
118	0.4433	0.9733	2.671
119	0.4458	0.9720	2.797
120	0.4455	0.9721	2.790
121	0.4465	0.9715	2.855
122	0.4476	0.9710	2.900
123	0.4448	0.9726	2.736
124	0.4380	0.9755	2.453
125	0.4435	0.9732	2.683
126	0.4415	0.9737	2.629
127	0.4441	0.9729	2.715
128	0.4392	0.9750	2.503
129	0.4456	0.9720	2.796
130	0.4456	0.9722	2.776
131	0.4359	0.9759	2.411
132	0.4395	0.9745	2.554
133	0.4321	0.9778	2.223
134	0.4441	0.9725	2.746
135	0.4459	0.9717	2.832
136	0.4425	0.9734	2.662
137	0.4429	0.9732	2.681
138	0.4418	0.9736	2.643
139	0.4421	0.9733	2.669
140	0.4442	0.9722	2.778
141	0.4297	0.9793	2.073
142	0.4464	0.9714	2.858
143	0.4324	0.9783	2.175
144	0.4337	0.9772	2.281
145	0.4450	0.9723	2.765
146	0.4298	0.9790	2.102
147	0.4449	0.9724	2.762
148	0.4466	0.9715	2.853
149	0.4461	0.9722	2.779
150	0.4299	0.9792	2.080
151	0.4280	0.9800	2.003
152	0.4390	0.9745	2.553
153	0.4467	0.9716	2.838
154	0.4446	0.9725	2.749
155	0.4430	0.9731	2.691
156	0.4458	0.9717	2.825
157	0.4456	0.9719	2.806
158	0.4427	0.9729	2.715
159	0.4448	0.9726	2.737
160	0.4375	0.9752	2.482
161	0.4429	0.9733	2.674
162	0.4409	0.9744	2.563
163	0.4444	0.9726	2.741
164	0.4453	0.9722	2.783
165	0.4443	0.9729	2.713
166	0.4433	0.9726	2.739
167	0.4399	0.9740	2.599
168	0.4471	0.9713	2.870
169	0.4387	0.9747	2.529
170	0.4415	0.9737	2.628
171	0.4425	0.9736	2.638
172	0.4449	0.9724	2.764
173	0.4431	0.9727	2.730
174	0.4440	0.9728	2.725
175	0.4297	0.9795	2.051
176	0.4439	0.9726	2.739
177	0.4454	0.9721	2.787
178	0.4429	0.9733	2.669
179	0.4405	0.9744	2.564
180	0.4464	0.9717	2.831
181	0.4356	0.9762	2.376
182	0.4432	0.9730	2.703
183	0.4374	0.9752	2.483
184	0.4447	0.9727	2.727
185	0.4435	0.9729	2.706
186	0.4458	0.9720	2.802
187	0.4402	0.9744	2.559
188	0.4403	0.9743	2.571
189	0.4435	0.9729	2.708
190	0.4448	0.9723	2.774
191	0.4439	0.9730	2.699
192	0.4406	0.9739	2.614
193	0.4412	0.9739	2.612
194	0.4421	0.9733	2.669
195	0.4437	0.9726	2.743
196	0.4451	0.9724	2.757
197	0.4403	0.9740	2.600
198	0.4438	0.9728	2.722
199	0.4449	0.9720	2.796
200	0.4461	0.9722	2.776
201	0.4448	0.9726	2.742
202	0.4445	0.9723	2.772
203	0.4436	0.9732	2.676
204	0.4452	0.9724	2.760
205	0.4311	0.9783	2.166
206	0.4444	0.9721	2.794
207	0.4386	0.9748	2.524
208	0.4437	0.9730	2.695
209	0.4437	0.9728	2.722
210	0.4437	0.9727	2.726
211	0.4412	0.9737	2.632
212	0.4428	0.9729	2.707
213	0.4393	0.9746	2.541
214	0.4431	0.9729	2.715
215	0.4395	0.9750	2.504
216	0.4405	0.9746	2.540
217	0.4388	0.9746	2.536
218	0.4445	0.9723	2.774
219	0.4395	0.9750	2.504
220	0.4437	0.9727	2.726
221	0.4446	0.9727	2.727
222	0.4426	0.9729	2.709
223	0.4453	0.9721	2.788
224	0.4451	0.9724	2.755
225	0.4463	0.9715	2.854
226	0.4420	0.9733	2.669
227	0.4451	0.9724	2.760
228	0.4379	0.9755	2.451
229	0.4310	0.9783	2.166
230	0.4432	0.9730	2.700
231	0.4453	0.9722	2.781
232	0.4449	0.9720	2.795
233	0.4402	0.9744	2.557
234	0.4445	0.9726	2.742
235	0.4405	0.9746	2.541
236	0.4435	0.9730	2.704
237	0.4435	0.9733	2.674
238	0.4428	0.9733	2.675
239	0.4460	0.9723	2.772
240	0.4443	0.9726	2.735
241	0.4457	0.9720	2.800
242	0.4451	0.9721	2.785
243	0.4441	0.9729	2.710
244	0.4456	0.9721	2.794
245	0.4297	0.9790	2.103
246	0.4323	0.9782	2.177
247	0.4439	0.9726	2.743
248	0.4298	0.9792	2.082
249	0.4460	0.9722	2.778
250	0.4439	0.9728	2.717
251	0.4398	0.9740	2.598
252	0.4455	0.9720	2.803
253	0.4416	0.9736	2.641
254	0.4438	0.9727	2.734
255	0.4443	0.9721	2.794
256	0.4279	0.9800	2.001
257	0.4355	0.9763	2.372
258	0.4403	0.9740	2.600
259	0.4393	0.9745	2.554
260	0.4373	0.9752	2.482
261	0.4446	0.9727	2.734
262	0.4295	0.9793	2.072
263	0.4473	0.9710	2.899
264	0.4436	0.9725	2.745
265	0.4387	0.9746	2.537
266	0.4407	0.9744	2.563
267	0.4448	0.9723	2.766
268	0.4438	0.9727	2.727
269	0.4463	0.9717	2.831
270	0.4431	0.9726	2.737
271	0.4427	0.9729	2.708
272	0.4446	0.9726	2.737
273	0.4386	0.9747	2.529
274	0.4427	0.9732	2.681
275	0.4447	0.9726	2.741
276	0.4373	0.9752	2.483
277	0.4430	0.9733	2.670
278	0.4447	0.9723	2.773
279	0.4464	0.9715	2.850
280	0.4392	0.9746	2.541
281	0.4454	0.9720	2.798
282	0.4389	0.9745	2.551
283	0.4462	0.9714	2.859
284	0.4432	0.9732	2.684
285	0.4429	0.9727	2.726
286	0.4413	0.9737	2.626
287	0.4429	0.9729	2.714
288	0.4447	0.9724	2.759
289	0.4411	0.9737	2.632
290	0.4405	0.9739	2.613
291	0.4402	0.9743	2.565
292	0.4357	0.9759	2.409
293	0.4423	0.9736	2.642
294	0.4423	0.9734	2.661
295	0.4447	0.9727	2.734
296	0.4437	0.9728	2.722
297	0.4389	0.9750	2.502
298	0.4437	0.9730	2.699
299	0.4384	0.9748	2.525
300	0.4447	0.9724	2.758
301	0.4440	0.9722	2.778
302	0.4411	0.9739	2.610
303	0.4435	0.9730	2.696
304	0.4436	0.9728	2.721
305	0.4464	0.9716	2.840
306	0.4335	0.9772	2.280
307	0.4427	0.9731	2.686
308	0.4427	0.9733	2.668
309	0.4418	0.9733	2.669
310	0.4469	0.9714	2.861
311	0.4453	0.9722	2.777
312	0.4457	0.9717	2.831
313	0.4403	0.9744	2.564
314	0.4318	0.9778	2.223
315	0.4433	0.9729	2.707
316	0.4455	0.9718	2.823
317	0.4412	0.9737	2.631
318	0.4295	0.9795	2.052
319	0.4404	0.9738	2.615
320	0.4400	0.9744	2.559
321	0.4452	0.9721	2.786
322	0.4450	0.9722	2.783
323	0.4461	0.9714	2.859
324	0.4335	0.9772	2.281
325	0.4423	0.9736	2.638
326	0.4410	0.9739	2.613
327	0.4393	0.9750	2.504
328	0.4419	0.9733	2.670
329	0.4443	0.9723	2.774
330	0.4464	0.9716	2.840
331	0.4425	0.9729	2.710
332	0.4437	0.9727	2.727
333	0.4446	0.9724	2.757
334	0.4443	0.9726	2.742
335	0.4435	0.9728	2.720
336	0.4445	0.9727	2.729
337	0.4427	0.9732	2.679
338	0.4410	0.9737	2.630
339	0.4427	0.9733	2.665
340	0.4434	0.9733	2.675
341	0.4429	0.9727	2.726
342	0.4453	0.9722	2.777
343	0.4446	0.9726	2.743
344	0.4462	0.9715	2.853
345	0.4372	0.9752	2.484
346	0.4356	0.9759	2.410
347	0.4435	0.9731	2.695
348	0.4449	0.9724	2.760
349	0.4295	0.9795	2.051
350	0.4354	0.9763	2.372
351	0.4412	0.9737	2.627
352	0.4439	0.9722	2.778
353	0.4446	0.9724	2.761
354	0.4472	0.9710	2.899
355	0.4377	0.9755	2.454
356	0.4453	0.9720	2.798
357	0.4455	0.9718	2.820
358	0.4389	0.9750	2.502
359	0.4425	0.9732	2.682
360	0.4385	0.9747	2.531
361	0.4277	0.9800	2.001
362	0.4453	0.9719	2.805
363	0.4445	0.9726	2.738
364	0.4383	0.9748	2.524
365	0.4387	0.9745	2.551
366	0.4463	0.9715	2.850
367	0.4422	0.9734	2.661
368	0.4431	0.9731	2.686
369	0.4433	0.9729	2.705
370	0.4434	0.9727	2.726
371	0.4456	0.9717	2.831
372	0.4449	0.9724	2.758
373	0.4385	0.9746	2.537
374	0.4403	0.9746	2.540
375	0.4400	0.9743	2.566
376	0.4437	0.9728	2.716
377	0.4429	0.9730	2.702
378	0.4454	0.9721	2.795
379	0.4455	0.9720	2.802
380	0.4390	0.9746	2.542
381	0.4425	0.9729	2.708
382	0.4446	0.9727	2.734
383	0.4439	0.9729	2.709
384	0.4458	0.9722	2.776
385	0.4372	0.9751	2.485
386	0.4430	0.9726	2.737
387	0.4402	0.9744	2.562
388	0.4436	0.9730	2.700
389	0.4443	0.9727	2.726
390	0.4432	0.9729	2.708
391	0.4441	0.9720	2.795
392	0.4450	0.9721	2.789
393	0.4436	0.9727	2.732
394	0.4296	0.9792	2.080
395	0.4428	0.9729	2.714
396	0.4461	0.9717	2.830
397	0.4428	0.9733	2.670
398	0.4295	0.9790	2.104
399	0.4446	0.9723	2.766
400	0.4445	0.9723	2.772
401	0.4440	0.9726	2.739
402	0.4436	0.9726	2.743
403	0.4425	0.9733	2.674
404	0.4446	0.9720	2.796
405	0.4468	0.9714	2.859
406	0.4458	0.9722	2.777
407	0.4391	0.9745	2.551
408	0.4414	0.9736	2.640
409	0.4293	0.9793	2.072
410	0.4434	0.9726	2.743
411	0.4396	0.9740	2.596
412	0.4435	0.9728	2.724
413	0.4320	0.9783	2.175
414	0.4400	0.9740	2.600
415	0.4411	0.9736	2.636
416	0.4417	0.9733	2.668
417	0.4316	0.9778	2.221
418	0.4307	0.9784	2.161
419	0.4405	0.9743	2.566
420	0.4409	0.9737	2.633
421	0.4392	0.9749	2.505
422	0.4462	0.9715	2.852
423	0.4452	0.9720	2.801
424	0.4445	0.9726	2.743
425	0.4423	0.9729	2.712
426	0.4400	0.9740	2.600
427	0.4391	0.9744	2.556
428	0.4430	0.9731	2.686
429	0.4450	0.9721	2.793
430	0.4411	0.9737	2.632
431	0.4428	0.9733	2.672
432	0.4448	0.9724	2.760
433	0.4444	0.9726	2.738
434	0.4434	0.9726	2.745
435	0.4449	0.9722	2.784
436	0.4454	0.9720	2.804
437	0.4433	0.9731	2.695
438	0.4435	0.9728	2.725
439	0.4386	0.9745	2.551
440	0.4416	0.9733	2.667
441	0.4427	0.9729	2.714
442	0.4463	0.9716	2.842
443	0.4436	0.9725	2.745
444	0.4424	0.9729	2.707
445	0.4402	0.9746	2.540
446	0.4471	0.9710	2.901
447	0.4387	0.9750	2.504
448	0.4454	0.9717	2.832
449	0.4370	0.9752	2.484
450	0.4421	0.9736	2.638
451	0.4429	0.9726	2.737
452	0.4411	0.9737	2.626
453	0.4354	0.9759	2.409
454	0.4425	0.9734	2.665
455	0.4382	0.9748	2.525
456	0.4435	0.9727	2.734
457	0.4401	0.9744	2.563
458	0.4447	0.9724	2.758
459	0.4384	0.9746	2.537
460	0.4398	0.9744	2.559
461	0.4451	0.9722	2.778
462	0.4425	0.9731	2.688
463	0.4445	0.9723	2.766
464	0.4370	0.9752	2.483
465	0.4307	0.9784	2.165
466	0.4315	0.9778	2.221
467	0.4442	0.9725	2.748
468	0.4295	0.9792	2.081
469	0.4445	0.9723	2.767
470	0.4444	0.9724	2.763
471	0.4439	0.9726	2.741
472	0.4420	0.9734	2.663
473	0.4445	0.9720	2.800
474	0.4460	0.9717	2.830
475	0.4431	0.9729	2.710
476	0.4408	0.9739	2.614
477	0.4459	0.9714	2.857
478	0.4456	0.9722	2.777
479	0.4293	0.9795	2.051
480	0.4319	0.9782	2.176
481	0.4332	0.9772	2.280
482	0.4451	0.9720	2.805
483	0.4435	0.9728	2.723
484	0.4434	0.9730	2.699
485	0.4441	0.9722	2.776
486	0.4412	0.9736	2.643
487	0.4402	0.9739	2.614
488	0.4440	0.9720	2.800
489	0.4444	0.9722	2.778
490	0.4457	0.9722	2.776
491	0.4433	0.9728	2.723
492	0.4416	0.9733	2.668
493	0.4431	0.9729	2.706
494	0.4375	0.9754	2.457
495	0.4293	0.9790	2.102
496	0.4275	0.9800	2.003
497	0.4394	0.9740	2.600
498	0.4423	0.9732	2.683
499	0.4352	0.9762	2.378
500	0.4435	0.9728	2.722
501	0.4432	0.9727	2.726
502	0.4388	0.9746	2.541
503	0.4399	0.9743	2.572
504	0.4449	0.9721	2.787
505	0.4291	0.9793	2.072
506	0.4444	0.9726	2.736
507	0.4442	0.9727	2.727
508	0.4443	0.9726	2.737
509	0.4438	0.9729	2.712
510	0.4436	0.9722	2.777
511	0.4426	0.9727	2.731
512	0.4424	0.9733	2.673
513	0.4382	0.9747	2.531
514	0.4452	0.9720	2.796
515	0.4403	0.9744	2.564
516	0.4427	0.9730	2.701
517	0.4459	0.9715	2.854
518	0.4431	0.9732	2.676
519	0.4452	0.9718	2.823
520	0.4466	0.9714	2.862
521	0.4450	0.9722	2.777
522	0.4370	0.9752	2.482
523	0.4444	0.9724	2.759
524	0.4441	0.9727	2.730
525	0.4451	0.9720	2.804
526	0.4383	0.9746	2.537
527	0.4444	0.9726	2.742
528	0.4415	0.9733	2.668
529	0.4444	0.9726	2.735
530	0.4432	0.9731	2.695
531	0.4435	0.9726	2.743
532	0.4460	0.9715	2.849
533	0.4448	0.9721	2.790
534	0.4315	0.9778	2.222
535	0.4423	0.9732	2.681
536	0.4369	0.9752	2.482
537	0.4423	0.9733	2.673
538	0.4353	0.9759	2.408
539	0.4382	0.9747	2.529
540	0.4434	0.9727	2.727
541	0.4398	0.9740	2.600
542	0.4456	0.9722	2.775
543	0.4433	0.9730	2.698
544	0.4374	0.9754	2.455
545	0.4434	0.9728	2.716
546	0.4421	0.9729	2.710
547	0.4451	0.9721	2.794
548	0.4274	0.9800	2.001
549	0.4407	0.9737	2.632
550	0.4331	0.9772	2.280
551	0.4437	0.9729	2.712
552	0.4393	0.9740	2.598
553	0.4398	0.9743	2.569
554	0.4430	0.9729	2.705
555	0.4432	0.9727	2.726
556	0.4459	0.9717	2.830
557	0.4453	0.9717	2.831
558	0.4351	0.9763	2.374
559	0.4425	0.9729	2.714
560	0.4415	0.9733	2.669
561	0.4318	0.9782	2.176
562	0.4385	0.9750	2.501
563	0.4438	0.9726	2.741
564	0.4439	0.9720	2.801
565	0.4436	0.9722	2.777
566	0.4408	0.9736	2.636
567	0.4444	0.9720	2.802
568	0.4389	0.9750	2.505
569	0.4447	0.9722	2.783
570	0.4469	0.9710	2.899
571	0.4442	0.9727	2.735
572	0.4426	0.9730	2.702
573	0.4384	0.9745	2.550
574	0.4292	0.9790	2.102
575	0.4461	0.9716	2.840
576	0.4400	0.9738	2.615
577	0.4426	0.9733	2.672
578	0.4380	0.9748	2.524
579	0.4427	0.9726	2.738
580	0.4293	0.9792	2.080
581	0.4428	0.9731	2.689
582	0.4449	0.9720	2.801
583	0.4409	0.9737	2.629
584	0.4433	0.9726	2.737
585	0.4451	0.9718	2.824
586	0.4430	0.9732	2.677
587	0.4387	0.9746	2.539
588	0.4441	0.9726	2.737
589	0.4440	0.9725	2.746
590	0.4448	0.9721	2.785
591	0.4419	0.9736	2.638
592	0.4457	0.9714	2.859
593	0.4443	0.9724	2.761
594	0.4431	0.9726	2.742
595	0.4423	0.9733	2.665
596	0.4425	0.9728	2.725
597	0.4452	0.9720	2.802
598	0.4432	0.9728	2.722
599	0.4291	0.9795	2.052
600	0.4406	0.9739	2.611
601	0.4458	0.9715	2.853
602	0.4423	0.9732	2.684
603	0.4418	0.9734	2.660
604	0.4399	0.9744	2.562
605	0.4443	0.9723	2.767
606	0.4400	0.9746	2.540
607	0.4465	0.9714	2.858
608	0.4422	0.9729	2.708
609	0.4290	0.9793	2.072
610	0.4388	0.9745	2.553
611	0.4429	0.9729	2.706
612	0.4304	0.9783	2.165
613	0.4431	0.9728	2.722
614	0.4402	0.9744	2.564
615	0.4445	0.9724	2.757
616	0.4439	0.9723	2.774
617	0.4445	0.9724	2.759
618	0.4396	0.9744	2.558
619	0.4411	0.9736	2.641
620	0.4454	0.9722	2.776
621	0.4442	0.9723	2.770
622	0.4431	0.9727	2.726
623	0.4392	0.9740	2.598
624	0.4382	0.9746	2.537
625	0.4426	0.9730	2.702
626	0.4464	0.9714	2.862
627	0.4436	0.9729	2.711
628	0.4423	0.9732	2.685
629	0.4437	0.9726	2.739
630	0.4449	0.9720	2.805
631	0.4384	0.9750	2.502
632	0.4418	0.9734	2.660
633	0.4446	0.9722	2.782
634	0.4386	0.9746	2.541
635	0.4422	0.9733	2.673
636	0.4380	0.9747	2.530
637	0.4433	0.9726	2.744
638	0.4445	0.9724	2.758
639	0.4388	0.9750	2.503
640	0.4442	0.9724	2.758
641	0.4432	0.9727	2.733
642	0.4439	0.9723	2.772
643	0.4457	0.9717	2.828
644	0.4373	0.9755	2.452
645	0.4427	0.9732	2.680
646	0.4367	0.9752	2.482
647	0.4450	0.9718	2.818
648	0.4448	0.9723	2.775
649	0.4432	0.9728	2.721
650	0.4430	0.9726	2.743
651	0.4398	0.9744	2.559
652	0.4439	0.9727	2.727
653	0.4413	0.9733	2.668
654	0.4442	0.9723	2.769
655	0.4420	0.9729	2.708
656	0.4448	0.9720	2.795
657	0.4418	0.9736	2.643
658	0.4446	0.9721	2.787
659	0.4395	0.9744	2.556
660	0.4453	0.9723	2.771
661	0.4459	0.9716	2.840
662	0.4437	0.9721	2.791
663	0.4429	0.9733	2.673
664	0.4313	0.9778	2.224
665	0.4457	0.9715	2.852
666	0.4428	0.9729	2.709
667	0.4421	0.9729	2.707
668	0.4426	0.9727	2.731
669	0.4458	0.9715	2.849
670	0.4406	0.9737	2.631
671	0.4351	0.9759	2.409
672	0.4467	0.9710	2.900
673	0.4441	0.9726	2.743
674	0.4387	0.9745	2.551
675	0.4304	0.9783	2.165
676	0.4438	0.9726	2.743
677	0.4451	0.9717	2.830
678	0.4272	0.9800	2.000
679	0.4446	0.9722	2.782
680	0.4407	0.9737	2.628
681	0.4383	0.9745	2.552
682	0.4441	0.9724	2.757
683	0.4431	0.9730	2.699
684	0.4396	0.9744	2.564
685	0.4441	0.9723	2.768
686	0.4450	0.9720	2.800
687	0.4440	0.9726	2.736
688	0.4410	0.9736	2.641
689	0.4432	0.9728	2.717
690	0.4289	0.9793	2.071
691	0.4349	0.9763	2.370
692	0.4449	0.9721	2.795
693	0.4423	0.9728	2.715
694	0.4291	0.9792	2.080
695	0.4444	0.9724	2.759
696	0.4442	0.9720	2.795
697	0.4424	0.9733	2.671
698	0.4367	0.9752	2.481
699	0.4378	0.9748	2.524
700	0.4316	0.9782	2.176
701	0.4428	0.9730	2.705
702	0.4453	0.9722	2.776
703	0.4290	0.9790	2.102
704	0.4440	0.9726	2.736
705	0.4413	0.9733	2.667
706	0.4430	0.9728	2.723
707	0.4398	0.9746	2.543
708	0.4329	0.9772	2.279
709	0.4432	0.9727	2.725
710	0.4455	0.9714	2.857
711	0.4398	0.9739	2.614
712	0.4441	0.9726	2.737
713	0.4289	0.9795	2.051
714	0.4421	0.9733	2.669
715	0.4407	0.9737	2.627
716	0.4423	0.9727	2.730
717	0.4433	0.9722	2.777
718	0.4405	0.9739	2.613
719	0.4420	0.9732	2.681
720	0.4396	0.9740	2.599
721	0.4429	0.9730	2.697
722	0.4400	0.9744	2.563
723	0.4386	0.9745	2.554
724	0.4432	0.9726	2.745
725	0.4444	0.9724	2.758
726	0.4440	0.9727	2.733
727	0.4453	0.9722	2.775
728	0.4385	0.9746	2.540
729	0.4440	0.9723	2.770
730	0.4312	0.9778	2.222
731	0.4429	0.9726	2.743
732	0.4445	0.9721	2.789
733	0.4432	0.9728	2.715
734	0.4425	0.9726	2.735
735	0.4429	0.9727	2.725
736	0.4366	0.9752	2.481
737	0.4394	0.9744	2.558
738	0.4412	0.9733	2.669
739	0.4445	0.9722	2.783
740	0.4441	0.9724	2.759
741	0.4398	0.9739	2.611
742	0.4443	0.9724	2.756
743	0.4380	0.9746	2.536
744	0.4391	0.9740	2.597
745	0.4400	0.9743	2.566
746	0.4441	0.9726	2.735
747	0.4457	0.9715	2.848
748	0.4426	0.9732	2.682
749	0.4289	0.9790	2.102
750	0.4406	0.9737	2.630
751	0.4449	0.9718	2.822
752	0.4447	0.9720	2.804
753	0.4427	0.9730	2.705
754	0.4441	0.9720	2.795
755	0.4437	0.9723	2.773
756	0.4439	0.9726	2.736
757	0.4423	0.9733	2.670
758	0.4462	0.9714	2.859
759	0.4348	0.9763	2.370
760	0.4408	0.9736	2.640
761	0.4350	0.9759	2.410
762	0.4431	0.9727	2.727
763	0.4366	0.9752	2.481
764	0.4436	0.9720	2.795
765	0.4395	0.9740	2.598
766	0.4422	0.9729	2.714
767	0.4422	0.9727	2.730
768	0.4371	0.9754	2.457
769	0.4433	0.9722	2.775
770	0.4378	0.9747	2.530
771	0.4438	0.9727	2.729
772	0.4458	0.9716	2.840
773	0.4314	0.9782	2.176
774	0.4386	0.9750	2.503
775	0.4449	0.9720	2.804
776	0.4302	0.9784	2.164
777	0.4412	0.9733	2.670
778	0.4420	0.9733	2.669
779	0.4404	0.9739	2.614
780	0.4420	0.9733	2.673
781	0.4423	0.9730	2.700
782	0.4440	0.9726	2.742
783	0.4415	0.9734	2.661
784	0.4328	0.9772	2.281
785	0.4430	0.9727	2.728
786	0.4454	0.9714	2.858
787	0.4418	0.9729	2.711
788	0.4455	0.9715	2.855
789	0.4419	0.9729	2.707
790	0.4290	0.9792	2.080
791	0.4381	0.9745	2.550
792	0.4416	0.9736	2.639
793	0.4288	0.9795	2.051
794	0.4440	0.9724	2.763
795	0.4419	0.9732	2.682
796	0.4406	0.9737	2.627
797	0.4465	0.9710	2.898
798	0.4427	0.9732	2.677
799	0.4434	0.9726	2.738
800	0.4446	0.9722	2.778
801	0.4446	0.9720	2.800
802	0.4394	0.9743	2.568
803	0.4420	0.9731	2.685
804	0.4437	0.9725	2.747
805	0.4397	0.9746	2.540
806	0.4433	0.9729	2.710
807	0.4429	0.9727	2.732
808	0.4382	0.9750	2.503
809	0.4452	0.9722	2.775
810	0.4447	0.9721	2.794
811	0.4428	0.9728	2.720
812	0.4377	0.9748	2.524
813	0.4426	0.9729	2.706
814	0.4287	0.9793	2.072
815	0.4403	0.9737	2.632
816	0.4455	0.9717	2.830
817	0.4427	0.9731	2.693
818	0.4270	0.9800	2.000
819	0.4443	0.9722	2.783
820	0.4429	0.9730	2.699
821	0.4396	0.9744	2.561
822	0.4439	0.9724	2.765
823	0.4449	0.9717	2.831
824	0.4439	0.9724	2.757
825	0.4417	0.9729	2.708
826	0.4437	0.9727	2.727
827	0.4376	0.9748	2.523
828	0.4423	0.9730	2.701
829	0.4453	0.9714	2.860
830	0.4438	0.9726	2.736
831	0.4365	0.9752	2.481
832	0.4427	0.9731	2.694
833	0.4435	0.9720	2.795
834	0.4448	0.9718	2.823
835	0.4314	0.9783	2.174
836	0.4383	0.9746	2.541
837	0.4370	0.9754	2.457
838	0.4393	0.9744	2.559
839	0.4442	0.9724	2.760
840	0.4451	0.9723	2.775
841	0.4448	0.9720	2.802
842	0.4377	0.9747	2.528
843	0.4429	0.9727	2.727
844	0.4394	0.9740	2.598
845	0.4288	0.9790	2.103
846	0.4428	0.9725	2.746
847	0.4423	0.9726	2.736
848	0.4444	0.9721	2.787
849	0.4418	0.9729	2.706
850	0.4433	0.9729	2.711
851	0.4289	0.9792	2.080
852	0.4395	0.9744	2.565
853	0.4424	0.9731	2.687
854	0.4287	0.9795	2.051
855	0.4421	0.9728	2.717
856	0.4419	0.9733	2.673
857	0.4405	0.9737	2.628
858	0.4429	0.9730	2.700
859	0.4398	0.9744	2.563
860	0.4438	0.9727	2.733
861	0.4443	0.9721	2.791
862	0.4430	0.9726	2.744
863	0.4439	0.9723	2.766
864	0.4461	0.9714	2.859
865	0.4389	0.9740	2.596
866	0.4442	0.9724	2.759
867	0.4429	0.9727	2.731
868	0.4393	0.9743	2.565
869	0.4346	0.9763	2.371
870	0.4326	0.9772	2.279
871	0.4348	0.9759	2.407
872	0.4410	0.9733	2.668
873	0.4309	0.9778	2.221
874	0.4431	0.9723	2.774
875	0.4445	0.9719	2.807
876	0.4435	0.9725	2.745
877	0.4439	0.9720	2.796
878	0.4396	0.9739	2.615
879	0.4385	0.9750	2.502
880	0.4446	0.9721	2.793
881	0.4407	0.9736	2.642
882	0.4439	0.9726	2.736
883	0.4429	0.9728	2.715
884	0.4380	0.9745	2.551
885	0.4300	0.9783	2.165
886	0.4450	0.9722	2.776
887	0.4402	0.9737	2.633
888	0.4456	0.9716	2.840
889	0.4427	0.9728	2.721
890	0.4418	0.9734	2.665
891	0.4442	0.9722	2.782
892	0.4420	0.9727	2.726
893	0.4410	0.9733	2.669
894	0.4414	0.9736	2.641
895	0.4364	0.9752	2.482
896	0.4435	0.9723	2.773
897	0.4286	0.9793	2.072
898	0.4269	0.9800	2.000
899	0.4464	0.9710	2.901
900	0.4424	0.9729	2.705
901	0.4433	0.9726	2.739
902	0.4455	0.9715	2.848
903	0.4403	0.9737	2.631
904	0.4426	0.9727	2.725
905	0.4395	0.9746	2.541
906	0.4444	0.9720	2.795
907	0.4444	0.9723	2.774
908	0.4448	0.9717	2.829
909	0.4438	0.9726	2.742
910	0.4453	0.9715	2.853
911	0.4438	0.9723	2.769
912	0.4383	0.9745	2.553
913	0.4453	0.9717	2.829
914	0.4425	0.9729	2.705
915	0.4429	0.9727	2.725
916	0.4417	0.9732	2.681
917	0.4380	0.9750	2.500
918	0.4438	0.9724	2.758
919	0.4413	0.9734	2.660
920	0.4421	0.9733	2.670
921	0.4418	0.9732	2.685
922	0.4401	0.9739	2.611
923	0.4425	0.9732	2.677
924	0.4377	0.9747	2.533
925	0.4420	0.9727	2.726
926	0.4438	0.9723	2.767
927	0.4435	0.9726	2.744
928	0.4368	0.9755	2.453
929	0.4433	0.9721	2.795
930	0.4422	0.9727	2.734
931	0.4441	0.9724	2.758
932	0.4418	0.9731	2.686
933	0.4417	0.9732	2.680
934	0.4437	0.9726	2.742
935	0.4438	0.9724	2.757
936	0.4435	0.9727	2.727
937	0.4438	0.9727	2.734
938	0.4460	0.9714	2.857
939	0.4452	0.9714	2.859
940	0.4437	0.9725	2.754
941	0.4445	0.9721	2.793
942	0.4376	0.9747	2.530
943	0.4450	0.9722	2.777
944	0.4401	0.9739	2.609
945	0.4312	0.9782	2.176
946	0.4463	0.9710	2.898
947	0.4424	0.9729	2.710
948	0.4406	0.9736	2.640
949	0.4432	0.9726	2.735
950	0.4423	0.9732	2.681
951	0.4308	0.9778	2.221
952	0.4384	0.9750	2.503
953	0.4444	0.9721	2.794
954	0.4428	0.9727	2.726
955	0.4268	0.9800	2.000
956	0.4394	0.9744	2.560
957	0.4417	0.9733	2.674
958	0.4440	0.9725	2.755
959	0.4375	0.9748	2.521
960	0.4286	0.9790	2.102
961	0.4455	0.9716	2.840
962	0.4446	0.9720	2.800
963	0.4426	0.9726	2.743
964	0.4425	0.9731	2.694
965	0.4345	0.9763	2.370
966	0.4392	0.9740	2.598
967	0.4383	0.9745	2.550
968	0.4394	0.9739	2.614
969	0.4453	0.9717	2.830
970	0.4442	0.9721	2.790
971	0.4401	0.9737	2.631
972	0.4427	0.9727	2.734
973	0.4413	0.9736	2.640
974	0.4443	0.9723	2.774
975	0.4387	0.9740	2.597
976	0.4436	0.9726	2.736
977	0.4426	0.9728	2.721
978	0.4428	0.9726	2.744
979	0.4447	0.9717	2.829
980	0.4425	0.9727	2.726
981	0.4403	0.9738	2.625
982	0.4429	0.9722	2.778
983	0.4408	0.9733	2.667
984	0.4381	0.9746	2.540
985	0.4434	0.9723	2.773
986	0.4396	0.9743	2.567
987	0.4376	0.9747	2.533
988	0.4423	0.9730	2.703
989	0.4412	0.9734	2.658
990	0.4445	0.9718	2.817
991	0.4440	0.9722	2.783
992	0.4363	0.9752	2.483
993	0.4379	0.9750	2.501
994	0.4428	0.9728	2.715
995	0.4424	0.9732	2.677
996	0.4426	0.9728	2.722
997	0.4402	0.9737	2.629
998	0.4287	0.9792	2.079
999	0.4420	0.9730	2.701
1000	0.4346	0.9759	2.409
1001	0.4284	0.9793	2.071
1002	0.4285	0.9795	2.051
1003	0.4378	0.9745	2.551
1004	0.4444	0.9719	2.806
1005	0.4394	0.9746	2.544
1006	0.4298	0.9784	2.164
1007	0.4391	0.9743	2.572
1008	0.4430	0.9729	2.712
1009	0.4437	0.9720	2.799
1010	0.4436	0.9723	2.775
1011	0.4419	0.9728	2.716
1012	0.4452	0.9715	2.853
1013	0.4419	0.9733	2.673
1014	0.4409	0.9733	2.668
1015	0.4435	0.9727	2.734
1016	0.4416	0.9729	2.706
1017	0.4362	0.9752	2.483
1018	0.4426	0.9730	2.699
1019	0.4453	0.9715	2.848
1020	0.4448	0.9722	2.777
1021	0.4417	0.9734	2.664
1022	0.4390	0.9744	2.559
1023	0.4441	0.9722	2.782
1024	0.4324	0.9772	2.279
1025	0.4414	0.9729	2.708
1026	0.4408	0.9733	2.669
1027	0.4426	0.9730	2.699
1028	0.4393	0.9746	2.540
1029	0.4439	0.9724	2.757
1030	0.4404	0.9736	2.640
1031	0.4437	0.9721	2.794
1032	0.4452	0.9717	2.827
1033	0.4395	0.9743	2.567
1034	0.4386	0.9740	2.596
1035	0.4420	0.9727	2.733
1036	0.4400	0.9739	2.611
1037	0.4448	0.9722	2.776
1038	0.4448	0.9722	2.776
1039	0.4436	0.9723	2.766
1040	0.4389	0.9744	2.555
1041	0.4443	0.9720	2.799
1042	0.4423	0.9730	2.703
1043	0.4444	0.9721	2.793
1044	0.4392	0.9744	2.559
1045	0.4431	0.9727	2.735
1046	0.4427	0.9726	2.738
1047	0.4411	0.9734	2.664
1048	0.4361	0.9752	2.482
1049	0.4425	0.9728	2.717
1050	0.4415	0.9732	2.679
1051	0.4436	0.9723	2.769
1052	0.4344	0.9763	2.371
1053	0.4307	0.9778	2.222
1054	0.4444	0.9718	2.818
1055	0.4427	0.9728	2.715
1056	0.4374	0.9747	2.531
1057	0.4378	0.9750	2.501
1058	0.4310	0.9783	2.174
1059	0.4431	0.9720	2.796
1060	0.4438	0.9724	2.756
1061	0.4436	0.9726	2.737
1062	0.4414	0.9729	2.708
1063	0.4415	0.9729	2.706
1064	0.4390	0.9743	2.568
1065	0.4375	0.9746	2.536
1066	0.4366	0.9754	2.456
1067	0.4442	0.9720	2.798
1068	0.4424	0.9728	2.725
1069	0.4452	0.9715	2.847
1070	0.4429	0.9729	2.708
1071	0.4267	0.9800	1.999
1072	0.4402	0.9738	2.625
1073	0.4418	0.9733	2.669
1074	0.4435	0.9724	2.757
1075	0.4419	0.9730	2.700
1076	0.4439	0.9722	2.783
1077	0.4361	0.9752	2.480
1078	0.4286	0.9792	2.079
1079	0.4425	0.9728	2.724
1080	0.4416	0.9731	2.685
1081	0.4435	0.9726	2.741
1082	0.4450	0.9714	2.859
1083	0.4432	0.9723	2.773
1084	0.4440	0.9721	2.789
1085	0.4422	0.9729	2.708
1086	0.4390	0.9740	2.599
1087	0.4411	0.9736	2.641
1088	0.4424	0.9726	2.743
1089	0.4417	0.9728	2.725
1090	0.4381	0.9745	2.553
1091	0.4377	0.9745	2.550
1092	0.4284	0.9790	2.103
1093	0.4393	0.9739	2.613
1094	0.4423	0.9731	2.695
1095	0.4415	0.9733	2.666
1096	0.4382	0.9750	2.503
1097	0.4417	0.9729	2.714
1098	0.4433	0.9727	2.729
1099	0.4345	0.9759	2.409
1100	0.4406	0.9733	2.668
1101	0.4420	0.9731	2.685
1102	0.4461	0.9710	2.899
1103	0.4379	0.9746	2.539
1104	0.4453	0.9716	2.841
1105	0.4372	0.9748	2.524
1106	0.4457	0.9714	2.861
1107	0.4434	0.9727	2.730
1108	0.4434	0.9726	2.736
1109	0.4445	0.9717	2.829
1110	0.4432	0.9726	2.745
1111	0.4450	0.9715	2.854
1112	0.4399	0.9737	2.631
1113	0.4426	0.9727	2.726
1114	0.4440	0.9722	2.778
1115	0.4283	0.9793	2.070
1116	0.4427	0.9722	2.778
1117	0.4283	0.9795	2.052
1118	0.4435	0.9724	2.760
1119	0.4400	0.9737	2.631
1120	0.4441	0.9723	2.774
1121	0.4415	0.9733	2.674
1122	0.4422	0.9732	2.676
1123	0.4425	0.9727	2.733
1124	0.4323	0.9772	2.280
1125	0.4444	0.9720	2.803
1126	0.4297	0.9784	2.164
1127	0.4401	0.9738	2.625
1128	0.4394	0.9744	2.565
1129	0.4421	0.9730	2.704
1130	0.4442	0.9719	2.805
1131	0.4457	0.9714	2.862
1132	0.4361	0.9752	2.481
1133	0.4425	0.9727	2.727
1134	0.4420	0.9732	2.684
1135	0.4432	0.9727	2.726
1136	0.4428	0.9729	2.709
1137	0.4344	0.9759	2.408
1138	0.4423	0.9727	2.726
1139	0.4389	0.9743	2.565
1140	0.4422	0.9732	2.676
1141	0.4434	0.9723	2.770
1142	0.4450	0.9715	2.853
1143	0.4410	0.9736	2.641
1144	0.4392	0.9746	2.540
1145	0.4423	0.9728	2.718
1146	0.4406	0.9733	2.668
1147	0.4431	0.9723	2.772
1148	0.4427	0.9722	2.778
1149	0.4283	0.9795	2.052
1150	0.4388	0.9744	2.558
1151	0.4423	0.9731	2.693
1152	0.4429	0.9726	2.735
1153	0.4451	0.9715	2.848
1154	0.4442	0.9721	2.794
1155	0.4425	0.9726	2.739
1156	0.4381	0.9750	2.501
1157	0.4403	0.9736	2.638
1158	0.4413	0.9732	2.681
1159	0.4416	0.9728	2.724
1160	0.4400	0.9737	2.627
1161	0.4430	0.9720	2.796
1162	0.4434	0.9726	2.743
1163	0.4424	0.9727	2.730
1164	0.4414	0.9733	2.673
1165	0.4440	0.9721	2.792
1166	0.4392	0.9738	2.616
1167	0.4425	0.9728	2.718
1168	0.4305	0.9778	2.223
1169	0.4418	0.9727	2.734
1170	0.4434	0.9723	2.766
1171	0.4380	0.9745	2.552
1172	0.4414	0.9733	2.667
1173	0.4398	0.9739	2.611
1174	0.4443	0.9718	2.818
1175	0.4309	0.9783	2.174
1176	0.4384	0.9740	2.597
1177	0.4284	0.9792	2.079
1178	0.4431	0.9725	2.745
1179	0.4378	0.9746	2.541
1180	0.4437	0.9724	2.756
1181	0.4281	0.9793	2.071
1182	0.4434	0.9726	2.738
1183	0.4416	0.9729	2.715
1184	0.4398	0.9737	2.633
1185	0.4322	0.9772	2.279
1186	0.4371	0.9748	2.524
1187	0.4390	0.9744	2.564
1188	0.4359	0.9752	2.482
1189	0.4409	0.9734	2.663
1190	0.4341	0.9762	2.378
1191	0.4440	0.9722	2.780
1192	0.4435	0.9720	2.803
1193	0.4264	0.9800	2.001
1194	0.4412	0.9729	2.713
1195	0.4451	0.9716	2.840
1196	0.4432	0.9726	2.738
1197	0.4434	0.9723	2.767
1198	0.4376	0.9750	2.500
1199	0.4434	0.9724	2.761
1200	0.4375	0.9745	2.552
1201	0.4436	0.9724	2.760
1202	0.4373	0.9746	2.536
1203	0.4424	0.9730	2.698
1204	0.4295	0.9784	2.161
1205	0.4443	0.9717	2.832
1206	0.4423	0.9727	2.727
1207	0.4433	0.9726	2.735
1208	0.4420	0.9729	2.709
1209	0.4422	0.9725	2.746
1210	0.4446	0.9722	2.775
1211	0.4372	0.9747	2.529
1212	0.4406	0.9733	2.669
1213	0.4364	0.9754	2.457
1214	0.4437	0.9722	2.782
1215	0.4438	0.9721	2.792
1216	0.4414	0.9731	2.686
1217	0.4448	0.9714	2.857
1218	0.4416	0.9733	2.671
1219	0.4449	0.9717	2.829
1220	0.4442	0.9720	2.803
1221	0.4459	0.9710	2.898
1222	0.4438	0.9722	2.784
1223	0.4445	0.9722	2.777
1224	0.4413	0.9729	2.706
1225	0.4417	0.9730	2.702
1226	0.4388	0.9740	2.599
1227	0.4282	0.9790	2.102
1228	0.4397	0.9739	2.612
1229	0.4343	0.9759	2.408
1230	0.4447	0.9714	2.857
1231	0.4409	0.9734	2.660
1232	0.4411	0.9729	2.710
1233	0.4438	0.9722	2.784
1234	0.4428	0.9726	2.738
1235	0.4433	0.9724	2.764
1236	0.4388	0.9743	2.568
1237	0.4383	0.9740	2.598
1238	0.4434	0.9720	2.795
1239	0.4404	0.9733	2.667
1240	0.4432	0.9727	2.733
1241	0.4422	0.9726	2.744
1242	0.4451	0.9716	2.841
1243	0.4431	0.9727	2.727
1244	0.4388	0.9740	2.599
1245	0.4442	0.9720	2.802
1246	0.4422	0.9728	2.720
1247	0.4389	0.9744	2.561
1248	0.4281	0.9795	2.052
1249	0.4415	0.9727	2.728
1250	0.4283	0.9792	2.079
1251	0.4370	0.9748	2.523
1252	0.4374	0.9745	2.551
1253	0.4412	0.9729	2.706
1254	0.4445	0.9722	2.776
1255	0.4441	0.9720	2.798
1256	0.4358	0.9752	2.482
1257	0.4416	0.9730	2.700
1258	0.4401	0.9736	2.645
1259	0.4448	0.9717	2.829
1260	0.4405	0.9733	2.669
1261	0.4424	0.9727	2.725
1262	0.4421	0.9730	2.696
1263	0.4377	0.9746	2.541
1264	0.4433	0.9723	2.766
1265	0.4371	0.9747	2.528
1266	0.4435	0.9724	2.760
1267	0.4445	0.9722	2.778
1268	0.4418	0.9731	2.687
1269	0.4415	0.9733	2.671
1270	0.4426	0.9729	2.711
1271	0.4448	0.9715	2.853
1272	0.4399	0.9738	2.625
1273	0.4282	0.9790	2.102
1274	0.4422	0.9727	2.726
1275	0.4433	0.9726	2.736
1276	0.4412	0.9732	2.681
1277	0.4363	0.9754	2.455
1278	0.4378	0.9745	2.550
1279	0.4413	0.9734	2.665
1280	0.4423	0.9729	2.715
1281	0.4390	0.9739	2.611
1282	0.4429	0.9723	2.772
1283	0.4408	0.9736	2.640
1284	0.4398	0.9737	2.630
1285	0.4439	0.9720	2.803
1286	0.4423	0.9726	2.743
1287	0.4449	0.9715	2.848
1288	0.4420	0.9732	2.676
1289	0.4386	0.9744	2.557
1290	0.4425	0.9722	2.777
1291	0.4428	0.9721	2.794
1292	0.4320	0.9772	2.278
1293	0.4442	0.9717	2.829
1294	0.4422	0.9730	2.698
1295	0.4438	0.9721	2.793
1296	0.4378	0.9750	2.502
1297	0.4340	0.9763	2.370
1298	0.4412	0.9733	2.673
1299	0.4437	0.9721	2.786
1300	0.4396	0.9737	2.629
1301	0.4263	0.9800	2.000
1302	0.4280	0.9793	2.071
1303	0.4441	0.9718	2.818
1304	0.4458	0.9710	2.899
1305	0.4439	0.9723	2.773
1306	0.4420	0.9727	2.725
1307	0.4412	0.9732	2.684
1308	0.4307	0.9783	2.174
1309	0.4436	0.9722	2.782
1310	0.4422	0.9727	2.734
1311	0.4431	0.9726	2.736
1312	0.4358	0.9752	2.480
1313	0.4432	0.9724	2.759
1314	0.4429	0.9725	2.746
1315	0.4435	0.9724	2.757
1316	0.4414	0.9729	2.714
1317	0.4454	0.9714	2.860
1318	0.4303	0.9778	2.219
1319	0.4419	0.9730	2.704
1320	0.4294	0.9784	2.164
1321	0.4416	0.9726	2.736
1322	0.4432	0.9723	2.772
1323	0.4371	0.9746	2.535
1324	0.4389	0.9746	2.541
1325	0.4391	0.9744	2.564
1326	0.4432	0.9726	2.742
1327	0.4374	0.9750	2.502
1328	0.4418	0.9729	2.706
1329	0.4429	0.9727	2.728
1330	0.4454	0.9714	2.861
1331	0.4439	0.9720	2.804
1332	0.4449	0.9716	2.840
1333	0.4418	0.9729	2.707
1334	0.4417	0.9732	2.682
1335	0.4339	0.9763	2.370
1336	0.4423	0.9726	2.742
1337	0.4420	0.9728	2.720
1338	0.4421	0.9730	2.700
1339	0.4414	0.9733	2.670
1340	0.4371	0.9747	2.534
1341	0.4432	0.9727	2.734
1342	0.4426	0.9726	2.735
1343	0.4391	0.9744	2.565
1344	0.4444	0.9722	2.775
1345	0.4377	0.9745	2.552
1346	0.4415	0.9727	2.734
1347	0.4411	0.9729	2.705
1348	0.4398	0.9738	2.625
1349	0.4441	0.9720	2.800
1350	0.4438	0.9721	2.794
1351	0.4370	0.9747	2.529
1352	0.4409	0.9729	2.709
1353	0.4428	0.9723	2.772
1354	0.4421	0.9727	2.729
1355	0.4436	0.9721	2.787
1356	0.4376	0.9746	2.542
1357	0.4279	0.9793	2.071
1358	0.4373	0.9745	2.550
1359	0.4428	0.9726	2.745
1360	0.4407	0.9736	2.640
1361	0.4411	0.9734	2.665
1362	0.4397	0.9737	2.629
1363	0.4411	0.9733	2.673
1364	0.4457	0.9710	2.899
1365	0.4425	0.9729	2.710
1366	0.4434	0.9725	2.754
1367	0.4357	0.9752	2.482
1368	0.4293	0.9784	2.164
1369	0.4440	0.9718	2.818
1370	0.4373	0.9750	2.502
1371	0.4424	0.9722	2.777
1372	0.4280	0.9790	2.102
1373	0.4431	0.9723	2.772
1374	0.4443	0.9722	2.777
1375	0.4306	0.9783	2.174
1376	0.4341	0.9759	2.408
1377	0.4386	0.9740	2.598
1378	0.4381	0.9740	2.598
1379	0.4362	0.9754	2.459
1380	0.4436	0.9721	2.787
1381	0.4419	0.9732	2.679
1382	0.4439	0.9720	2.797
1383	0.4431	0.9726	2.743
1384	0.4319	0.9772	2.279
1385	0.4411	0.9731	2.687
1386	0.4431	0.9723	2.765
1387	0.4446	0.9715	2.853
1388	0.4395	0.9739	2.613
1389	0.4431	0.9723	2.765
1390	0.4395	0.9737	2.632
1391	0.4414	0.9730	2.702
1392	0.4384	0.9744	2.557
1393	0.4356	0.9752	2.483
1394	0.4426	0.9720	2.797
1395	0.4410	0.9732	2.681
1396	0.4422	0.9727	2.728
1397	0.4399	0.9736	2.642
1398	0.4387	0.9744	2.560
1399	0.4419	0.9726	2.744
1400	0.4262	0.9800	2.000
1401	0.4279	0.9795	2.052
1402	0.4403	0.9733	2.670
1403	0.4281	0.9792	2.081
1404	0.4402	0.9733	2.667
1405	0.4434	0.9724	2.761
1406	0.4430	0.9724	2.761
1407	0.4413	0.9728	2.717
1408	0.4429	0.9726	2.736
1409	0.4377	0.9750	2.502
1410	0.4437	0.9722	2.776
1411	0.4434	0.9722	2.781
1412	0.4420	0.9727	2.727
1413	0.4422	0.9728	2.716
1414	0.4429	0.9726	2.736
1415	0.4419	0.9731	2.694
1416	0.4446	0.9717	2.829
1417	0.4440	0.9717	2.831
1418	0.4385	0.9743	2.568
1419	0.4447	0.9715	2.848
1420	0.4301	0.9778	2.219
1421	0.4419	0.9728	2.723
1422	0.4388	0.9739	2.613
1423	0.4367	0.9748	2.523
1424	0.4444	0.9714	2.857
1425	0.4431	0.9721	2.795
1426	0.4417	0.9730	2.702
1427	0.4412	0.9727	2.727
1428	0.4406	0.9734	2.660
1429	0.4387	0.9746	2.540
1430	0.4417	0.9729	2.705
1431	0.4423	0.9722	2.777
1432	0.4402	0.9733	2.668
1433	0.4446	0.9717	2.829
1434	0.4440	0.9717	2.830
1435	0.4261	0.9800	1.999
1436	0.4439	0.9718	2.823
1437	0.4417	0.9730	2.704
1438	0.4447	0.9715	2.847
1439	0.4427	0.9723	2.773
1440	0.4368	0.9747	2.528
1441	0.4421	0.9729	2.714
1442	0.4410	0.9732	2.684
1443	0.4280	0.9792	2.079
1444	0.4412	0.9728	2.716
1445	0.4387	0.9744	2.562
1446	0.4424	0.9729	2.711
1447	0.4430	0.9723	2.765
1448	0.4374	0.9746	2.539
1449	0.4430	0.9726	2.741
1450	0.4340	0.9759	2.406
1451	0.4387	0.9739	2.613
1452	0.4409	0.9732	2.681
1453	0.4421	0.9727	2.727
1454	0.4355	0.9752	2.483
1455	0.4428	0.9727	2.727
1456	0.4369	0.9747	2.535
1457	0.4429	0.9727	2.731
1458	0.4405	0.9734	2.660
1459	0.4401	0.9733	2.667
1460	0.4420	0.9730	2.698
1461	0.4410	0.9734	2.664
1462	0.4439	0.9720	2.800
1463	0.4421	0.9726	2.742
1464	0.4436	0.9723	2.774
1465	0.4389	0.9743	2.566
1466	0.4387	0.9746	2.540
1467	0.4372	0.9750	2.501
1468	0.4424	0.9726	2.735
1469	0.4418	0.9726	2.743
1470	0.4384	0.9744	2.565
1471	0.4418	0.9731	2.693
1472	0.4433	0.9722	2.782
1473	0.4409	0.9729	2.705
1474	0.4441	0.9723	2.774
1475	0.4455	0.9710	2.901
1476	0.4445	0.9715	2.852
1477	0.4375	0.9745	2.552
1478	0.4412	0.9727	2.726
1479	0.4452	0.9714	2.858
1480	0.4417	0.9732	2.676
1481	0.4437	0.9721	2.795
1482	0.4432	0.9725	2.754
1483	0.4393	0.9737	2.631
1484	0.4304	0.9783	2.175
1485	0.4393	0.9739	2.611
1486	0.4434	0.9722	2.781
1487	0.4419	0.9728	2.722
1488	0.4277	0.9793	2.071
1489	0.4278	0.9790	2.101
1490	0.4447	0.9716	2.841
1491	0.4371	0.9745	2.550
1492	0.4436	0.9720	2.805
1493	0.4442	0.9722	2.775
1494	0.4409	0.9733	2.675
1495	0.4278	0.9795	2.050
1496	0.4407	0.9729	2.708
1497	0.4414	0.9731	2.686
1498	0.4413	0.9726	2.736
1499	0.4429	0.9724	2.761
1500	0.4337	0.9763	2.374
1501	0.4430	0.9726	2.736
1502	0.4413	0.9730	2.701
1503	0.4300	0.9778	2.217
1504	0.4428	0.9726	2.737
1505	0.4419	0.9727	2.734
1506	0.4429	0.9724	2.758
1507	0.4432	0.9724	2.756
1508	0.4355	0.9752	2.480
1509	0.4379	0.9740	2.596
1510	0.4435	0.9720	2.798
1511	0.4434	0.9721	2.790
1512	0.4430	0.9721	2.794
1513	0.4418	0.9728	2.720
1514	0.4405	0.9736	2.640
1515	0.4384	0.9740	2.599
1516	0.4366	0.9748	2.522
1517	0.4291	0.9784	2.164
1518	0.4395	0.9738	2.625
1519	0.4443	0.9714	2.859
1520	0.4397	0.9736	2.642
1521	0.4382	0.9744	2.557
1522	0.4317	0.9772	2.279
1523	0.4375	0.9750	2.502
1524	0.4424	0.9720	2.796
1525	0.4426	0.9725	2.746
1526	0.4417	0.9727	2.726
1527	0.4394	0.9737	2.631
1528	0.4359	0.9755	2.454
1529	0.4412	0.9733	2.669
1530	0.4428	0.9723	2.771
1531	0.4445	0.9715	2.848
1532	0.4437	0.9718	2.821
1533	0.4424	0.9720	2.796
1534	0.4438	0.9720	2.801
1535	0.4422	0.9729	2.710
1536	0.4277	0.9795	2.052
1537	0.4394	0.9737	2.632
1538	0.4291	0.9784	2.165
1539	0.4434	0.9722	2.783
1540	0.4354	0.9752	2.480
1541	0.4428	0.9723	2.772
1542	0.4421	0.9723	2.774
1543	0.4451	0.9713	2.868
1544	0.4375	0.9750	2.500
1545	0.4427	0.9727	2.731
1546	0.4419	0.9727	2.726
1547	0.4374	0.9745	2.552
1548	0.4428	0.9726	2.741
1549	0.4419	0.9729	2.714
1550	0.4404	0.9734	2.660
1551	0.4414	0.9732	2.681
1552	0.4425	0.9726	2.742
1553	0.4385	0.9746	2.540
1554	0.4379	0.9740	2.596
1555	0.4425	0.9723	2.772
1556	0.4435	0.9723	2.775
1557	0.4392	0.9739	2.611
1558	0.4434	0.9721	2.792
1559	0.4338	0.9759	2.409
1560	0.4423	0.9727	2.734
1561	0.4336	0.9763	2.371
1562	0.4354	0.9752	2.480
1563	0.4418	0.9728	2.723
1564	0.4428	0.9723	2.767
1565	0.4444	0.9715	2.853
1566	0.4365	0.9748	2.520
1567	0.4408	0.9733	2.673
1568	0.4370	0.9750	2.502
1569	0.4408	0.9734	2.664
1570	0.4428	0.9724	2.757
1571	0.4406	0.9729	2.708
1572	0.4442	0.9714	2.859
1573	0.4440	0.9722	2.776
1574	0.4303	0.9783	2.173
1575	0.4396	0.9736	2.642
1576	0.4369	0.9745	2.548
1577	0.4416	0.9731	2.695
1578	0.4446	0.9716	2.840
1579	0.4382	0.9744	2.557
1580	0.4418	0.9727	2.734
1581	0.4385	0.9739	2.611
1582	0.4299	0.9778	2.218
1583	0.4392	0.9737	2.633
1584	0.4427	0.9726	2.738
1585	0.4383	0.9740	2.598
1586	0.4407	0.9729	2.706
1587	0.4437	0.9717	2.830
1588	0.4316	0.9772	2.280
1589	0.4419	0.9726	2.744
1590	0.4382	0.9743	2.569
1591	0.4400	0.9733	2.669
1592	0.4408	0.9731	2.685
1593	0.4429	0.9721	2.795
1594	0.4454	0.9710	2.899
1595	0.4436	0.9721	2.793
1596	0.4440	0.9723	2.775
1597	0.4358	0.9754	2.455
1598	0.4431	0.9722	2.782
1599	0.4411	0.9733	2.672
1600	0.4394	0.9738	2.625
1601	0.4410	0.9727	2.726
1602	0.4416	0.9726	2.743
1603	0.4416	0.9727	2.726
1604	0.4367	0.9747	2.535
1605	0.4431	0.9724	2.756
1606	0.4416	0.9728	2.720
1607	0.4432	0.9721	2.789
1608	0.4275	0.9793	2.071
1609	0.4435	0.9720	2.803
1610	0.4443	0.9717	2.827
1611	0.4277	0.9790	2.102
1612	0.4411	0.9726	2.736
1613	0.4414	0.9730	2.702
1614	0.4425	0.9727	2.727
1615	0.4414	0.9729	2.706
1616	0.4387	0.9744	2.564
1617	0.4403	0.9736	2.639
1618	0.4399	0.9733	2.666
1619	0.4427	0.9724	2.755
1620	0.4410	0.9728	2.716
1621	0.4411	0.9730	2.699
1622	0.4430	0.9724	2.756
1623	0.4428	0.9727	2.735
1624	0.4366	0.9747	2.528
1625	0.4258	0.9800	1.999
1626	0.4417	0.9730	2.698
1627	0.4384	0.9744	2.561
1628	0.4406	0.9732	2.682
1629	0.4277	0.9792	2.078
1630	0.4415	0.9732	2.677
1631	0.4372	0.9746	2.539
1632	0.4410	0.9733	2.670
1633	0.4407	0.9733	2.666
1634	0.4374	0.9750	2.502
1635	0.4418	0.9726	2.744
1636	0.4418	0.9728	2.724
1637	0.4337	0.9759	2.408
1638	0.4395	0.9736	2.642
1639	0.4398	0.9733	2.667
1640	0.4426	0.9727	2.731
1641	0.4436	0.9720	2.802
1642	0.4432	0.9721	2.790
1643	0.4415	0.9727	2.725
1644	0.4258	0.9800	1.999
1645	0.4412	0.9732	2.685
1646	0.4424	0.9726	2.744
1647	0.4437	0.9717	2.828
1648	0.4424	0.9723	2.772
1649	0.4428	0.9721	2.791
1650	0.4353	0.9752	2.480
1651	0.4444	0.9715	2.846
1652	0.4384	0.9739	2.610
1653	0.4427	0.9723	2.771
1654	0.4335	0.9763	2.370
1655	0.4407	0.9733	2.673
1656	0.4420	0.9729	2.709
1657	0.4393	0.9737	2.626
1658	0.4435	0.9721	2.795
1659	0.4399	0.9733	2.669
1660	0.4435	0.9718	2.818
1661	0.4315	0.9772	2.278
1662	0.4416	0.9728	2.722
1663	0.4439	0.9723	2.775
1664	0.4434	0.9720	2.800
1665	0.4413	0.9730	2.703
1666	0.4426	0.9725	2.754
1667	0.4410	0.9730	2.698
1668	0.4289	0.9784	2.164
1669	0.4377	0.9740	2.595
1670	0.4433	0.9723	2.774
1671	0.4433	0.9721	2.792
1672	0.4392	0.9737	2.630
1673	0.4352	0.9752	2.480
1674	0.4415	0.9728	2.720
1675	0.4386	0.9744	2.563
1676	0.4364	0.9748	2.522
1677	0.4427	0.9726	2.736
1678	0.4390	0.9739	2.610
1679	0.4449	0.9714	2.858
1680	0.4381	0.9740	2.599
1681	0.4409	0.9729	2.715
1682	0.4442	0.9715	2.853
1683	0.4441	0.9714	2.860
1684	0.4439	0.9722	2.776
1685	0.4380	0.9744	2.556
1686	0.4426	0.9724	2.757
1687	0.4274	0.9793	2.072
1688	0.4276	0.9790	2.102
1689	0.4424	0.9727	2.727
1690	0.4410	0.9727	2.734
1691	0.4422	0.9720	2.796
1692	0.4372	0.9745	2.553
1693	0.4414	0.9732	2.677
1694	0.4368	0.9745	2.549
1695	0.4430	0.9722	2.783
1696	0.4426	0.9723	2.767
1697	0.4442	0.9717	2.827
1698	0.4452	0.9710	2.899
1699	0.4419	0.9722	2.778
1700	0.4416	0.9730	2.698
1701	0.4402	0.9736	2.641
1702	0.4408	0.9728	2.723
1703	0.4404	0.9729	2.708
1704	0.4429	0.9725	2.754
1705	0.4357	0.9755	2.452
1706	0.4365	0.9747	2.534
1707	0.4371	0.9746	2.540
1708	0.4444	0.9716	2.840
1709	0.4417	0.9729	2.715
1710	0.4429	0.9724	2.760
1711	0.4402	0.9734	2.662
1712	0.4414	0.9731	2.691
1713	0.4383	0.9746	2.540
1714	0.4276	0.9792	2.079
1715	0.4297	0.9778	2.219
1716	0.4415	0.9726	2.744
1717	0.4426	0.9726	2.741
1718	0.4301	0.9783	2.173
1719	0.4425	0.9726	2.736
1720	0.4405	0.9732	2.681
1721	0.4416	0.9727	2.732
1722	0.4382	0.9744	2.562
1723	0.4274	0.9795	2.051
1724	0.4390	0.9737	2.633
1725	0.4431	0.9722	2.784
1726	0.4380	0.9743	2.569
1727	0.4364	0.9747	2.528
1728	0.4406	0.9731	2.685
1729	0.4368	0.9750	2.501
1730	0.4420	0.9726	2.740
1731	0.4405	0.9730	2.705
1732	0.4412	0.9729	2.710
1733	0.4394	0.9736	2.643
1734	0.4431	0.9721	2.791
1735	0.4383	0.9739	2.613
1736	0.4427	0.9720	2.796
1737	0.4333	0.9762	2.375
1738	0.4441	0.9717	2.828
1739	0.4412	0.9730	2.702
1740	0.4443	0.9716	2.840
1741	0.4426	0.9724	2.762
1742	0.4432	0.9722	2.777
1743	0.4379	0.9744	2.557
1744	0.4351	0.9752	2.479
1745	0.4392	0.9737	2.626
1746	0.4415	0.9727	2.726
1747	0.4368	0.9750	2.501
1748	0.4274	0.9790	2.102
1749	0.4409	0.9726	2.735
1750	0.4391	0.9737	2.634
1751	0.4416	0.9728	2.724
1752	0.4451	0.9710	2.896
1753	0.4406	0.9733	2.667
1754	0.4372	0.9750	2.501
1755	0.4435	0.9717	2.830
1756	0.4448	0.9714	2.864
1757	0.4300	0.9783	2.174
1758	0.4414	0.9725	2.747
1759	0.4422	0.9726	2.744
1760	0.4367	0.9745	2.549
1761	0.4411	0.9731	2.686
1762	0.4441	0.9715	2.853
1763	0.4426	0.9726	2.737
1764	0.4415	0.9727	2.734
1765	0.4335	0.9759	2.409
1766	0.4407	0.9728	2.717
1767	0.4389	0.9737	2.633
1768	0.4313	0.9772	2.280
1769	0.4415	0.9730	2.698
1770	0.4404	0.9729	2.706
1771	0.4375	0.9740	2.596
1772	0.4385	0.9744	2.564
1773	0.4438	0.9723	2.775
1774	0.4416	0.9726	2.743
1775	0.4418	0.9722	2.776
1776	0.4431	0.9720	2.796
1777	0.4408	0.9730	2.699
1778	0.4419	0.9729	2.711
1779	0.4433	0.9718	2.818
1780	0.4425	0.9726	2.741
1781	0.4425	0.9723	2.769
1782	0.4296	0.9778	2.219
1783	0.4421	0.9720	2.797
1784	0.4425	0.9723	2.765
1785	0.4412	0.9732	2.677
1786	0.4379	0.9744	2.564
1787	0.4432	0.9720	2.802
1788	0.4416	0.9728	2.716
1789	0.4364	0.9747	2.534
1790	0.4425	0.9725	2.755
1791	0.4414	0.9728	2.719
1792	0.4397	0.9733	2.669
1793	0.4422	0.9723	2.772
1794	0.4408	0.9733	2.669
1795	0.4356	0.9755	2.453
1796	0.4388	0.9739	2.611
1797	0.4413	0.9727	2.725
1798	0.4427	0.9725	2.754
1799	0.4403	0.9729	2.707
1800	0.4396	0.9733	2.667
1801	0.4363	0.9747	2.528
1802	0.4430	0.9722	2.780
1803	0.4404	0.9732	2.680
1804	0.4405	0.9733	2.675
1805	0.4428	0.9724	2.759
1806	0.4423	0.9727	2.730
1807	0.4434	0.9720	2.799
1808	0.4407	0.9728	2.723
1809	0.4405	0.9732	2.681
1810	0.4369	0.9746	2.541
1811	0.4272	0.9793	2.071
1812	0.4370	0.9745	2.553
1813	0.4419	0.9726	2.737
1814	0.4401	0.9736	2.637
1815	0.4350	0.9752	2.481
1816	0.4432	0.9721	2.794
1817	0.4413	0.9731	2.692
1818	0.4273	0.9795	2.052
1819	0.4379	0.9740	2.598
1820	0.4274	0.9792	2.079
1821	0.4382	0.9746	2.542
1822	0.4441	0.9715	2.849
1823	0.4436	0.9722	2.777
1824	0.4381	0.9744	2.561
1825	0.4411	0.9729	2.707
1826	0.4361	0.9748	2.522
1827	0.4400	0.9734	2.660
1828	0.4422	0.9727	2.727
1829	0.4255	0.9800	1.999
1830	0.4428	0.9722	2.781
1831	0.4423	0.9726	2.736
1832	0.4438	0.9714	2.858
1833	0.4286	0.9784	2.165
1834	0.4423	0.9727	2.733
1835	0.4255	0.9800	1.999
1836	0.4433	0.9718	2.823
1837	0.4411	0.9729	2.706
1838	0.4418	0.9729	2.712
1839	0.4436	0.9723	2.774
1840	0.4438	0.9714	2.860
1841	0.4442	0.9716	2.841
1842	0.4272	0.9793	2.070
1843	0.4427	0.9724	2.756
1844	0.4428	0.9722	2.783
1845	0.4388	0.9739	2.611
1846	0.4312	0.9772	2.279
1847	0.4430	0.9721	2.792
1848	0.4424	0.9726	2.735
1849	0.4424	0.9723	2.767
1850	0.4441	0.9715	2.846
1851	0.4424	0.9723	2.769
1852	0.4408	0.9727	2.734
1853	0.4423	0.9726	2.736
1854	0.4407	0.9733	2.671
1855	0.4381	0.9746	2.540
1856	0.4432	0.9721	2.795
1857	0.4381	0.9739	2.612
1858	0.4412	0.9726	2.743
1859	0.4399	0.9734	2.661
1860	0.4414	0.9727	2.728
1861	0.4416	0.9722	2.778
1862	0.4383	0.9743	2.566
1863	0.4409	0.9732	2.679
1864	0.4374	0.9740	2.596
1865	0.4349	0.9752	2.481
1866	0.4365	0.9745	2.549
1867	0.4379	0.9740	2.599
1868	0.4366	0.9750	2.501
1869	0.4274	0.9792	2.078
1870	0.4362	0.9747	2.527
1871	0.4400	0.9736	2.637
1872	0.4390	0.9738	2.624
1873	0.4396	0.9733	2.669
1874	0.4433	0.9717	2.828
1875	0.4413	0.9730	2.697
1876	0.4333	0.9759	2.408
1877	0.4406	0.9727	2.726
1878	0.4377	0.9744	2.558
1879	0.4363	0.9747	2.535
1880	0.4331	0.9763	2.373
1881	0.4272	0.9795	2.052
1882	0.4446	0.9713	2.868
1883	0.4389	0.9737	2.633
1884	0.4354	0.9754	2.457
1885	0.4421	0.9727	2.728
1886	0.4439	0.9717	2.826
1887	0.4285	0.9784	2.164
1888	0.4410	0.9730	2.702
1889	0.4428	0.9722	2.783
1890	0.4424	0.9720	2.796
1891	0.4420	0.9725	2.746
1892	0.4419	0.9720	2.796
1893	0.4432	0.9720	2.804
1894	0.4412	0.9728	2.721
1895	0.4369	0.9745	2.552
1896	0.4403	0.9730	2.705
1897	0.4423	0.9724	2.758
1898	0.4403	0.9733	2.674
1899	0.4349	0.9752	2.478
1900	0.4423	0.9726	2.742
1901	0.4426	0.9724	2.759
1902	0.4402	0.9732	2.680
1903	0.4294	0.9778	2.218
1904	0.4403	0.9731	2.686
1905	0.4297	0.9783	2.174
1906	0.4387	0.9737	2.633
1907	0.4423	0.9723	2.768
1908	0.4414	0.9725	2.745
1909	0.4360	0.9748	2.521
1910	0.4420	0.9722	2.775
1911	0.4411	0.9732	2.676
1912	0.4380	0.9744	2.563
1913	0.4449	0.9710	2.896
1914	0.4391	0.9736	2.643
1915	0.4377	0.9743	2.570
1916	0.4414	0.9727	2.726
1917	0.4435	0.9722	2.776
1918	0.4394	0.9733	2.666
1919	0.4417	0.9726	2.737
1920	0.4414	0.9729	2.714
1921	0.4272	0.9790	2.102
1922	0.4430	0.9720	2.805
1923	0.4413	0.9727	2.727
1924	0.4403	0.9734	2.664
1925	0.4369	0.9750	2.502
1926	0.4428	0.9721	2.790
1927	0.4411	0.9731	2.692
1928	0.4411	0.9727	2.725
1929	0.4401	0.9729	2.707
1930	0.4429	0.9722	2.775
1931	0.4405	0.9728	2.717
1932	0.4367	0.9746	2.538
1933	0.4438	0.9715	2.853
1934	0.4406	0.9730	2.701
1935	0.4428	0.9721	2.790
1936	0.4373	0.9740	2.596
1937	0.4423	0.9726	2.735
1938	0.4394	0.9733	2.667
1939	0.4254	0.9800	1.998
1940	0.4403	0.9733	2.673
1941	0.4388	0.9737	2.633
1942	0.4332	0.9759	2.409
1943	0.4411	0.9731	2.695
1944	0.4432	0.9719	2.807
1945	0.4377	0.9740	2.599
1946	0.4435	0.9722	2.779
1947	0.4429	0.9722	2.777
1948	0.4408	0.9731	2.687
1949	0.4410	0.9732	2.676
1950	0.4386	0.9739	2.611
1951	0.4386	0.9737	2.632
1952	0.4416	0.9729	2.711
1953	0.4429	0.9720	2.804
1954	0.4353	0.9754	2.456
1955	0.4364	0.9745	2.548
1956	0.4437	0.9714	2.857
1957	0.4406	0.9730	2.701
1958	0.4368	0.9745	2.551
1959	0.4297	0.9783	2.173
1960	0.4432	0.9717	2.831
1961	0.4431	0.9718	2.822
1962	0.4404	0.9728	2.719
1963	0.4310	0.9772	2.279
1964	0.4330	0.9762	2.375
1965	0.4380	0.9739	2.611
1966	0.4419	0.9722	2.776
1967	0.4369	0.9750	2.503
1968	0.4438	0.9715	2.851
1969	0.4284	0.9784	2.163
1970	0.4405	0.9732	2.676
1971	0.4379	0.9744	2.563
1972	0.4418	0.9720	2.800
1973	0.4448	0.9710	2.896
1974	0.4364	0.9750	2.499
1975	0.4402	0.9733	2.665
1976	0.4366	0.9746	2.541
1977	0.4377	0.9743	2.573
1978	0.4411	0.9728	2.724
1979	0.4408	0.9729	2.710
1980	0.4421	0.9726	2.736
1981	0.4376	0.9744	2.556
1982	0.4400	0.9729	2.709
1983	0.4360	0.9747	2.528
1984	0.4426	0.9722	2.781
1985	0.4397	0.9734	2.661
1986	0.4410	0.9728	2.724
1987	0.4440	0.9716	2.840
1988	0.4414	0.9722	2.775
1989	0.4413	0.9726	2.743
1990	0.4347	0.9752	2.481
1991	0.4422	0.9724	2.756
1992	0.4390	0.9736	2.642
1993	0.4394	0.9733	2.668
1994	0.4422	0.9726	2.741
1995	0.4434	0.9723	2.774
1996	0.4422	0.9723	2.770
1997	0.4428	0.9721	2.791
1998	0.4419	0.9727	2.728
1999	0.4438	0.9715	2.846
