0	0.4344	0.9741	2.592
1	0.4389	0.9720	2.796
2	0.4324	0.9755	2.453
3	0.4301	0.9763	2.370
4	0.4225	0.9800	1.997
5	0.4384	0.9727	2.729
6	0.4265	0.9778	2.217
7	0.4319	0.9752	2.479
8	0.4332	0.9747	2.528
9	0.4268	0.9783	2.172
10	0.4336	0.9751	2.494
11	0.4340	0.9750	2.501
12	0.4319	0.9752	2.482
13	0.4377	0.9726	2.736
14	0.4379	0.9731	2.686
15	0.4353	0.9744	2.562
16	0.4362	0.9736	2.641
17	0.4242	0.9795	2.052
18	0.4371	0.9729	2.711
19	0.4391	0.9725	2.746
20	0.4380	0.9730	2.699
21	0.4374	0.9732	2.683
22	0.4381	0.9731	2.694
23	0.4387	0.9729	2.712
24	0.4373	0.9730	2.701
25	0.4384	0.9728	2.720
26	0.4357	0.9739	2.613
27	0.4350	0.9744	2.560
28	0.4383	0.9727	2.726
29	0.4410	0.9715	2.849
30	0.4393	0.9725	2.754
31	0.4394	0.9721	2.794
32	0.4396	0.9725	2.753
33	0.4398	0.9722	2.780
34	0.4393	0.9723	2.771
35	0.4393	0.9724	2.759
36	0.4364	0.9733	2.666
37	0.4372	0.9732	2.679
38	0.4391	0.9728	2.725
39	0.4365	0.9733	2.669
40	0.4350	0.9746	2.538
41	0.4402	0.9720	2.800
42	0.4392	0.9727	2.729
43	0.4405	0.9723	2.773
44	0.4348	0.9744	2.562
45	0.4255	0.9784	2.162
46	0.4411	0.9716	2.838
47	0.4358	0.9737	2.628
48	0.4332	0.9747	2.531
49	0.4383	0.9730	2.697
50	0.4393	0.9727	2.733
51	0.4393	0.9724	2.764
52	0.4408	0.9715	2.848
53	0.4397	0.9722	2.779
54	0.4375	0.9728	2.723
55	0.4376	0.9731	2.695
56	0.4350	0.9746	2.536
57	0.4357	0.9739	2.606
58	0.4380	0.9733	2.669
59	0.4390	0.9726	2.738
60	0.4255	0.9784	2.163
61	0.4335	0.9750	2.498
62	0.4268	0.9783	2.173
63	0.4301	0.9763	2.370
64	0.4386	0.9729	2.713
65	0.4375	0.9728	2.717
66	0.4334	0.9745	2.548
67	0.4302	0.9759	2.407
68	0.4242	0.9790	2.099
69	0.4381	0.9728	2.721
70	0.4264	0.9778	2.217
71	0.4371	0.9729	2.707
72	0.4393	0.9724	2.764
73	0.4395	0.9725	2.753
74	0.4330	0.9748	2.520
75	0.4350	0.9739	2.607
76	0.4375	0.9728	2.722
77	0.4407	0.9714	2.857
78	0.4347	0.9740	2.597
79	0.4393	0.9726	2.739
80	0.4392	0.9723	2.769
81	0.4391	0.9727	2.734
82	0.4399	0.9723	2.774
83	0.4338	0.9745	2.550
84	0.4405	0.9723	2.772
85	0.4380	0.9731	2.693
86	0.4402	0.9720	2.800
87	0.4359	0.9738	2.624
88	0.4379	0.9730	2.700
89	0.4373	0.9732	2.684
90	0.4318	0.9752	2.479
91	0.4408	0.9715	2.852
92	0.4358	0.9737	2.631
93	0.4364	0.9734	2.665
94	0.4349	0.9744	2.559
95	0.4401	0.9718	2.819
96	0.4382	0.9727	2.730
97	0.4372	0.9730	2.699
98	0.4397	0.9721	2.791
99	0.4332	0.9747	2.532
100	0.4372	0.9732	2.675
101	0.4382	0.9730	2.698
102	0.4382	0.9728	2.722
103	0.4368	0.9737	2.635
104	0.4390	0.9727	2.726
105	0.4378	0.9732	2.682
106	0.4323	0.9755	2.453
107	0.4414	0.9714	2.856
108	0.4383	0.9729	2.714
109	0.4342	0.9741	2.592
110	0.4347	0.9744	2.563
111	0.4393	0.9721	2.792
112	0.4280	0.9772	2.277
113	0.4318	0.9752	2.479
114	0.4376	0.9727	2.731
115	0.4352	0.9744	2.563
116	0.4409	0.9715	2.846
117	0.4241	0.9795	2.052
118	0.4396	0.9722	2.778
119	0.4388	0.9720	2.796
120	0.4223	0.9800	1.997
121	0.4399	0.9720	2.805
122	0.4395	0.9724	2.756
123	0.4392	0.9727	2.733
124	0.4368	0.9734	2.660
125	0.4389	0.9723	2.768
126	0.4381	0.9728	2.717
127	0.4392	0.9725	2.752
128	0.4242	0.9792	2.078
129	0.4397	0.9722	2.780
130	0.4418	0.9710	2.897
131	0.4338	0.9750	2.500
132	0.4398	0.9721	2.789
133	0.4400	0.9721	2.791
134	0.4371	0.9732	2.677
135	0.4364	0.9733	2.666
136	0.4372	0.9734	2.663
137	0.4375	0.9731	2.695
138	0.4404	0.9723	2.774
139	0.4375	0.9733	2.668
140	0.4392	0.9725	2.752
141	0.4384	0.9723	2.774
142	0.4386	0.9727	2.730
143	0.4401	0.9717	2.825
144	0.4391	0.9727	2.726
145	0.4356	0.9737	2.629
146	0.4383	0.9728	2.721
147	0.4345	0.9745	2.552
148	0.4380	0.9726	2.740
149	0.4336	0.9746	2.536
150	0.4383	0.9726	2.739
151	0.4240	0.9793	2.069
152	0.4330	0.9748	2.525
153	0.4378	0.9730	2.704
154	0.4409	0.9716	2.835
155	0.4360	0.9737	2.634
156	0.4407	0.9718	2.822
157	0.4381	0.9730	2.698
158	0.4372	0.9734	2.660
159	0.4318	0.9752	2.480
160	0.4337	0.9745	2.549
161	0.4407	0.9718	2.824
162	0.4363	0.9733	2.667
163	0.4371	0.9733	2.671
164	0.4389	0.9727	2.727
165	0.4385	0.9729	2.712
166	0.4378	0.9730	2.701
167	0.4417	0.9710	2.899
168	0.4360	0.9737	2.632
169	0.4351	0.9743	2.566
170	0.4301	0.9759	2.406
171	0.4391	0.9723	2.765
172	0.4349	0.9739	2.610
173	0.4398	0.9723	2.774
174	0.4379	0.9731	2.690
175	0.4390	0.9726	2.735
176	0.4396	0.9721	2.788
177	0.4381	0.9728	2.719
178	0.4367	0.9734	2.661
179	0.4223	0.9800	1.997
180	0.4322	0.9755	2.454
181	0.4381	0.9727	2.726
182	0.4405	0.9715	2.854
183	0.4348	0.9744	2.556
184	0.4262	0.9778	2.219
185	0.4355	0.9737	2.629
186	0.4392	0.9721	2.790
187	0.4397	0.9721	2.787
188	0.4376	0.9732	2.680
189	0.4400	0.9719	2.815
190	0.4391	0.9724	2.761
191	0.4242	0.9792	2.079
192	0.4403	0.9723	2.774
193	0.4239	0.9793	2.071
194	0.4363	0.9733	2.666
195	0.4388	0.9723	2.770
196	0.4379	0.9728	2.721
197	0.4253	0.9784	2.162
198	0.4391	0.9725	2.755
199	0.4367	0.9736	2.637
200	0.4403	0.9723	2.773
201	0.4401	0.9718	2.823
202	0.4373	0.9728	2.724
203	0.4240	0.9790	2.103
204	0.4374	0.9731	2.694
205	0.4413	0.9715	2.853
206	0.4373	0.9729	2.715
207	0.4335	0.9746	2.536
208	0.4378	0.9733	2.669
209	0.4386	0.9721	2.795
210	0.4395	0.9722	2.780
211	0.4370	0.9732	2.677
212	0.4385	0.9727	2.728
213	0.4332	0.9746	2.545
214	0.4346	0.9741	2.595
215	0.4299	0.9763	2.370
216	0.4239	0.9795	2.050
217	0.4396	0.9722	2.780
218	0.4400	0.9720	2.800
219	0.4406	0.9715	2.849
220	0.4391	0.9727	2.733
221	0.4391	0.9725	2.751
222	0.4379	0.9726	2.744
223	0.4341	0.9741	2.592
224	0.4345	0.9744	2.562
225	0.4382	0.9729	2.712
226	0.4344	0.9745	2.551
227	0.4382	0.9728	2.721
228	0.4348	0.9747	2.533
229	0.4393	0.9725	2.750
230	0.4377	0.9730	2.704
231	0.4388	0.9726	2.738
232	0.4408	0.9716	2.836
233	0.4371	0.9732	2.678
234	0.4383	0.9722	2.777
235	0.4394	0.9724	2.760
236	0.4381	0.9726	2.738
237	0.4397	0.9720	2.796
238	0.4328	0.9749	2.515
239	0.4407	0.9716	2.843
240	0.4375	0.9727	2.729
241	0.4390	0.9726	2.742
242	0.4316	0.9752	2.479
243	0.4368	0.9730	2.703
244	0.4356	0.9737	2.626
245	0.4379	0.9729	2.714
246	0.4278	0.9772	2.276
247	0.4373	0.9733	2.668
248	0.4370	0.9730	2.704
249	0.4398	0.9721	2.791
250	0.4357	0.9738	2.620
251	0.4354	0.9739	2.606
252	0.4333	0.9750	2.498
253	0.4337	0.9750	2.497
254	0.4389	0.9727	2.725
255	0.4329	0.9748	2.525
256	0.4265	0.9783	2.173
257	0.4330	0.9747	2.531
258	0.4374	0.9727	2.731
259	0.4403	0.9723	2.772
260	0.4239	0.9790	2.102
261	0.4340	0.9741	2.591
262	0.4381	0.9726	2.742
263	0.4416	0.9710	2.898
264	0.4345	0.9744	2.563
265	0.4345	0.9741	2.595
266	0.4329	0.9747	2.527
267	0.4412	0.9714	2.857
268	0.4397	0.9723	2.774
269	0.4393	0.9724	2.756
270	0.4395	0.9721	2.789
271	0.4355	0.9737	2.631
272	0.4369	0.9730	2.705
273	0.4406	0.9718	2.823
274	0.4404	0.9714	2.856
275	0.4380	0.9730	2.697
276	0.4378	0.9728	2.721
277	0.4390	0.9723	2.769
278	0.4300	0.9759	2.406
279	0.4399	0.9720	2.800
280	0.4361	0.9733	2.666
281	0.4390	0.9727	2.732
282	0.4335	0.9745	2.551
283	0.4354	0.9737	2.629
284	0.4391	0.9721	2.795
285	0.4388	0.9728	2.724
286	0.4252	0.9784	2.161
287	0.4332	0.9750	2.497
288	0.4390	0.9724	2.759
289	0.4398	0.9718	2.818
290	0.4390	0.9726	2.741
291	0.4329	0.9747	2.534
292	0.4380	0.9727	2.730
293	0.4347	0.9739	2.610
294	0.4366	0.9737	2.633
295	0.4377	0.9733	2.673
296	0.4393	0.9722	2.779
297	0.4381	0.9729	2.712
298	0.4376	0.9730	2.704
299	0.4373	0.9731	2.694
300	0.4356	0.9738	2.619
301	0.4407	0.9716	2.836
302	0.4347	0.9746	2.535
303	0.4343	0.9745	2.552
304	0.4372	0.9729	2.714
305	0.4358	0.9737	2.633
306	0.4384	0.9727	2.729
307	0.4392	0.9725	2.749
308	0.4316	0.9752	2.480
309	0.4240	0.9792	2.078
310	0.4387	0.9726	2.739
311	0.4397	0.9721	2.791
312	0.4379	0.9728	2.718
313	0.4334	0.9746	2.536
314	0.4370	0.9734	2.664
315	0.4320	0.9755	2.453
316	0.4238	0.9795	2.050
317	0.4396	0.9721	2.789
318	0.4376	0.9730	2.700
319	0.4385	0.9720	2.796
320	0.4390	0.9724	2.763
321	0.4315	0.9752	2.478
322	0.4327	0.9748	2.521
323	0.4382	0.9723	2.775
324	0.4401	0.9723	2.774
325	0.4369	0.9733	2.673
326	0.4331	0.9745	2.548
327	0.4353	0.9739	2.611
328	0.4394	0.9722	2.779
329	0.4368	0.9732	2.678
330	0.4389	0.9725	2.750
331	0.4220	0.9800	1.998
332	0.4370	0.9732	2.681
333	0.4388	0.9727	2.729
334	0.4297	0.9763	2.370
335	0.4237	0.9793	2.069
336	0.4336	0.9750	2.500
337	0.4349	0.9744	2.563
338	0.4383	0.9729	2.713
339	0.4378	0.9728	2.715
340	0.4346	0.9744	2.556
341	0.4367	0.9730	2.704
342	0.4396	0.9720	2.801
343	0.4264	0.9783	2.173
344	0.4406	0.9715	2.846
345	0.4399	0.9717	2.826
346	0.4365	0.9734	2.661
347	0.4377	0.9731	2.690
348	0.4277	0.9772	2.277
349	0.4404	0.9715	2.853
350	0.4371	0.9728	2.722
351	0.4361	0.9733	2.667
352	0.4374	0.9732	2.684
353	0.4388	0.9727	2.734
354	0.4386	0.9723	2.768
355	0.4380	0.9728	2.723
356	0.4260	0.9778	2.220
357	0.4372	0.9733	2.669
358	0.4378	0.9726	2.744
359	0.4394	0.9722	2.778
360	0.4415	0.9710	2.900
361	0.4320	0.9755	2.453
362	0.4404	0.9717	2.825
363	0.4371	0.9728	2.717
364	0.4361	0.9733	2.667
365	0.4411	0.9715	2.854
366	0.4397	0.9721	2.791
367	0.4386	0.9726	2.739
368	0.4346	0.9746	2.536
369	0.4392	0.9722	2.780
370	0.4395	0.9723	2.773
371	0.4388	0.9727	2.726
372	0.4331	0.9750	2.498
373	0.4373	0.9727	2.729
374	0.4377	0.9726	2.742
375	0.4389	0.9724	2.762
376	0.4385	0.9723	2.770
377	0.4377	0.9728	2.720
378	0.4298	0.9759	2.406
379	0.4333	0.9746	2.537
380	0.4377	0.9731	2.689
381	0.4401	0.9723	2.772
382	0.4374	0.9732	2.679
383	0.4387	0.9726	2.739
384	0.4396	0.9720	2.797
385	0.4383	0.9727	2.728
386	0.4339	0.9741	2.591
387	0.4377	0.9729	2.715
388	0.4220	0.9800	1.998
389	0.4353	0.9737	2.630
390	0.4342	0.9745	2.552
391	0.4238	0.9790	2.102
392	0.4263	0.9783	2.175
393	0.4334	0.9745	2.550
394	0.4379	0.9728	2.723
395	0.4357	0.9736	2.642
396	0.4296	0.9763	2.372
397	0.4378	0.9730	2.698
398	0.4348	0.9744	2.563
399	0.4388	0.9726	2.740
400	0.4237	0.9795	2.051
401	0.4388	0.9723	2.771
402	0.4369	0.9734	2.662
403	0.4346	0.9739	2.610
404	0.4371	0.9733	2.671
405	0.4397	0.9718	2.817
406	0.4370	0.9728	2.722
407	0.4355	0.9738	2.623
408	0.4330	0.9745	2.546
409	0.4386	0.9728	2.724
410	0.4405	0.9715	2.846
411	0.4368	0.9732	2.682
412	0.4343	0.9744	2.563
413	0.4376	0.9733	2.673
414	0.4327	0.9747	2.532
415	0.4239	0.9792	2.078
416	0.4343	0.9741	2.595
417	0.4393	0.9721	2.789
418	0.4394	0.9721	2.790
419	0.4397	0.9720	2.800
420	0.4374	0.9729	2.706
421	0.4314	0.9752	2.480
422	0.4384	0.9721	2.795
423	0.4388	0.9727	2.732
424	0.4367	0.9732	2.678
425	0.4259	0.9778	2.218
426	0.4398	0.9718	2.825
427	0.4402	0.9715	2.855
428	0.4367	0.9730	2.705
429	0.4378	0.9727	2.730
430	0.4403	0.9715	2.852
431	0.4363	0.9734	2.660
432	0.4352	0.9739	2.609
433	0.4389	0.9721	2.794
434	0.4380	0.9723	2.775
435	0.4388	0.9724	2.757
436	0.4391	0.9725	2.751
437	0.4353	0.9737	2.631
438	0.4366	0.9729	2.706
439	0.4400	0.9723	2.774
440	0.4381	0.9729	2.713
441	0.4334	0.9750	2.499
442	0.4377	0.9728	2.718
443	0.4379	0.9729	2.712
444	0.4236	0.9793	2.070
445	0.4374	0.9730	2.700
446	0.4405	0.9716	2.836
447	0.4326	0.9747	2.525
448	0.4388	0.9725	2.748
449	0.4314	0.9752	2.480
450	0.4364	0.9736	2.636
451	0.4325	0.9748	2.520
452	0.4359	0.9733	2.666
453	0.4371	0.9731	2.694
454	0.4344	0.9744	2.556
455	0.4368	0.9733	2.673
456	0.4276	0.9772	2.277
457	0.4250	0.9784	2.161
458	0.4379	0.9726	2.742
459	0.4391	0.9724	2.757
460	0.4371	0.9727	2.731
461	0.4377	0.9730	2.698
462	0.4379	0.9729	2.714
463	0.4387	0.9726	2.739
464	0.4386	0.9727	2.734
465	0.4387	0.9723	2.765
466	0.4373	0.9732	2.679
467	0.4334	0.9750	2.498
468	0.4363	0.9734	2.660
469	0.4403	0.9718	2.822
470	0.4342	0.9744	2.558
471	0.4413	0.9710	2.900
472	0.4295	0.9763	2.369
473	0.4375	0.9731	2.689
474	0.4397	0.9717	2.826
475	0.4238	0.9792	2.079
476	0.4395	0.9721	2.791
477	0.4374	0.9730	2.704
478	0.4359	0.9733	2.666
479	0.4370	0.9728	2.717
480	0.4332	0.9746	2.537
481	0.4236	0.9790	2.100
482	0.4383	0.9721	2.795
483	0.4391	0.9722	2.779
484	0.4347	0.9744	2.563
485	0.4353	0.9738	2.622
486	0.4380	0.9723	2.774
487	0.4399	0.9723	2.775
488	0.4375	0.9728	2.721
489	0.4326	0.9747	2.531
490	0.4297	0.9759	2.407
491	0.4328	0.9745	2.547
492	0.4366	0.9729	2.705
493	0.4376	0.9726	2.743
494	0.4405	0.9716	2.839
495	0.4370	0.9733	2.669
496	0.4404	0.9715	2.847
497	0.4387	0.9724	2.756
498	0.4363	0.9736	2.636
499	0.4376	0.9728	2.717
500	0.4393	0.9723	2.774
501	0.4275	0.9772	2.277
502	0.4344	0.9746	2.537
503	0.4344	0.9739	2.610
504	0.4392	0.9722	2.778
505	0.4385	0.9728	2.723
506	0.4249	0.9784	2.162
507	0.4377	0.9727	2.728
508	0.4387	0.9727	2.732
509	0.4387	0.9724	2.762
510	0.4365	0.9730	2.704
511	0.4329	0.9750	2.497
512	0.4351	0.9737	2.630
513	0.4395	0.9718	2.816
514	0.4340	0.9745	2.552
515	0.4218	0.9800	1.998
516	0.4258	0.9778	2.220
517	0.4367	0.9732	2.682
518	0.4396	0.9720	2.800
519	0.4351	0.9739	2.610
520	0.4409	0.9714	2.856
521	0.4393	0.9721	2.788
522	0.4342	0.9741	2.594
523	0.4390	0.9724	2.757
524	0.4324	0.9748	2.521
525	0.4374	0.9733	2.671
526	0.4332	0.9745	2.549
527	0.4312	0.9752	2.477
528	0.4378	0.9728	2.723
529	0.4369	0.9728	2.721
530	0.4386	0.9725	2.750
531	0.4380	0.9729	2.714
532	0.4402	0.9715	2.848
533	0.4352	0.9737	2.629
534	0.4337	0.9741	2.591
535	0.4401	0.9715	2.853
536	0.4313	0.9752	2.480
537	0.4387	0.9721	2.792
538	0.4383	0.9723	2.770
539	0.4355	0.9736	2.638
540	0.4366	0.9733	2.673
541	0.4385	0.9727	2.729
542	0.4376	0.9728	2.720
543	0.4389	0.9725	2.749
544	0.4393	0.9720	2.801
545	0.4399	0.9723	2.770
546	0.4261	0.9783	2.174
547	0.4235	0.9795	2.050
548	0.4381	0.9727	2.732
549	0.4234	0.9793	2.068
550	0.4325	0.9747	2.526
551	0.4373	0.9730	2.697
552	0.4367	0.9734	2.660
553	0.4365	0.9732	2.678
554	0.4391	0.9721	2.790
555	0.4370	0.9731	2.695
556	0.4377	0.9726	2.742
557	0.4317	0.9755	2.453
558	0.4383	0.9726	2.742
559	0.4358	0.9733	2.668
560	0.4343	0.9744	2.556
561	0.4386	0.9725	2.751
562	0.4376	0.9728	2.720
563	0.4382	0.9720	2.797
564	0.4383	0.9723	2.770
565	0.4398	0.9723	2.774
566	0.4294	0.9763	2.370
567	0.4375	0.9726	2.744
568	0.4376	0.9727	2.727
569	0.4408	0.9715	2.855
570	0.4365	0.9730	2.704
571	0.4341	0.9741	2.594
572	0.4366	0.9734	2.660
573	0.4393	0.9723	2.774
574	0.4394	0.9718	2.817
575	0.4343	0.9739	2.610
576	0.4274	0.9772	2.277
577	0.4351	0.9737	2.630
578	0.4374	0.9733	2.673
579	0.4312	0.9752	2.479
580	0.4323	0.9748	2.521
581	0.4391	0.9722	2.778
582	0.4384	0.9728	2.722
583	0.4390	0.9722	2.781
584	0.4352	0.9738	2.621
585	0.4236	0.9792	2.077
586	0.4369	0.9731	2.694
587	0.4324	0.9747	2.528
588	0.4235	0.9790	2.098
589	0.4366	0.9733	2.674
590	0.4342	0.9744	2.558
591	0.4325	0.9747	2.532
592	0.4340	0.9744	2.564
593	0.4395	0.9717	2.826
594	0.4361	0.9734	2.660
595	0.4392	0.9721	2.792
596	0.4336	0.9741	2.591
597	0.4365	0.9732	2.677
598	0.4339	0.9745	2.551
599	0.4343	0.9746	2.537
600	0.4257	0.9778	2.219
601	0.4385	0.9727	2.728
602	0.4217	0.9800	1.996
603	0.4384	0.9727	2.735
604	0.4375	0.9730	2.697
605	0.4331	0.9745	2.551
606	0.4401	0.9718	2.824
607	0.4377	0.9729	2.714
608	0.4366	0.9732	2.682
609	0.4345	0.9744	2.563
610	0.4400	0.9715	2.853
611	0.4377	0.9726	2.739
612	0.4376	0.9728	2.722
613	0.4295	0.9759	2.407
614	0.4330	0.9746	2.537
615	0.4358	0.9733	2.666
616	0.4395	0.9720	2.799
617	0.4389	0.9724	2.757
618	0.4390	0.9721	2.787
619	0.4388	0.9725	2.749
620	0.4349	0.9737	2.629
621	0.4368	0.9728	2.716
622	0.4363	0.9730	2.703
623	0.4392	0.9720	2.800
624	0.4411	0.9710	2.898
625	0.4328	0.9750	2.496
626	0.4369	0.9727	2.730
627	0.4385	0.9723	2.765
628	0.4354	0.9736	2.638
629	0.4386	0.9727	2.732
630	0.4349	0.9739	2.609
631	0.4361	0.9736	2.637
632	0.4372	0.9730	2.702
633	0.4378	0.9723	2.773
634	0.4402	0.9715	2.847
635	0.4368	0.9733	2.669
636	0.4401	0.9715	2.848
637	0.4379	0.9729	2.713
638	0.4370	0.9732	2.679
639	0.4403	0.9716	2.836
640	0.4386	0.9721	2.788
641	0.4248	0.9784	2.162
642	0.4373	0.9731	2.690
643	0.4393	0.9721	2.791
644	0.4382	0.9726	2.739
645	0.4311	0.9752	2.480
646	0.4380	0.9727	2.728
647	0.4260	0.9783	2.174
648	0.4385	0.9724	2.761
649	0.4367	0.9728	2.720
650	0.4234	0.9795	2.050
651	0.4385	0.9726	2.739
652	0.4331	0.9750	2.498
653	0.4316	0.9755	2.453
654	0.4374	0.9728	2.717
655	0.4356	0.9733	2.666
656	0.4385	0.9724	2.758
657	0.4397	0.9723	2.772
658	0.4233	0.9793	2.069
659	0.4372	0.9730	2.699
660	0.4326	0.9745	2.545
661	0.4373	0.9728	2.721
662	0.4369	0.9727	2.733
663	0.4382	0.9726	2.741
664	0.4365	0.9734	2.661
665	0.4340	0.9741	2.595
666	0.4390	0.9722	2.778
667	0.4364	0.9732	2.677
668	0.4376	0.9726	2.740
669	0.4407	0.9715	2.854
670	0.4326	0.9745	2.547
671	0.4341	0.9744	2.558
672	0.4235	0.9792	2.077
673	0.4351	0.9738	2.623
674	0.4233	0.9795	2.050
675	0.4365	0.9732	2.682
676	0.4315	0.9754	2.457
677	0.4367	0.9728	2.723
678	0.4382	0.9723	2.771
679	0.4368	0.9733	2.670
680	0.4365	0.9732	2.675
681	0.4393	0.9718	2.819
682	0.4394	0.9720	2.800
683	0.4360	0.9734	2.660
684	0.4339	0.9743	2.565
685	0.4375	0.9727	2.729
686	0.4384	0.9725	2.752
687	0.4400	0.9718	2.824
688	0.4349	0.9737	2.630
689	0.4373	0.9728	2.717
690	0.4323	0.9747	2.528
691	0.4329	0.9746	2.537
692	0.4350	0.9737	2.631
693	0.4374	0.9728	2.722
694	0.4338	0.9745	2.552
695	0.4335	0.9741	2.592
696	0.4255	0.9778	2.219
697	0.4362	0.9729	2.707
698	0.4385	0.9724	2.762
699	0.4373	0.9726	2.745
700	0.4384	0.9724	2.759
701	0.4387	0.9724	2.757
702	0.4375	0.9728	2.722
703	0.4259	0.9783	2.173
704	0.4356	0.9734	2.664
705	0.4371	0.9730	2.696
706	0.4331	0.9750	2.497
707	0.4344	0.9744	2.561
708	0.4385	0.9721	2.793
709	0.4366	0.9728	2.718
710	0.4356	0.9733	2.666
711	0.4392	0.9721	2.791
712	0.4232	0.9793	2.069
713	0.4398	0.9715	2.855
714	0.4363	0.9730	2.704
715	0.4372	0.9733	2.673
716	0.4321	0.9748	2.520
717	0.4383	0.9727	2.730
718	0.4348	0.9739	2.610
719	0.4410	0.9710	2.897
720	0.4233	0.9790	2.099
721	0.4246	0.9784	2.160
722	0.4375	0.9728	2.717
723	0.4326	0.9750	2.497
724	0.4294	0.9759	2.409
725	0.4390	0.9722	2.775
726	0.4382	0.9727	2.726
727	0.4292	0.9763	2.372
728	0.4369	0.9731	2.685
729	0.4396	0.9723	2.771
730	0.4396	0.9723	2.774
731	0.4376	0.9722	2.775
732	0.4387	0.9725	2.750
733	0.4378	0.9727	2.732
734	0.4384	0.9723	2.769
735	0.4374	0.9730	2.697
736	0.4372	0.9728	2.719
737	0.4323	0.9747	2.533
738	0.4383	0.9727	2.735
739	0.4377	0.9729	2.713
740	0.4372	0.9731	2.690
741	0.4389	0.9721	2.789
742	0.4399	0.9715	2.849
743	0.4309	0.9752	2.477
744	0.4329	0.9745	2.550
745	0.4387	0.9722	2.780
746	0.4390	0.9721	2.788
747	0.4393	0.9717	2.825
748	0.4352	0.9736	2.639
749	0.4391	0.9720	2.802
750	0.4310	0.9752	2.479
751	0.4400	0.9715	2.846
752	0.4370	0.9729	2.706
753	0.4215	0.9800	1.996
754	0.4341	0.9746	2.537
755	0.4367	0.9731	2.695
756	0.4360	0.9736	2.635
757	0.4379	0.9720	2.797
758	0.4384	0.9726	2.739
759	0.4401	0.9716	2.838
760	0.4341	0.9739	2.610
761	0.4384	0.9727	2.732
762	0.4272	0.9772	2.277
763	0.4369	0.9732	2.678
764	0.4377	0.9729	2.714
765	0.4255	0.9778	2.220
766	0.4366	0.9728	2.717
767	0.4361	0.9730	2.705
768	0.4384	0.9721	2.789
769	0.4232	0.9795	2.050
770	0.4382	0.9727	2.734
771	0.4233	0.9790	2.100
772	0.4367	0.9731	2.695
773	0.4406	0.9714	2.857
774	0.4373	0.9727	2.729
775	0.4338	0.9744	2.563
776	0.4409	0.9710	2.897
777	0.4341	0.9746	2.538
778	0.4390	0.9721	2.788
779	0.4330	0.9750	2.499
780	0.4364	0.9732	2.679
781	0.4395	0.9723	2.773
782	0.4384	0.9727	2.730
783	0.4363	0.9730	2.704
784	0.4321	0.9748	2.520
785	0.4372	0.9726	2.743
786	0.4383	0.9724	2.762
787	0.4390	0.9720	2.799
788	0.4391	0.9721	2.789
789	0.4383	0.9725	2.752
790	0.4397	0.9715	2.853
791	0.4390	0.9723	2.773
792	0.4378	0.9727	2.728
793	0.4214	0.9800	1.997
794	0.4371	0.9733	2.668
795	0.4354	0.9733	2.666
796	0.4291	0.9763	2.370
797	0.4309	0.9752	2.477
798	0.4348	0.9737	2.630
799	0.4386	0.9725	2.751
800	0.4324	0.9745	2.546
801	0.4395	0.9723	2.772
802	0.4342	0.9744	2.564
803	0.4369	0.9730	2.705
804	0.4333	0.9741	2.591
805	0.4367	0.9727	2.731
806	0.4401	0.9716	2.838
807	0.4355	0.9733	2.666
808	0.4383	0.9726	2.739
809	0.4271	0.9772	2.277
810	0.4375	0.9723	2.775
811	0.4358	0.9734	2.660
812	0.4382	0.9727	2.728
813	0.4233	0.9792	2.076
814	0.4383	0.9723	2.768
815	0.4365	0.9728	2.721
816	0.4398	0.9718	2.823
817	0.4340	0.9739	2.610
818	0.4373	0.9730	2.697
819	0.4386	0.9722	2.779
820	0.4392	0.9717	2.825
821	0.4339	0.9744	2.555
822	0.4245	0.9784	2.162
823	0.4321	0.9747	2.528
824	0.4391	0.9718	2.817
825	0.4322	0.9747	2.533
826	0.4336	0.9745	2.550
827	0.4230	0.9793	2.069
828	0.4337	0.9741	2.595
829	0.4380	0.9728	2.724
830	0.4349	0.9738	2.622
831	0.4363	0.9733	2.674
832	0.4380	0.9726	2.740
833	0.4371	0.9728	2.717
834	0.4257	0.9783	2.173
835	0.4365	0.9733	2.671
836	0.4374	0.9728	2.721
837	0.4308	0.9752	2.478
838	0.4363	0.9734	2.662
839	0.4369	0.9730	2.697
840	0.4382	0.9725	2.752
841	0.4387	0.9721	2.788
842	0.4374	0.9726	2.740
843	0.4392	0.9720	2.799
844	0.4292	0.9759	2.407
845	0.4313	0.9755	2.454
846	0.4399	0.9715	2.847
847	0.4346	0.9739	2.610
848	0.4346	0.9737	2.630
849	0.4328	0.9745	2.550
850	0.4370	0.9731	2.690
851	0.4325	0.9750	2.496
852	0.4385	0.9724	2.757
853	0.4379	0.9723	2.769
854	0.4371	0.9728	2.720
855	0.4327	0.9746	2.537
856	0.4372	0.9728	2.722
857	0.4373	0.9728	2.717
858	0.4361	0.9732	2.677
859	0.4351	0.9736	2.640
860	0.4398	0.9715	2.851
861	0.4358	0.9736	2.635
862	0.4378	0.9720	2.797
863	0.4387	0.9722	2.778
864	0.4360	0.9730	2.704
865	0.4348	0.9738	2.620
866	0.4391	0.9718	2.816
867	0.4358	0.9736	2.636
868	0.4382	0.9725	2.753
869	0.4231	0.9795	2.051
870	0.4323	0.9745	2.546
871	0.4346	0.9737	2.631
872	0.4358	0.9734	2.660
873	0.4376	0.9729	2.715
874	0.4232	0.9792	2.077
875	0.4292	0.9759	2.408
876	0.4394	0.9723	2.774
877	0.4383	0.9721	2.795
878	0.4231	0.9790	2.099
879	0.4244	0.9784	2.160
880	0.4379	0.9726	2.740
881	0.4372	0.9728	2.721
882	0.4321	0.9747	2.532
883	0.4379	0.9723	2.769
884	0.4362	0.9732	2.682
885	0.4382	0.9725	2.751
886	0.4371	0.9726	2.743
887	0.4354	0.9733	2.666
888	0.4373	0.9729	2.714
889	0.4324	0.9750	2.497
890	0.4397	0.9715	2.849
891	0.4320	0.9747	2.528
892	0.4364	0.9728	2.721
893	0.4372	0.9730	2.697
894	0.4381	0.9727	2.729
895	0.4327	0.9745	2.550
896	0.4381	0.9727	2.734
897	0.4364	0.9728	2.716
898	0.4335	0.9745	2.551
899	0.4366	0.9727	2.731
900	0.4350	0.9736	2.639
901	0.4398	0.9715	2.848
902	0.4376	0.9727	2.732
903	0.4385	0.9724	2.756
904	0.4390	0.9721	2.791
905	0.4377	0.9720	2.796
906	0.4326	0.9746	2.536
907	0.4382	0.9724	2.762
908	0.4386	0.9721	2.787
909	0.4407	0.9710	2.897
910	0.4370	0.9731	2.687
911	0.4365	0.9733	2.669
912	0.4368	0.9730	2.704
913	0.4370	0.9728	2.721
914	0.4379	0.9728	2.724
915	0.4319	0.9748	2.520
916	0.4388	0.9720	2.802
917	0.4360	0.9732	2.678
918	0.4213	0.9800	1.997
919	0.4384	0.9725	2.751
920	0.4345	0.9739	2.610
921	0.4361	0.9730	2.704
922	0.4370	0.9728	2.717
923	0.4328	0.9750	2.498
924	0.4385	0.9722	2.778
925	0.4388	0.9721	2.787
926	0.4386	0.9722	2.777
927	0.4391	0.9718	2.823
928	0.4229	0.9793	2.069
929	0.4336	0.9740	2.596
930	0.4374	0.9723	2.773
931	0.4307	0.9752	2.479
932	0.4339	0.9746	2.536
933	0.4252	0.9778	2.220
934	0.4368	0.9730	2.701
935	0.4403	0.9715	2.854
936	0.4347	0.9737	2.629
937	0.4331	0.9741	2.591
938	0.4382	0.9727	2.731
939	0.4369	0.9733	2.671
940	0.4372	0.9726	2.740
941	0.4269	0.9772	2.276
942	0.4289	0.9763	2.371
943	0.4307	0.9752	2.479
944	0.4361	0.9733	2.675
945	0.4390	0.9720	2.799
946	0.4336	0.9744	2.564
947	0.4256	0.9783	2.170
948	0.4361	0.9734	2.661
949	0.4399	0.9716	2.840
950	0.4372	0.9728	2.721
951	0.4338	0.9744	2.557
952	0.4352	0.9733	2.666
953	0.4371	0.9727	2.730
954	0.4393	0.9723	2.770
955	0.4397	0.9718	2.824
956	0.4387	0.9723	2.774
957	0.4338	0.9739	2.611
958	0.4381	0.9723	2.768
959	0.4395	0.9714	2.855
960	0.4340	0.9744	2.564
961	0.4366	0.9732	2.678
962	0.4312	0.9755	2.454
963	0.4364	0.9731	2.693
964	0.4381	0.9726	2.739
965	0.4323	0.9750	2.497
966	0.4306	0.9752	2.477
967	0.4229	0.9793	2.069
968	0.4356	0.9734	2.660
969	0.4369	0.9728	2.720
970	0.4374	0.9729	2.714
971	0.4397	0.9715	2.847
972	0.4407	0.9710	2.897
973	0.4307	0.9752	2.480
974	0.4338	0.9739	2.611
975	0.4363	0.9728	2.721
976	0.4327	0.9750	2.497
977	0.4364	0.9733	2.669
978	0.4378	0.9728	2.724
979	0.4337	0.9744	2.557
980	0.4357	0.9736	2.635
981	0.4381	0.9724	2.755
982	0.4403	0.9715	2.853
983	0.4359	0.9730	2.704
984	0.4371	0.9727	2.726
985	0.4396	0.9715	2.848
986	0.4369	0.9731	2.690
987	0.4388	0.9720	2.802
988	0.4376	0.9720	2.797
989	0.4268	0.9772	2.276
990	0.4372	0.9726	2.740
991	0.4325	0.9746	2.537
992	0.4320	0.9747	2.532
993	0.4364	0.9731	2.693
994	0.4396	0.9718	2.823
995	0.4380	0.9726	2.739
996	0.4331	0.9741	2.590
997	0.4367	0.9730	2.699
998	0.4370	0.9728	2.721
999	0.4377	0.9726	2.740
1000	0.4375	0.9727	2.730
1001	0.4384	0.9722	2.779
1002	0.4371	0.9728	2.721
1003	0.4252	0.9778	2.219
1004	0.4255	0.9783	2.173
1005	0.4385	0.9721	2.789
1006	0.4377	0.9723	2.768
1007	0.4242	0.9784	2.161
1008	0.4360	0.9733	2.674
1009	0.4394	0.9715	2.854
1010	0.4346	0.9737	2.630
1011	0.4231	0.9792	2.077
1012	0.4344	0.9737	2.630
1013	0.4367	0.9730	2.704
1014	0.4335	0.9740	2.596
1015	0.4311	0.9754	2.456
1016	0.4326	0.9745	2.552
1017	0.4319	0.9747	2.527
1018	0.4352	0.9733	2.668
1019	0.4229	0.9790	2.097
1020	0.4369	0.9728	2.723
1021	0.4380	0.9724	2.764
1022	0.4317	0.9748	2.519
1023	0.4364	0.9726	2.735
1024	0.4370	0.9730	2.698
1025	0.4380	0.9724	2.757
1026	0.4359	0.9732	2.679
1027	0.4360	0.9732	2.681
1028	0.4381	0.9720	2.797
1029	0.4383	0.9724	2.756
1030	0.4365	0.9731	2.686
1031	0.4288	0.9763	2.371
1032	0.4383	0.9725	2.752
1033	0.4360	0.9734	2.660
1034	0.4211	0.9800	1.997
1035	0.4371	0.9728	2.718
1036	0.4388	0.9718	2.817
1037	0.4380	0.9727	2.732
1038	0.4392	0.9723	2.775
1039	0.4321	0.9745	2.546
1040	0.4334	0.9745	2.551
1041	0.4362	0.9728	2.718
1042	0.4337	0.9746	2.537
1043	0.4380	0.9723	2.768
1044	0.4392	0.9723	2.769
1045	0.4367	0.9733	2.669
1046	0.4334	0.9744	2.560
1047	0.4351	0.9733	2.665
1048	0.4372	0.9723	2.774
1049	0.4344	0.9739	2.609
1050	0.4379	0.9726	2.736
1051	0.4359	0.9730	2.702
1052	0.4339	0.9744	2.564
1053	0.4348	0.9737	2.635
1054	0.4397	0.9716	2.836
1055	0.4389	0.9718	2.824
1056	0.4346	0.9738	2.618
1057	0.4385	0.9722	2.776
1058	0.4289	0.9760	2.405
1059	0.4389	0.9720	2.798
1060	0.4368	0.9726	2.739
1061	0.4386	0.9722	2.783
1062	0.4387	0.9721	2.786
1063	0.4386	0.9723	2.771
1064	0.4378	0.9727	2.725
1065	0.4228	0.9795	2.049
1066	0.4388	0.9719	2.815
1067	0.4380	0.9721	2.789
1068	0.4343	0.9740	2.604
1069	0.4386	0.9722	2.784
1070	0.4310	0.9755	2.453
1071	0.4326	0.9751	2.494
1072	0.4368	0.9726	2.737
1073	0.4369	0.9730	2.697
1074	0.4268	0.9773	2.274
1075	0.4378	0.9726	2.741
1076	0.4337	0.9747	2.534
1077	0.4378	0.9727	2.725
1078	0.4401	0.9715	2.852
1079	0.4392	0.9723	2.769
1080	0.4317	0.9749	2.515
1081	0.4374	0.9727	2.727
1082	0.4386	0.9723	2.770
1083	0.4251	0.9778	2.221
1084	0.4366	0.9730	2.703
1085	0.4322	0.9750	2.497
1086	0.4359	0.9730	2.704
1087	0.4389	0.9718	2.824
1088	0.4287	0.9763	2.369
1089	0.4396	0.9715	2.846
1090	0.4384	0.9721	2.787
1091	0.4367	0.9733	2.667
1092	0.4379	0.9725	2.748
1093	0.4379	0.9726	2.739
1094	0.4384	0.9723	2.775
1095	0.4368	0.9729	2.715
1096	0.4388	0.9720	2.796
1097	0.4338	0.9743	2.568
1098	0.4387	0.9721	2.786
1099	0.4358	0.9732	2.676
1100	0.4391	0.9723	2.767
1101	0.4357	0.9730	2.700
1102	0.4361	0.9729	2.712
1103	0.4372	0.9729	2.710
1104	0.4305	0.9752	2.477
1105	0.4366	0.9730	2.701
1106	0.4396	0.9717	2.835
1107	0.4370	0.9728	2.724
1108	0.4333	0.9744	2.557
1109	0.4359	0.9734	2.664
1110	0.4345	0.9738	2.616
1111	0.4394	0.9715	2.846
1112	0.4325	0.9745	2.548
1113	0.4394	0.9718	2.823
1114	0.4379	0.9724	2.763
1115	0.4367	0.9731	2.689
1116	0.4241	0.9784	2.161
1117	0.4343	0.9738	2.624
1118	0.4350	0.9734	2.664
1119	0.4332	0.9745	2.553
1120	0.4374	0.9721	2.793
1121	0.4382	0.9724	2.757
1122	0.4371	0.9722	2.775
1123	0.4335	0.9745	2.552
1124	0.4386	0.9720	2.796
1125	0.4362	0.9731	2.693
1126	0.4393	0.9715	2.853
1127	0.4323	0.9747	2.535
1128	0.4329	0.9741	2.591
1129	0.4376	0.9727	2.729
1130	0.4382	0.9722	2.781
1131	0.4227	0.9793	2.068
1132	0.4289	0.9760	2.405
1133	0.4376	0.9726	2.739
1134	0.4355	0.9736	2.640
1135	0.4351	0.9734	2.663
1136	0.4354	0.9734	2.661
1137	0.4344	0.9737	2.626
1138	0.4304	0.9752	2.480
1139	0.4227	0.9795	2.051
1140	0.4317	0.9747	2.526
1141	0.4359	0.9734	2.660
1142	0.4347	0.9737	2.634
1143	0.4364	0.9732	2.680
1144	0.4320	0.9746	2.544
1145	0.4379	0.9724	2.762
1146	0.4318	0.9747	2.531
1147	0.4210	0.9800	1.997
1148	0.4253	0.9783	2.173
1149	0.4336	0.9739	2.607
1150	0.4381	0.9725	2.749
1151	0.4362	0.9727	2.733
1152	0.4375	0.9723	2.770
1153	0.4333	0.9740	2.595
1154	0.4369	0.9728	2.718
1155	0.4368	0.9728	2.721
1156	0.4378	0.9724	2.757
1157	0.4367	0.9728	2.720
1158	0.4369	0.9726	2.741
1159	0.4368	0.9727	2.728
1160	0.4359	0.9732	2.682
1161	0.4379	0.9727	2.731
1162	0.4228	0.9790	2.099
1163	0.4360	0.9728	2.721
1164	0.4404	0.9710	2.896
1165	0.4361	0.9733	2.670
1166	0.4229	0.9792	2.077
1167	0.4227	0.9790	2.098
1168	0.4378	0.9726	2.739
1169	0.4325	0.9750	2.496
1170	0.4379	0.9721	2.794
1171	0.4346	0.9736	2.640
1172	0.4368	0.9727	2.728
1173	0.4356	0.9730	2.704
1174	0.4390	0.9723	2.774
1175	0.4343	0.9737	2.629
1176	0.4367	0.9728	2.719
1177	0.4374	0.9720	2.796
1178	0.4378	0.9723	2.770
1179	0.4333	0.9744	2.564
1180	0.4378	0.9724	2.757
1181	0.4369	0.9728	2.721
1182	0.4383	0.9722	2.778
1183	0.4376	0.9728	2.723
1184	0.4364	0.9730	2.704
1185	0.4370	0.9723	2.774
1186	0.4288	0.9759	2.407
1187	0.4353	0.9734	2.660
1188	0.4393	0.9715	2.849
1189	0.4315	0.9748	2.522
1190	0.4349	0.9733	2.665
1191	0.4361	0.9731	2.693
1192	0.4385	0.9720	2.801
1193	0.4372	0.9727	2.732
1194	0.4375	0.9723	2.768
1195	0.4354	0.9737	2.635
1196	0.4393	0.9718	2.824
1197	0.4303	0.9752	2.477
1198	0.4226	0.9793	2.069
1199	0.4378	0.9724	2.763
1200	0.4363	0.9732	2.682
1201	0.4334	0.9744	2.555
1202	0.4369	0.9729	2.714
1203	0.4266	0.9772	2.276
1204	0.4252	0.9783	2.173
1205	0.4378	0.9725	2.752
1206	0.4371	0.9729	2.713
1207	0.4344	0.9738	2.620
1208	0.4366	0.9731	2.690
1209	0.4367	0.9728	2.721
1210	0.4335	0.9739	2.609
1211	0.4226	0.9795	2.051
1212	0.4384	0.9722	2.775
1213	0.4358	0.9734	2.660
1214	0.4381	0.9724	2.756
1215	0.4358	0.9732	2.680
1216	0.4328	0.9741	2.592
1217	0.4249	0.9778	2.219
1218	0.4319	0.9745	2.546
1219	0.4376	0.9726	2.736
1220	0.4375	0.9726	2.743
1221	0.4357	0.9730	2.702
1222	0.4341	0.9739	2.612
1223	0.4360	0.9728	2.721
1224	0.4387	0.9720	2.799
1225	0.4240	0.9784	2.161
1226	0.4356	0.9732	2.678
1227	0.4366	0.9726	2.745
1228	0.4385	0.9721	2.789
1229	0.4376	0.9727	2.730
1230	0.4361	0.9727	2.731
1231	0.4391	0.9715	2.854
1232	0.4384	0.9721	2.791
1233	0.4331	0.9745	2.551
1234	0.4332	0.9741	2.595
1235	0.4403	0.9710	2.897
1236	0.4367	0.9730	2.696
1237	0.4359	0.9728	2.720
1238	0.4285	0.9763	2.370
1239	0.4395	0.9716	2.837
1240	0.4341	0.9737	2.630
1241	0.4349	0.9733	2.666
1242	0.4366	0.9728	2.721
1243	0.4387	0.9718	2.824
1244	0.4386	0.9718	2.816
1245	0.4382	0.9721	2.787
1246	0.4364	0.9730	2.699
1247	0.4228	0.9792	2.077
1248	0.4316	0.9747	2.532
1249	0.4357	0.9733	2.675
1250	0.4399	0.9714	2.855
1251	0.4319	0.9750	2.496
1252	0.4380	0.9725	2.750
1253	0.4377	0.9727	2.731
1254	0.4303	0.9752	2.479
1255	0.4365	0.9733	2.672
1256	0.4308	0.9755	2.455
1257	0.4389	0.9723	2.770
1258	0.4336	0.9744	2.563
1259	0.4394	0.9715	2.848
1260	0.4381	0.9722	2.780
1261	0.4334	0.9746	2.536
1262	0.4321	0.9746	2.536
1263	0.4368	0.9726	2.739
1264	0.4315	0.9747	2.526
1265	0.4208	0.9800	1.997
1266	0.4360	0.9733	2.668
1267	0.4322	0.9745	2.550
1268	0.4376	0.9727	2.729
1269	0.4348	0.9733	2.666
1270	0.4399	0.9715	2.854
1271	0.4334	0.9746	2.538
1272	0.4321	0.9746	2.536
1273	0.4367	0.9727	2.727
1274	0.4378	0.9721	2.791
1275	0.4368	0.9728	2.720
1276	0.4287	0.9759	2.406
1277	0.4377	0.9727	2.731
1278	0.4385	0.9721	2.792
1279	0.4365	0.9728	2.720
1280	0.4333	0.9745	2.554
1281	0.4377	0.9724	2.760
1282	0.4345	0.9737	2.634
1283	0.4391	0.9715	2.852
1284	0.4226	0.9790	2.102
1285	0.4386	0.9717	2.826
1286	0.4383	0.9721	2.787
1287	0.4357	0.9734	2.660
1288	0.4349	0.9734	2.664
1289	0.4389	0.9723	2.771
1290	0.4224	0.9793	2.069
1291	0.4314	0.9748	2.520
1292	0.4239	0.9784	2.162
1293	0.4365	0.9726	2.744
1294	0.4374	0.9728	2.724
1295	0.4365	0.9729	2.714
1296	0.4264	0.9772	2.276
1297	0.4394	0.9716	2.836
1298	0.4340	0.9737	2.628
1299	0.4392	0.9715	2.847
1300	0.4363	0.9730	2.699
1301	0.4366	0.9730	2.696
1302	0.4376	0.9724	2.764
1303	0.4371	0.9727	2.727
1304	0.4208	0.9800	1.997
1305	0.4355	0.9732	2.677
1306	0.4373	0.9726	2.740
1307	0.4379	0.9724	2.757
1308	0.4302	0.9752	2.478
1309	0.4356	0.9733	2.669
1310	0.4319	0.9750	2.496
1311	0.4367	0.9726	2.739
1312	0.4379	0.9725	2.748
1313	0.4302	0.9752	2.480
1314	0.4366	0.9728	2.720
1315	0.4330	0.9745	2.549
1316	0.4364	0.9731	2.686
1317	0.4373	0.9723	2.771
1318	0.4355	0.9730	2.703
1319	0.4402	0.9710	2.899
1320	0.4322	0.9745	2.550
1321	0.4376	0.9726	2.739
1322	0.4227	0.9792	2.078
1323	0.4322	0.9750	2.497
1324	0.4326	0.9741	2.590
1325	0.4315	0.9747	2.531
1326	0.4383	0.9720	2.802
1327	0.4334	0.9739	2.609
1328	0.4315	0.9747	2.528
1329	0.4362	0.9730	2.704
1330	0.4358	0.9728	2.717
1331	0.4251	0.9783	2.170
1332	0.4370	0.9729	2.712
1333	0.4352	0.9737	2.635
1334	0.4284	0.9763	2.370
1335	0.4388	0.9723	2.769
1336	0.4391	0.9718	2.824
1337	0.4359	0.9733	2.669
1338	0.4354	0.9730	2.704
1339	0.4317	0.9746	2.545
1340	0.4359	0.9731	2.694
1341	0.4380	0.9722	2.778
1342	0.4381	0.9721	2.787
1343	0.4392	0.9715	2.847
1344	0.4363	0.9733	2.670
1345	0.4225	0.9795	2.050
1346	0.4330	0.9744	2.564
1347	0.4331	0.9741	2.595
1348	0.4360	0.9727	2.731
1349	0.4368	0.9723	2.774
1350	0.4307	0.9754	2.457
1351	0.4382	0.9723	2.775
1352	0.4341	0.9737	2.630
1353	0.4335	0.9744	2.562
1354	0.4376	0.9724	2.759
1355	0.4351	0.9734	2.660
1356	0.4371	0.9720	2.798
1357	0.4247	0.9778	2.218
1358	0.4385	0.9720	2.799
1359	0.4356	0.9732	2.680
1360	0.4358	0.9728	2.722
1361	0.4381	0.9722	2.779
1362	0.4374	0.9727	2.734
1363	0.4339	0.9739	2.611
1364	0.4342	0.9738	2.623
1365	0.4384	0.9718	2.817
1366	0.4361	0.9732	2.682
1367	0.4375	0.9725	2.748
1368	0.4367	0.9729	2.712
1369	0.4314	0.9747	2.527
1370	0.4392	0.9715	2.848
1371	0.4330	0.9744	2.561
1372	0.4223	0.9793	2.069
1373	0.4207	0.9800	1.997
1374	0.4376	0.9720	2.795
1375	0.4384	0.9718	2.816
1376	0.4389	0.9715	2.853
1377	0.4342	0.9738	2.620
1378	0.4371	0.9720	2.797
1379	0.4362	0.9730	2.705
1380	0.4333	0.9746	2.537
1381	0.4385	0.9717	2.826
1382	0.4365	0.9727	2.726
1383	0.4348	0.9733	2.666
1384	0.4361	0.9732	2.679
1385	0.4285	0.9759	2.406
1386	0.4401	0.9710	2.897
1387	0.4378	0.9724	2.757
1388	0.4355	0.9730	2.702
1389	0.4358	0.9733	2.669
1390	0.4362	0.9730	2.700
1391	0.4246	0.9778	2.219
1392	0.4376	0.9727	2.731
1393	0.4237	0.9784	2.161
1394	0.4380	0.9721	2.788
1395	0.4366	0.9726	2.740
1396	0.4365	0.9728	2.719
1397	0.4374	0.9727	2.735
1398	0.4301	0.9752	2.480
1399	0.4330	0.9741	2.594
1400	0.4373	0.9728	2.722
1401	0.4358	0.9731	2.693
1402	0.4372	0.9726	2.739
1403	0.4314	0.9747	2.530
1404	0.4366	0.9729	2.712
1405	0.4312	0.9748	2.521
1406	0.4316	0.9746	2.545
1407	0.4384	0.9720	2.799
1408	0.4387	0.9723	2.774
1409	0.4363	0.9728	2.721
1410	0.4224	0.9790	2.100
1411	0.4346	0.9733	2.666
1412	0.4390	0.9718	2.823
1413	0.4355	0.9734	2.662
1414	0.4393	0.9716	2.837
1415	0.4339	0.9739	2.609
1416	0.4390	0.9715	2.846
1417	0.4372	0.9723	2.771
1418	0.4375	0.9724	2.759
1419	0.4380	0.9722	2.777
1420	0.4375	0.9726	2.739
1421	0.4340	0.9737	2.626
1422	0.4225	0.9792	2.080
1423	0.4369	0.9727	2.727
1424	0.4283	0.9763	2.369
1425	0.4357	0.9728	2.717
1426	0.4334	0.9744	2.564
1427	0.4331	0.9745	2.554
1428	0.4359	0.9727	2.730
1429	0.4374	0.9727	2.728
1430	0.4325	0.9741	2.591
1431	0.4328	0.9745	2.551
1432	0.4353	0.9730	2.704
1433	0.4377	0.9725	2.748
1434	0.4375	0.9725	2.753
1435	0.4381	0.9721	2.787
1436	0.4332	0.9739	2.610
1437	0.4368	0.9729	2.711
1438	0.4317	0.9750	2.497
1439	0.4362	0.9733	2.668
1440	0.4263	0.9773	2.275
1441	0.4355	0.9732	2.679
1442	0.4363	0.9731	2.687
1443	0.4321	0.9750	2.497
1444	0.4354	0.9733	2.669
1445	0.4319	0.9746	2.535
1446	0.4357	0.9728	2.721
1447	0.4397	0.9715	2.853
1448	0.4382	0.9721	2.791
1449	0.4305	0.9755	2.454
1450	0.4223	0.9795	2.051
1451	0.4343	0.9736	2.638
1452	0.4378	0.9722	2.779
1453	0.4353	0.9732	2.676
1454	0.4364	0.9731	2.695
1455	0.4363	0.9726	2.743
1456	0.4350	0.9734	2.660
1457	0.4374	0.9724	2.764
1458	0.4381	0.9723	2.775
1459	0.4374	0.9725	2.747
1460	0.4381	0.9720	2.799
1461	0.4320	0.9745	2.550
1462	0.4387	0.9723	2.770
1463	0.4300	0.9752	2.478
1464	0.4338	0.9737	2.628
1465	0.4365	0.9728	2.721
1466	0.4249	0.9783	2.173
1467	0.4363	0.9728	2.717
1468	0.4367	0.9723	2.774
1469	0.4350	0.9737	2.634
1470	0.4368	0.9728	2.716
1471	0.4364	0.9730	2.695
1472	0.4390	0.9718	2.824
1473	0.4319	0.9746	2.536
1474	0.4324	0.9741	2.591
1475	0.4386	0.9723	2.770
1476	0.4379	0.9722	2.778
1477	0.4372	0.9727	2.726
1478	0.4245	0.9778	2.220
1479	0.4374	0.9724	2.759
1480	0.4362	0.9731	2.687
1481	0.4386	0.9723	2.774
1482	0.4382	0.9719	2.815
1483	0.4346	0.9734	2.665
1484	0.4282	0.9763	2.370
1485	0.4338	0.9737	2.629
1486	0.4374	0.9725	2.753
1487	0.4371	0.9726	2.740
1488	0.4391	0.9715	2.846
1489	0.4358	0.9727	2.730
1490	0.4357	0.9733	2.668
1491	0.4313	0.9747	2.530
1492	0.4396	0.9715	2.853
1493	0.4262	0.9772	2.277
1494	0.4315	0.9746	2.544
1495	0.4339	0.9737	2.629
1496	0.4359	0.9732	2.681
1497	0.4342	0.9736	2.639
1498	0.4299	0.9752	2.480
1499	0.4311	0.9748	2.519
1500	0.4380	0.9721	2.790
1501	0.4340	0.9738	2.621
1502	0.4316	0.9750	2.495
1503	0.4369	0.9720	2.796
1504	0.4345	0.9734	2.665
1505	0.4353	0.9732	2.677
1506	0.4352	0.9730	2.703
1507	0.4373	0.9723	2.769
1508	0.4331	0.9739	2.609
1509	0.4383	0.9720	2.799
1510	0.4379	0.9721	2.787
1511	0.4283	0.9759	2.407
1512	0.4360	0.9730	2.704
1513	0.4365	0.9728	2.721
1514	0.4354	0.9734	2.662
1515	0.4330	0.9745	2.554
1516	0.4337	0.9739	2.608
1517	0.4333	0.9744	2.564
1518	0.4388	0.9715	2.852
1519	0.4248	0.9783	2.173
1520	0.4380	0.9723	2.773
1521	0.4377	0.9724	2.757
1522	0.4381	0.9721	2.789
1523	0.4365	0.9729	2.714
1524	0.4349	0.9734	2.660
1525	0.4362	0.9726	2.743
1526	0.4363	0.9728	2.720
1527	0.4349	0.9736	2.636
1528	0.4372	0.9726	2.737
1529	0.4363	0.9727	2.725
1530	0.4356	0.9728	2.717
1531	0.4236	0.9784	2.160
1532	0.4328	0.9741	2.595
1533	0.4356	0.9728	2.720
1534	0.4374	0.9721	2.791
1535	0.4362	0.9728	2.716
1536	0.4389	0.9715	2.848
1537	0.4368	0.9727	2.729
1538	0.4328	0.9744	2.562
1539	0.4370	0.9723	2.770
1540	0.4327	0.9745	2.550
1541	0.4380	0.9720	2.799
1542	0.4364	0.9726	2.737
1543	0.4319	0.9745	2.547
1544	0.4362	0.9728	2.717
1545	0.4366	0.9723	2.773
1546	0.4221	0.9793	2.068
1547	0.4360	0.9730	2.699
1548	0.4357	0.9731	2.694
1549	0.4373	0.9727	2.731
1550	0.4330	0.9746	2.536
1551	0.4391	0.9716	2.837
1552	0.4319	0.9750	2.496
1553	0.4204	0.9800	1.998
1554	0.4299	0.9752	2.481
1555	0.4383	0.9718	2.824
1556	0.4353	0.9732	2.680
1557	0.4373	0.9725	2.747
1558	0.4377	0.9722	2.778
1559	0.4222	0.9795	2.051
1560	0.4223	0.9792	2.078
1561	0.4376	0.9725	2.749
1562	0.4304	0.9755	2.454
1563	0.4352	0.9730	2.702
1564	0.4372	0.9727	2.728
1565	0.4311	0.9747	2.528
1566	0.4360	0.9733	2.670
1567	0.4373	0.9726	2.738
1568	0.4399	0.9710	2.897
1569	0.4222	0.9790	2.101
1570	0.4353	0.9733	2.673
1571	0.4362	0.9728	2.716
1572	0.4319	0.9750	2.496
1573	0.4248	0.9783	2.172
1574	0.4364	0.9728	2.720
1575	0.4355	0.9728	2.721
1576	0.4366	0.9729	2.713
1577	0.4314	0.9745	2.545
1578	0.4235	0.9784	2.160
1579	0.4395	0.9714	2.858
1580	0.4361	0.9731	2.690
1581	0.4373	0.9727	2.731
1582	0.4356	0.9731	2.694
1583	0.4329	0.9744	2.556
1584	0.4330	0.9739	2.607
1585	0.4378	0.9721	2.791
1586	0.4388	0.9715	2.851
1587	0.4357	0.9727	2.731
1588	0.4371	0.9727	2.734
1589	0.4398	0.9710	2.896
1590	0.4362	0.9731	2.694
1591	0.4385	0.9723	2.773
1592	0.4380	0.9720	2.800
1593	0.4355	0.9733	2.668
1594	0.4359	0.9730	2.704
1595	0.4364	0.9726	2.740
1596	0.4376	0.9724	2.757
1597	0.4376	0.9722	2.778
1598	0.4338	0.9737	2.628
1599	0.4318	0.9745	2.550
1600	0.4359	0.9730	2.698
1601	0.4379	0.9722	2.775
1602	0.4348	0.9734	2.660
1603	0.4369	0.9723	2.769
1604	0.4361	0.9728	2.719
1605	0.4311	0.9747	2.527
1606	0.4372	0.9723	2.765
1607	0.4353	0.9732	2.681
1608	0.4377	0.9722	2.777
1609	0.4332	0.9744	2.563
1610	0.4380	0.9721	2.791
1611	0.4298	0.9752	2.481
1612	0.4365	0.9723	2.774
1613	0.4372	0.9726	2.739
1614	0.4260	0.9772	2.275
1615	0.4381	0.9720	2.799
1616	0.4350	0.9730	2.704
1617	0.4352	0.9733	2.673
1618	0.4363	0.9729	2.712
1619	0.4311	0.9747	2.530
1620	0.4298	0.9752	2.478
1621	0.4338	0.9738	2.619
1622	0.4370	0.9728	2.723
1623	0.4203	0.9800	1.997
1624	0.4372	0.9725	2.753
1625	0.4309	0.9748	2.521
1626	0.4327	0.9741	2.595
1627	0.4382	0.9718	2.824
1628	0.4348	0.9737	2.634
1629	0.4388	0.9718	2.824
1630	0.4366	0.9727	2.728
1631	0.4354	0.9728	2.718
1632	0.4336	0.9737	2.629
1633	0.4329	0.9746	2.536
1634	0.4362	0.9728	2.720
1635	0.4280	0.9763	2.369
1636	0.4314	0.9750	2.496
1637	0.4352	0.9734	2.663
1638	0.4380	0.9719	2.815
1639	0.4243	0.9778	2.219
1640	0.4336	0.9739	2.610
1641	0.4384	0.9723	2.770
1642	0.4351	0.9730	2.703
1643	0.4222	0.9792	2.078
1644	0.4343	0.9734	2.664
1645	0.4220	0.9793	2.069
1646	0.4372	0.9725	2.750
1647	0.4367	0.9720	2.796
1648	0.4326	0.9744	2.563
1649	0.4322	0.9741	2.590
1650	0.4357	0.9732	2.682
1651	0.4374	0.9725	2.748
1652	0.4351	0.9732	2.676
1653	0.4281	0.9759	2.408
1654	0.4389	0.9716	2.836
1655	0.4386	0.9715	2.852
1656	0.4303	0.9754	2.455
1657	0.4378	0.9721	2.787
1658	0.4388	0.9715	2.847
1659	0.4372	0.9724	2.759
1660	0.4373	0.9721	2.791
1661	0.4325	0.9745	2.549
1662	0.4360	0.9726	2.739
1663	0.4369	0.9726	2.739
1664	0.4221	0.9795	2.051
1665	0.4344	0.9734	2.664
1666	0.4316	0.9746	2.535
1667	0.4221	0.9790	2.102
1668	0.4340	0.9736	2.637
1669	0.4370	0.9727	2.728
1670	0.4362	0.9727	2.726
1671	0.4359	0.9733	2.667
1672	0.4344	0.9734	2.664
1673	0.4369	0.9728	2.725
1674	0.4358	0.9730	2.704
1675	0.4297	0.9752	2.481
1676	0.4335	0.9739	2.608
1677	0.4311	0.9747	2.529
1678	0.4335	0.9737	2.629
1679	0.4351	0.9730	2.703
1680	0.4350	0.9732	2.675
1681	0.4352	0.9732	2.681
1682	0.4347	0.9737	2.634
1683	0.4359	0.9733	2.667
1684	0.4351	0.9733	2.669
1685	0.4376	0.9721	2.787
1686	0.4383	0.9723	2.771
1687	0.4297	0.9752	2.479
1688	0.4361	0.9730	2.695
1689	0.4364	0.9723	2.772
1690	0.4357	0.9732	2.681
1691	0.4310	0.9748	2.524
1692	0.4309	0.9748	2.519
1693	0.4372	0.9721	2.791
1694	0.4389	0.9716	2.836
1695	0.4358	0.9730	2.701
1696	0.4384	0.9723	2.771
1697	0.4326	0.9744	2.557
1698	0.4259	0.9773	2.274
1699	0.4362	0.9729	2.711
1700	0.4222	0.9792	2.079
1701	0.4367	0.9720	2.795
1702	0.4325	0.9745	2.550
1703	0.4379	0.9721	2.786
1704	0.4339	0.9737	2.632
1705	0.4317	0.9750	2.496
1706	0.4330	0.9743	2.566
1707	0.4351	0.9734	2.659
1708	0.4246	0.9783	2.173
1709	0.4371	0.9725	2.748
1710	0.4385	0.9715	2.851
1711	0.4220	0.9795	2.051
1712	0.4354	0.9733	2.670
1713	0.4386	0.9715	2.847
1714	0.4321	0.9741	2.590
1715	0.4361	0.9728	2.719
1716	0.4370	0.9726	2.735
1717	0.4365	0.9727	2.729
1718	0.4380	0.9718	2.825
1719	0.4346	0.9734	2.660
1720	0.4379	0.9719	2.814
1721	0.4349	0.9730	2.704
1722	0.4380	0.9720	2.797
1723	0.4368	0.9723	2.771
1724	0.4393	0.9715	2.851
1725	0.4315	0.9747	2.535
1726	0.4377	0.9721	2.786
1727	0.4219	0.9793	2.069
1728	0.4328	0.9739	2.610
1729	0.4386	0.9718	2.824
1730	0.4362	0.9728	2.721
1731	0.4364	0.9729	2.712
1732	0.4368	0.9726	2.739
1733	0.4369	0.9728	2.725
1734	0.4302	0.9755	2.452
1735	0.4371	0.9724	2.760
1736	0.4374	0.9724	2.760
1737	0.4378	0.9720	2.798
1738	0.4359	0.9731	2.691
1739	0.4342	0.9734	2.664
1740	0.4280	0.9759	2.405
1741	0.4313	0.9750	2.496
1742	0.4371	0.9726	2.739
1743	0.4371	0.9725	2.752
1744	0.4202	0.9800	1.997
1745	0.4353	0.9728	2.717
1746	0.4233	0.9784	2.162
1747	0.4371	0.9727	2.730
1748	0.4354	0.9727	2.730
1749	0.4373	0.9725	2.748
1750	0.4312	0.9746	2.544
1751	0.4387	0.9715	2.847
1752	0.4362	0.9726	2.740
1753	0.4359	0.9729	2.713
1754	0.4374	0.9722	2.778
1755	0.4328	0.9746	2.536
1756	0.4337	0.9738	2.617
1757	0.4375	0.9722	2.777
1758	0.4370	0.9724	2.765
1759	0.4360	0.9728	2.723
1760	0.4359	0.9726	2.738
1761	0.4359	0.9728	2.720
1762	0.4220	0.9790	2.103
1763	0.4327	0.9745	2.552
1764	0.4377	0.9723	2.773
1765	0.4352	0.9728	2.721
1766	0.4396	0.9710	2.899
1767	0.4242	0.9778	2.220
1768	0.4325	0.9741	2.594
1769	0.4336	0.9737	2.629
1770	0.4278	0.9763	2.369
1771	0.4316	0.9745	2.549
1772	0.4354	0.9731	2.694
1773	0.4301	0.9754	2.457
1774	0.4360	0.9728	2.720
1775	0.4350	0.9732	2.677
1776	0.4312	0.9751	2.494
1777	0.4334	0.9737	2.629
1778	0.4360	0.9730	2.698
1779	0.4315	0.9745	2.552
1780	0.4346	0.9737	2.633
1781	0.4375	0.9722	2.777
1782	0.4338	0.9736	2.640
1783	0.4342	0.9733	2.665
1784	0.4367	0.9723	2.768
1785	0.4220	0.9792	2.076
1786	0.4366	0.9720	2.798
1787	0.4359	0.9728	2.719
1788	0.4356	0.9730	2.705
1789	0.4369	0.9727	2.732
1790	0.4378	0.9718	2.816
1791	0.4334	0.9739	2.611
1792	0.4232	0.9784	2.160
1793	0.4370	0.9726	2.739
1794	0.4258	0.9773	2.274
1795	0.4350	0.9732	2.678
1796	0.4378	0.9721	2.788
1797	0.4309	0.9747	2.529
1798	0.4329	0.9744	2.559
1799	0.4375	0.9721	2.788
1800	0.4350	0.9734	2.661
1801	0.4369	0.9727	2.734
1802	0.4386	0.9715	2.847
1803	0.4295	0.9752	2.478
1804	0.4355	0.9732	2.679
1805	0.4385	0.9718	2.824
1806	0.4358	0.9731	2.688
1807	0.4370	0.9724	2.760
1808	0.4360	0.9727	2.726
1809	0.4316	0.9750	2.496
1810	0.4279	0.9759	2.406
1811	0.4320	0.9741	2.590
1812	0.4335	0.9737	2.630
1813	0.4384	0.9715	2.853
1814	0.4244	0.9783	2.170
1815	0.4353	0.9731	2.694
1816	0.4341	0.9734	2.664
1817	0.4369	0.9723	2.769
1818	0.4345	0.9734	2.660
1819	0.4361	0.9728	2.717
1820	0.4358	0.9726	2.744
1821	0.4370	0.9724	2.756
1822	0.4323	0.9745	2.551
1823	0.4376	0.9723	2.775
1824	0.4326	0.9744	2.555
1825	0.4327	0.9739	2.609
1826	0.4373	0.9722	2.778
1827	0.4241	0.9778	2.218
1828	0.4353	0.9727	2.731
1829	0.4376	0.9721	2.789
1830	0.4379	0.9717	2.825
1831	0.4395	0.9710	2.897
1832	0.4277	0.9763	2.369
1833	0.4349	0.9730	2.701
1834	0.4356	0.9731	2.695
1835	0.4364	0.9727	2.731
1836	0.4311	0.9746	2.543
1837	0.4324	0.9744	2.563
1838	0.4360	0.9726	2.740
1839	0.4363	0.9729	2.713
1840	0.4376	0.9720	2.800
1841	0.4387	0.9716	2.837
1842	0.4385	0.9715	2.848
1843	0.4370	0.9721	2.790
1844	0.4381	0.9723	2.774
1845	0.4370	0.9727	2.731
1846	0.4378	0.9720	2.797
1847	0.4351	0.9728	2.716
1848	0.4308	0.9747	2.525
1849	0.4348	0.9732	2.675
1850	0.4372	0.9725	2.748
1851	0.4347	0.9730	2.703
1852	0.4352	0.9733	2.668
1853	0.4391	0.9715	2.852
1854	0.4357	0.9728	2.717
1855	0.4367	0.9727	2.725
1856	0.4335	0.9738	2.617
1857	0.4306	0.9748	2.519
1858	0.4381	0.9723	2.771
1859	0.4351	0.9728	2.720
1860	0.4369	0.9725	2.748
1861	0.4326	0.9747	2.533
1862	0.4356	0.9733	2.665
1863	0.4218	0.9795	2.050
1864	0.4295	0.9752	2.480
1865	0.4200	0.9800	1.997
1866	0.4313	0.9746	2.536
1867	0.4217	0.9793	2.069
1868	0.4361	0.9723	2.774
1869	0.4366	0.9726	2.739
1870	0.4372	0.9724	2.756
1871	0.4218	0.9790	2.100
1872	0.4324	0.9740	2.595
1873	0.4360	0.9728	2.720
1874	0.4372	0.9724	2.758
1875	0.4315	0.9750	2.495
1876	0.4310	0.9746	2.544
1877	0.4358	0.9728	2.716
1878	0.4277	0.9763	2.369
1879	0.4374	0.9722	2.778
1880	0.4300	0.9754	2.455
1881	0.4368	0.9723	2.766
1882	0.4278	0.9759	2.408
1883	0.4349	0.9733	2.673
1884	0.4355	0.9731	2.695
1885	0.4348	0.9732	2.677
1886	0.4366	0.9723	2.768
1887	0.4351	0.9728	2.717
1888	0.4340	0.9734	2.662
1889	0.4369	0.9724	2.755
1890	0.4358	0.9731	2.694
1891	0.4357	0.9728	2.719
1892	0.4218	0.9790	2.100
1893	0.4375	0.9721	2.787
1894	0.4369	0.9727	2.730
1895	0.4360	0.9726	2.740
1896	0.4358	0.9728	2.718
1897	0.4346	0.9730	2.704
1898	0.4308	0.9747	2.530
1899	0.4314	0.9745	2.550
1900	0.4328	0.9744	2.564
1901	0.4381	0.9723	2.769
1902	0.4377	0.9719	2.814
1903	0.4349	0.9732	2.680
1904	0.4323	0.9744	2.560
1905	0.4326	0.9739	2.610
1906	0.4358	0.9728	2.723
1907	0.4361	0.9723	2.772
1908	0.4332	0.9739	2.609
1909	0.4368	0.9726	2.739
1910	0.4344	0.9736	2.637
1911	0.4307	0.9748	2.525
1912	0.4394	0.9710	2.898
1913	0.4356	0.9731	2.688
1914	0.4357	0.9726	2.740
1915	0.4375	0.9723	2.774
1916	0.4367	0.9727	2.726
1917	0.4231	0.9784	2.161
1918	0.4359	0.9728	2.721
1919	0.4311	0.9750	2.496
1920	0.4306	0.9748	2.521
1921	0.4325	0.9746	2.535
1922	0.4322	0.9745	2.549
1923	0.4368	0.9724	2.757
1924	0.4323	0.9741	2.594
1925	0.4383	0.9715	2.846
1926	0.4385	0.9716	2.844
1927	0.4217	0.9795	2.051
1928	0.4340	0.9734	2.665
1929	0.4216	0.9793	2.069
1930	0.4351	0.9731	2.693
1931	0.4351	0.9733	2.669
1932	0.4375	0.9720	2.800
1933	0.4336	0.9736	2.639
1934	0.4367	0.9727	2.733
1935	0.4366	0.9728	2.721
1936	0.4348	0.9734	2.662
1937	0.4218	0.9792	2.077
1938	0.4378	0.9718	2.824
1939	0.4377	0.9720	2.797
1940	0.4294	0.9752	2.477
1941	0.4363	0.9720	2.796
1942	0.4354	0.9729	2.706
1943	0.4312	0.9746	2.536
1944	0.4359	0.9728	2.717
1945	0.4350	0.9728	2.721
1946	0.4353	0.9732	2.682
1947	0.4355	0.9733	2.669
1948	0.4347	0.9730	2.702
1949	0.4369	0.9721	2.791
1950	0.4362	0.9727	2.728
1951	0.4343	0.9734	2.660
1952	0.4199	0.9800	1.998
1953	0.4385	0.9716	2.836
1954	0.4318	0.9741	2.590
1955	0.4333	0.9737	2.629
1956	0.4370	0.9725	2.748
1957	0.4256	0.9773	2.274
1958	0.4390	0.9714	2.857
1959	0.4293	0.9752	2.479
1960	0.4373	0.9721	2.790
1961	0.4368	0.9725	2.749
1962	0.4242	0.9783	2.170
1963	0.4383	0.9718	2.821
1964	0.4380	0.9722	2.777
1965	0.4376	0.9721	2.787
1966	0.4382	0.9715	2.853
1967	0.4239	0.9778	2.218
1968	0.4361	0.9729	2.713
1969	0.4324	0.9745	2.555
1970	0.4332	0.9737	2.629
1971	0.4351	0.9727	2.730
1972	0.4365	0.9726	2.739
1973	0.4371	0.9722	2.778
1974	0.4334	0.9738	2.619
1975	0.4306	0.9747	2.527
1976	0.4293	0.9752	2.477
1977	0.4312	0.9746	2.537
1978	0.4380	0.9723	2.769
1979	0.4384	0.9715	2.846
1980	0.4344	0.9737	2.634
1981	0.4318	0.9741	2.590
1982	0.4390	0.9715	2.853
1983	0.4310	0.9751	2.495
1984	0.4309	0.9746	2.545
1985	0.4351	0.9731	2.695
1986	0.4367	0.9724	2.757
1987	0.4370	0.9725	2.747
1988	0.4357	0.9727	2.728
1989	0.4216	0.9795	2.051
1990	0.4376	0.9720	2.798
1991	0.4353	0.9732	2.682
1992	0.4298	0.9754	2.456
1993	0.4365	0.9728	2.722
1994	0.4293	0.9752	2.479
1995	0.4327	0.9744	2.562
1996	0.4339	0.9733	2.665
1997	0.4343	0.9734	2.660
1998	0.4229	0.9784	2.160
1999	0.4372	0.9722	2.777
