0	0.4525	0.9720	2.799
1	0.4516	0.9723	2.769
2	0.4524	0.9719	2.809
3	0.4532	0.9716	2.839
4	0.4513	0.9725	2.749
5	0.4502	0.9731	2.687
6	0.4539	0.9713	2.872
7	0.4496	0.9733	2.674
8	0.4516	0.9722	2.781
9	0.4461	0.9745	2.550
10	0.4528	0.9722	2.780
11	0.4426	0.9758	2.415
12	0.4458	0.9744	2.559
13	0.4507	0.9728	2.719
14	0.4507	0.9725	2.751
15	0.4463	0.9749	2.506
16	0.4496	0.9729	2.714
17	0.4387	0.9777	2.227
18	0.4509	0.9721	2.785
19	0.4516	0.9725	2.746
20	0.4513	0.9722	2.778
21	0.4424	0.9762	2.379
22	0.4454	0.9747	2.529
23	0.4523	0.9720	2.805
24	0.4480	0.9739	2.613
25	0.4500	0.9729	2.709
26	0.4521	0.9721	2.791
27	0.4519	0.9724	2.764
28	0.4470	0.9744	2.564
29	0.4492	0.9735	2.645
30	0.4473	0.9743	2.570
31	0.4534	0.9716	2.843
32	0.4492	0.9733	2.668
33	0.4505	0.9730	2.704
34	0.4471	0.9740	2.603
35	0.4378	0.9783	2.168
36	0.4514	0.9726	2.739
37	0.4519	0.9723	2.767
38	0.4456	0.9746	2.541
39	0.4391	0.9782	2.178
40	0.4515	0.9726	2.737
41	0.4488	0.9733	2.673
42	0.4500	0.9726	2.743
43	0.4447	0.9754	2.462
44	0.4506	0.9727	2.732
45	0.4498	0.9726	2.737
46	0.4503	0.9732	2.685
47	0.4511	0.9720	2.801
48	0.4364	0.9794	2.055
49	0.4403	0.9772	2.284
50	0.4516	0.9723	2.773
51	0.4496	0.9730	2.695
52	0.4458	0.9749	2.509
53	0.4505	0.9727	2.730
54	0.4346	0.9799	2.005
55	0.4503	0.9729	2.709
56	0.4494	0.9728	2.719
57	0.4482	0.9736	2.637
58	0.4496	0.9733	2.672
59	0.4441	0.9751	2.487
60	0.4525	0.9716	2.840
61	0.4517	0.9719	2.809
62	0.4542	0.9709	2.906
63	0.4495	0.9731	2.692
64	0.4498	0.9732	2.678
65	0.4519	0.9721	2.789
66	0.4461	0.9744	2.562
67	0.4475	0.9743	2.573
68	0.4516	0.9726	2.738
69	0.4454	0.9746	2.538
70	0.4520	0.9721	2.791
71	0.4522	0.9721	2.786
72	0.4516	0.9723	2.772
73	0.4530	0.9714	2.863
74	0.4528	0.9722	2.780
75	0.4470	0.9743	2.572
76	0.4531	0.9714	2.859
77	0.4481	0.9737	2.634
78	0.4513	0.9727	2.727
79	0.4504	0.9725	2.750
80	0.4479	0.9736	2.638
81	0.4365	0.9791	2.085
82	0.4532	0.9714	2.855
83	0.4505	0.9730	2.705
84	0.4483	0.9735	2.646
85	0.4364	0.9790	2.104
86	0.4506	0.9727	2.732
87	0.4441	0.9751	2.490
88	0.4509	0.9728	2.718
89	0.4487	0.9733	2.674
90	0.4510	0.9725	2.746
91	0.4504	0.9727	2.732
92	0.4524	0.9717	2.832
93	0.4497	0.9728	2.717
94	0.4505	0.9725	2.747
95	0.4472	0.9738	2.620
96	0.4465	0.9739	2.610
97	0.4491	0.9736	2.644
98	0.4362	0.9792	2.075
99	0.4364	0.9790	2.104
100	0.4377	0.9784	2.165
101	0.4402	0.9772	2.284
102	0.4494	0.9728	2.717
103	0.4516	0.9726	2.739
104	0.4533	0.9716	2.839
105	0.4503	0.9731	2.689
106	0.4497	0.9727	2.735
107	0.4441	0.9751	2.490
108	0.4471	0.9743	2.569
109	0.4457	0.9749	2.511
110	0.4479	0.9738	2.623
111	0.4506	0.9727	2.726
112	0.4512	0.9722	2.783
113	0.4522	0.9719	2.809
114	0.4518	0.9723	2.767
115	0.4512	0.9727	2.728
116	0.4454	0.9746	2.539
117	0.4512	0.9725	2.750
118	0.4527	0.9722	2.780
119	0.4495	0.9733	2.671
120	0.4505	0.9727	2.730
121	0.4452	0.9747	2.528
122	0.4456	0.9744	2.559
123	0.4531	0.9715	2.855
124	0.4518	0.9721	2.787
125	0.4514	0.9722	2.780
126	0.4385	0.9777	2.226
127	0.4530	0.9714	2.858
128	0.4478	0.9736	2.637
129	0.4495	0.9731	2.693
130	0.4469	0.9743	2.572
131	0.4504	0.9727	2.733
132	0.4504	0.9729	2.705
133	0.4472	0.9738	2.618
134	0.4522	0.9720	2.799
135	0.4503	0.9727	2.730
136	0.4526	0.9722	2.778
137	0.4483	0.9736	2.645
138	0.4537	0.9713	2.874
139	0.4521	0.9722	2.783
140	0.4515	0.9723	2.773
141	0.4505	0.9725	2.751
142	0.4529	0.9714	2.863
143	0.4513	0.9727	2.734
144	0.4494	0.9733	2.675
145	0.4530	0.9716	2.839
146	0.4465	0.9739	2.606
147	0.4422	0.9762	2.378
148	0.4503	0.9725	2.746
149	0.4480	0.9737	2.633
150	0.4540	0.9710	2.902
151	0.4424	0.9759	2.413
152	0.4498	0.9726	2.742
153	0.4501	0.9729	2.708
154	0.4492	0.9729	2.714
155	0.4502	0.9729	2.705
156	0.4520	0.9720	2.801
157	0.4501	0.9728	2.718
158	0.4509	0.9726	2.743
159	0.4523	0.9719	2.809
160	0.4493	0.9731	2.688
161	0.4364	0.9791	2.086
162	0.4362	0.9794	2.056
163	0.4514	0.9723	2.768
164	0.4514	0.9725	2.748
165	0.4499	0.9731	2.689
166	0.4473	0.9742	2.575
167	0.4519	0.9721	2.795
168	0.4524	0.9716	2.836
169	0.4515	0.9719	2.808
170	0.4489	0.9733	2.666
171	0.4502	0.9727	2.731
172	0.4344	0.9799	2.006
173	0.4458	0.9745	2.548
174	0.4485	0.9733	2.675
175	0.4514	0.9723	2.769
176	0.4469	0.9740	2.604
177	0.4444	0.9754	2.460
178	0.4460	0.9749	2.506
179	0.4504	0.9725	2.746
180	0.4522	0.9717	2.827
181	0.4480	0.9736	2.636
182	0.4439	0.9752	2.484
183	0.4507	0.9728	2.716
184	0.4506	0.9722	2.785
185	0.4496	0.9728	2.719
186	0.4459	0.9744	2.562
187	0.4467	0.9743	2.565
188	0.4496	0.9732	2.677
189	0.4452	0.9746	2.537
190	0.4516	0.9723	2.768
191	0.4509	0.9720	2.800
192	0.4471	0.9745	2.546
193	0.4512	0.9726	2.739
194	0.4486	0.9733	2.673
195	0.4518	0.9721	2.786
196	0.4497	0.9729	2.708
197	0.4388	0.9782	2.176
198	0.4423	0.9759	2.414
199	0.4508	0.9725	2.747
200	0.4513	0.9722	2.783
201	0.4494	0.9733	2.674
202	0.4439	0.9751	2.489
203	0.4496	0.9732	2.678
204	0.4502	0.9727	2.728
205	0.4514	0.9719	2.809
206	0.4489	0.9736	2.642
207	0.4522	0.9719	2.811
208	0.4536	0.9713	2.875
209	0.4497	0.9726	2.743
210	0.4504	0.9727	2.730
211	0.4344	0.9800	2.004
212	0.4387	0.9782	2.175
213	0.4513	0.9723	2.765
214	0.4444	0.9753	2.465
215	0.4360	0.9792	2.076
216	0.4504	0.9727	2.726
217	0.4450	0.9747	2.528
218	0.4511	0.9727	2.729
219	0.4463	0.9739	2.609
220	0.4507	0.9728	2.718
221	0.4493	0.9730	2.696
222	0.4501	0.9729	2.708
223	0.4470	0.9738	2.620
224	0.4477	0.9738	2.623
225	0.4503	0.9729	2.705
226	0.4496	0.9729	2.709
227	0.4517	0.9721	2.789
228	0.4492	0.9728	2.715
229	0.4470	0.9745	2.546
230	0.4516	0.9723	2.768
231	0.4491	0.9728	2.719
232	0.4485	0.9733	2.674
233	0.4459	0.9749	2.507
234	0.4478	0.9737	2.634
235	0.4528	0.9714	2.858
236	0.4517	0.9721	2.795
237	0.4503	0.9725	2.745
238	0.4361	0.9795	2.055
239	0.4525	0.9722	2.780
240	0.4530	0.9716	2.838
241	0.4472	0.9743	2.573
242	0.4509	0.9725	2.751
243	0.4512	0.9725	2.746
244	0.4522	0.9716	2.836
245	0.4505	0.9722	2.785
246	0.4467	0.9743	2.570
247	0.4502	0.9727	2.734
248	0.4499	0.9729	2.707
249	0.4524	0.9722	2.780
250	0.4513	0.9726	2.736
251	0.4420	0.9762	2.379
252	0.4500	0.9732	2.684
253	0.4458	0.9744	2.561
254	0.4454	0.9744	2.559
255	0.4451	0.9746	2.536
256	0.4521	0.9717	2.828
257	0.4457	0.9745	2.549
258	0.4492	0.9733	2.673
259	0.4529	0.9715	2.853
260	0.4491	0.9731	2.689
261	0.4527	0.9714	2.861
262	0.4519	0.9719	2.810
263	0.4361	0.9789	2.106
264	0.4454	0.9749	2.507
265	0.4488	0.9734	2.662
266	0.4484	0.9733	2.675
267	0.4503	0.9725	2.751
268	0.4467	0.9740	2.601
269	0.4362	0.9791	2.086
270	0.4519	0.9720	2.805
271	0.4512	0.9723	2.770
272	0.4538	0.9710	2.903
273	0.4383	0.9777	2.225
274	0.4520	0.9720	2.798
275	0.4517	0.9721	2.788
276	0.4480	0.9735	2.645
277	0.4518	0.9721	2.785
278	0.4509	0.9722	2.780
279	0.4374	0.9783	2.167
280	0.4437	0.9751	2.486
281	0.4466	0.9744	2.565
282	0.4507	0.9720	2.804
283	0.4497	0.9731	2.688
284	0.4512	0.9723	2.773
285	0.4498	0.9728	2.719
286	0.4494	0.9728	2.719
287	0.4451	0.9746	2.539
288	0.4399	0.9771	2.285
289	0.4468	0.9743	2.568
290	0.4527	0.9716	2.840
291	0.4478	0.9736	2.636
292	0.4476	0.9736	2.637
293	0.4500	0.9727	2.732
294	0.4515	0.9724	2.764
295	0.4500	0.9725	2.750
296	0.4510	0.9726	2.739
297	0.4510	0.9726	2.736
298	0.4494	0.9726	2.737
299	0.4454	0.9750	2.505
300	0.4469	0.9738	2.618
301	0.4516	0.9721	2.793
302	0.4520	0.9720	2.798
303	0.4508	0.9725	2.749
304	0.4506	0.9726	2.740
305	0.4477	0.9737	2.633
306	0.4437	0.9751	2.489
307	0.4526	0.9714	2.862
308	0.4495	0.9726	2.742
309	0.4507	0.9720	2.799
310	0.4505	0.9728	2.717
311	0.4527	0.9716	2.836
312	0.4483	0.9733	2.674
313	0.4520	0.9717	2.827
314	0.4492	0.9731	2.691
315	0.4500	0.9729	2.705
316	0.4477	0.9736	2.637
317	0.4499	0.9732	2.684
318	0.4458	0.9750	2.504
319	0.4453	0.9744	2.559
320	0.4493	0.9726	2.738
321	0.4475	0.9736	2.637
322	0.4382	0.9777	2.226
323	0.4511	0.9722	2.781
324	0.4421	0.9759	2.412
325	0.4510	0.9726	2.741
326	0.4342	0.9800	2.003
327	0.4490	0.9731	2.689
328	0.4515	0.9721	2.787
329	0.4466	0.9743	2.573
330	0.4511	0.9725	2.747
331	0.4489	0.9729	2.713
332	0.4465	0.9744	2.563
333	0.4468	0.9743	2.569
334	0.4501	0.9727	2.733
335	0.4502	0.9725	2.749
336	0.4511	0.9723	2.769
337	0.4442	0.9754	2.458
338	0.4448	0.9747	2.528
339	0.4526	0.9715	2.855
340	0.4511	0.9723	2.767
341	0.4494	0.9729	2.708
342	0.4491	0.9733	2.669
343	0.4457	0.9744	2.561
344	0.4419	0.9762	2.378
345	0.4512	0.9719	2.808
346	0.4468	0.9746	2.543
347	0.4466	0.9740	2.605
348	0.4537	0.9710	2.902
349	0.4520	0.9719	2.808
350	0.4510	0.9723	2.767
351	0.4461	0.9739	2.607
352	0.4500	0.9727	2.730
353	0.4373	0.9783	2.166
354	0.4523	0.9722	2.778
355	0.4486	0.9734	2.664
356	0.4516	0.9721	2.786
357	0.4491	0.9733	2.674
358	0.4501	0.9726	2.745
359	0.4497	0.9728	2.717
360	0.4487	0.9736	2.643
361	0.4398	0.9771	2.286
362	0.4501	0.9728	2.718
363	0.4520	0.9716	2.835
364	0.4493	0.9728	2.719
365	0.4517	0.9722	2.782
366	0.4385	0.9782	2.177
367	0.4509	0.9726	2.739
368	0.4496	0.9731	2.689
369	0.4503	0.9721	2.785
370	0.4450	0.9746	2.539
371	0.4358	0.9793	2.074
372	0.4499	0.9725	2.753
373	0.4479	0.9735	2.647
374	0.4455	0.9745	2.550
375	0.4522	0.9722	2.778
376	0.4508	0.9727	2.728
377	0.4517	0.9719	2.809
378	0.4513	0.9723	2.769
379	0.4533	0.9713	2.874
380	0.4514	0.9724	2.763
381	0.4511	0.9726	2.737
382	0.4490	0.9729	2.714
383	0.4493	0.9732	2.676
384	0.4527	0.9715	2.853
385	0.4436	0.9752	2.484
386	0.4448	0.9746	2.537
387	0.4528	0.9716	2.838
388	0.4482	0.9733	2.673
389	0.4358	0.9794	2.055
390	0.4474	0.9738	2.624
391	0.4497	0.9729	2.709
392	0.4507	0.9722	2.780
393	0.4359	0.9790	2.104
394	0.4498	0.9727	2.731
395	0.4501	0.9727	2.730
396	0.4360	0.9792	2.085
397	0.4516	0.9720	2.805
398	0.4500	0.9730	2.704
399	0.4469	0.9743	2.573
400	0.4510	0.9725	2.747
401	0.4384	0.9782	2.177
402	0.4436	0.9751	2.489
403	0.4514	0.9721	2.788
404	0.4447	0.9747	2.527
405	0.4515	0.9721	2.791
406	0.4499	0.9725	2.753
407	0.4501	0.9728	2.721
408	0.4507	0.9722	2.782
409	0.4501	0.9725	2.750
410	0.4464	0.9743	2.570
411	0.4518	0.9720	2.797
412	0.4381	0.9777	2.226
413	0.4358	0.9795	2.054
414	0.4476	0.9736	2.637
415	0.4419	0.9759	2.413
416	0.4519	0.9719	2.809
417	0.4516	0.9722	2.783
418	0.4464	0.9740	2.601
419	0.4359	0.9791	2.085
420	0.4502	0.9721	2.785
421	0.4535	0.9710	2.905
422	0.4511	0.9719	2.808
423	0.4495	0.9731	2.688
424	0.4493	0.9726	2.743
425	0.4514	0.9721	2.794
426	0.4488	0.9728	2.717
427	0.4499	0.9725	2.746
428	0.4417	0.9762	2.381
429	0.4513	0.9724	2.763
430	0.4496	0.9729	2.708
431	0.4449	0.9746	2.539
432	0.4486	0.9736	2.643
433	0.4500	0.9727	2.729
434	0.4492	0.9732	2.677
435	0.4504	0.9726	2.745
436	0.4397	0.9771	2.285
437	0.4467	0.9745	2.546
438	0.4509	0.9722	2.782
439	0.4475	0.9736	2.635
440	0.4463	0.9743	2.566
441	0.4440	0.9754	2.460
442	0.4499	0.9730	2.705
443	0.4522	0.9722	2.780
444	0.4491	0.9727	2.735
445	0.4490	0.9731	2.692
446	0.4498	0.9727	2.729
447	0.4499	0.9727	2.732
448	0.4516	0.9720	2.800
449	0.4525	0.9716	2.837
450	0.4503	0.9729	2.713
451	0.4485	0.9733	2.665
452	0.4488	0.9731	2.687
453	0.4507	0.9726	2.739
454	0.4468	0.9743	2.573
455	0.4489	0.9733	2.672
456	0.4455	0.9744	2.559
457	0.4495	0.9728	2.717
458	0.4506	0.9725	2.745
459	0.4477	0.9736	2.645
460	0.4453	0.9745	2.549
461	0.4509	0.9724	2.764
462	0.4506	0.9727	2.726
463	0.4521	0.9722	2.777
464	0.4472	0.9739	2.611
465	0.4509	0.9723	2.767
466	0.4455	0.9750	2.503
467	0.4526	0.9716	2.843
468	0.4491	0.9728	2.717
469	0.4509	0.9726	2.737
470	0.4496	0.9732	2.681
471	0.4450	0.9744	2.556
472	0.4447	0.9747	2.531
473	0.4459	0.9739	2.605
474	0.4358	0.9789	2.106
475	0.4473	0.9736	2.637
476	0.4451	0.9749	2.506
477	0.4507	0.9726	2.736
478	0.4480	0.9733	2.673
479	0.4465	0.9743	2.569
480	0.4518	0.9717	2.835
481	0.4508	0.9724	2.764
482	0.4525	0.9714	2.857
483	0.4434	0.9752	2.484
484	0.4511	0.9723	2.766
485	0.4524	0.9714	2.857
486	0.4523	0.9714	2.864
487	0.4370	0.9783	2.167
488	0.4488	0.9728	2.717
489	0.4492	0.9729	2.707
490	0.4504	0.9720	2.799
491	0.4531	0.9713	2.870
492	0.4497	0.9730	2.704
493	0.4515	0.9719	2.810
494	0.4497	0.9727	2.731
495	0.4517	0.9717	2.827
496	0.4356	0.9793	2.072
497	0.4488	0.9733	2.674
498	0.4466	0.9738	2.618
499	0.4339	0.9800	2.003
500	0.4480	0.9733	2.674
501	0.4498	0.9725	2.746
502	0.4497	0.9727	2.730
503	0.4497	0.9727	2.729
504	0.4504	0.9720	2.801
505	0.4509	0.9726	2.737
506	0.4370	0.9783	2.167
507	0.4492	0.9726	2.743
508	0.4490	0.9728	2.717
509	0.4511	0.9723	2.767
510	0.4447	0.9746	2.539
511	0.4534	0.9710	2.904
512	0.4446	0.9746	2.537
513	0.4514	0.9721	2.789
514	0.4507	0.9726	2.743
515	0.4496	0.9731	2.686
516	0.4497	0.9724	2.756
517	0.4356	0.9795	2.055
518	0.4512	0.9721	2.789
519	0.4465	0.9745	2.546
520	0.4474	0.9736	2.635
521	0.4382	0.9782	2.176
522	0.4464	0.9743	2.567
523	0.4476	0.9736	2.642
524	0.4509	0.9719	2.807
525	0.4517	0.9719	2.811
526	0.4523	0.9714	2.857
527	0.4508	0.9722	2.785
528	0.4487	0.9731	2.691
529	0.4522	0.9714	2.860
530	0.4508	0.9723	2.774
531	0.4505	0.9727	2.728
532	0.4516	0.9717	2.828
533	0.4486	0.9728	2.715
534	0.4415	0.9762	2.380
535	0.4454	0.9749	2.507
536	0.4355	0.9793	2.075
537	0.4513	0.9721	2.789
538	0.4433	0.9751	2.489
539	0.4530	0.9712	2.876
540	0.4502	0.9725	2.745
541	0.4515	0.9719	2.809
542	0.4516	0.9720	2.797
543	0.4524	0.9714	2.856
544	0.4491	0.9729	2.708
545	0.4473	0.9737	2.634
546	0.4498	0.9727	2.731
547	0.4494	0.9728	2.717
548	0.4506	0.9726	2.737
549	0.4465	0.9738	2.618
550	0.4438	0.9754	2.460
551	0.4496	0.9729	2.707
552	0.4507	0.9723	2.769
553	0.4498	0.9725	2.748
554	0.4514	0.9720	2.803
555	0.4453	0.9744	2.561
556	0.4480	0.9733	2.673
557	0.4458	0.9739	2.606
558	0.4501	0.9729	2.715
559	0.4461	0.9744	2.563
560	0.4479	0.9733	2.673
561	0.4504	0.9722	2.781
562	0.4450	0.9750	2.505
563	0.4444	0.9747	2.527
564	0.4525	0.9716	2.840
565	0.4487	0.9733	2.669
566	0.4483	0.9734	2.664
567	0.4462	0.9740	2.604
568	0.4483	0.9736	2.643
569	0.4395	0.9772	2.284
570	0.4378	0.9777	2.227
571	0.4461	0.9743	2.573
572	0.4432	0.9752	2.484
573	0.4523	0.9716	2.838
574	0.4497	0.9730	2.705
575	0.4471	0.9736	2.638
576	0.4356	0.9790	2.104
577	0.4497	0.9727	2.731
578	0.4498	0.9728	2.721
579	0.4487	0.9731	2.693
580	0.4492	0.9731	2.688
581	0.4517	0.9716	2.836
582	0.4448	0.9744	2.558
583	0.4490	0.9732	2.677
584	0.4499	0.9722	2.784
585	0.4519	0.9722	2.778
586	0.4471	0.9739	2.615
587	0.4357	0.9792	2.085
588	0.4416	0.9759	2.413
589	0.4451	0.9745	2.550
590	0.4337	0.9800	2.005
591	0.4504	0.9725	2.750
592	0.4466	0.9743	2.574
593	0.4510	0.9724	2.764
594	0.4519	0.9722	2.777
595	0.4487	0.9733	2.674
596	0.4507	0.9725	2.747
597	0.4489	0.9726	2.735
598	0.4507	0.9723	2.769
599	0.4486	0.9729	2.714
600	0.4493	0.9729	2.708
601	0.4511	0.9721	2.794
602	0.4509	0.9724	2.765
603	0.4511	0.9721	2.793
604	0.4497	0.9725	2.749
605	0.4432	0.9751	2.489
606	0.4496	0.9726	2.742
607	0.4437	0.9754	2.461
608	0.4495	0.9727	2.730
609	0.4496	0.9727	2.732
610	0.4489	0.9732	2.677
611	0.4511	0.9722	2.785
612	0.4504	0.9727	2.727
613	0.4449	0.9749	2.506
614	0.4496	0.9730	2.705
615	0.4490	0.9726	2.739
616	0.4485	0.9731	2.686
617	0.4509	0.9724	2.763
618	0.4532	0.9710	2.902
619	0.4489	0.9728	2.718
620	0.4499	0.9722	2.783
621	0.4478	0.9733	2.671
622	0.4529	0.9713	2.869
623	0.4524	0.9716	2.839
624	0.4502	0.9720	2.796
625	0.4416	0.9759	2.413
626	0.4485	0.9728	2.716
627	0.4518	0.9722	2.778
628	0.4456	0.9740	2.604
629	0.4446	0.9746	2.539
630	0.4452	0.9749	2.505
631	0.4491	0.9731	2.686
632	0.4353	0.9793	2.072
633	0.4503	0.9725	2.750
634	0.4443	0.9747	2.528
635	0.4521	0.9715	2.855
636	0.4380	0.9782	2.176
637	0.4354	0.9795	2.054
638	0.4470	0.9738	2.623
639	0.4463	0.9738	2.618
640	0.4506	0.9722	2.781
641	0.4505	0.9726	2.738
642	0.4461	0.9740	2.602
643	0.4484	0.9728	2.715
644	0.4500	0.9726	2.745
645	0.4477	0.9733	2.675
646	0.4482	0.9736	2.642
647	0.4459	0.9744	2.564
648	0.4488	0.9727	2.734
649	0.4515	0.9716	2.837
650	0.4393	0.9772	2.284
651	0.4474	0.9735	2.647
652	0.4481	0.9734	2.663
653	0.4355	0.9792	2.084
654	0.4492	0.9728	2.715
655	0.4451	0.9744	2.559
656	0.4489	0.9729	2.708
657	0.4521	0.9716	2.841
658	0.4494	0.9729	2.708
659	0.4522	0.9714	2.857
660	0.4460	0.9743	2.571
661	0.4472	0.9737	2.635
662	0.4444	0.9746	2.537
663	0.4503	0.9722	2.783
664	0.4376	0.9778	2.225
665	0.4506	0.9719	2.810
666	0.4413	0.9762	2.380
667	0.4506	0.9723	2.773
668	0.4509	0.9721	2.788
669	0.4486	0.9731	2.694
670	0.4486	0.9733	2.672
671	0.4336	0.9800	2.005
672	0.4493	0.9731	2.686
673	0.4450	0.9745	2.549
674	0.4504	0.9726	2.743
675	0.4515	0.9719	2.811
676	0.4520	0.9714	2.862
677	0.4462	0.9743	2.568
678	0.4514	0.9717	2.829
679	0.4512	0.9720	2.805
680	0.4469	0.9736	2.637
681	0.4505	0.9725	2.749
682	0.4430	0.9752	2.484
683	0.4512	0.9719	2.809
684	0.4485	0.9733	2.674
685	0.4505	0.9723	2.771
686	0.4505	0.9723	2.768
687	0.4354	0.9789	2.105
688	0.4492	0.9729	2.708
689	0.4517	0.9722	2.778
690	0.4494	0.9725	2.748
691	0.4462	0.9746	2.543
692	0.4367	0.9783	2.166
693	0.4499	0.9728	2.716
694	0.4496	0.9727	2.729
695	0.4464	0.9743	2.572
696	0.4494	0.9727	2.727
697	0.4513	0.9720	2.799
698	0.4505	0.9726	2.736
699	0.4511	0.9722	2.780
700	0.4471	0.9737	2.634
701	0.4446	0.9744	2.557
702	0.4496	0.9728	2.717
703	0.4354	0.9789	2.107
704	0.4414	0.9759	2.412
705	0.4483	0.9729	2.714
706	0.4444	0.9746	2.540
707	0.4449	0.9745	2.548
708	0.4485	0.9731	2.695
709	0.4485	0.9733	2.673
710	0.4513	0.9717	2.828
711	0.4412	0.9762	2.381
712	0.4490	0.9731	2.688
713	0.4514	0.9719	2.808
714	0.4335	0.9800	2.004
715	0.4375	0.9777	2.226
716	0.4499	0.9725	2.746
717	0.4505	0.9722	2.782
718	0.4476	0.9733	2.673
719	0.4500	0.9719	2.805
720	0.4451	0.9749	2.507
721	0.4487	0.9727	2.734
722	0.4442	0.9747	2.525
723	0.4462	0.9738	2.618
724	0.4495	0.9730	2.704
725	0.4480	0.9733	2.665
726	0.4459	0.9743	2.574
727	0.4447	0.9749	2.507
728	0.4492	0.9731	2.685
729	0.4378	0.9782	2.176
730	0.4435	0.9754	2.464
731	0.4470	0.9736	2.636
732	0.4511	0.9719	2.807
733	0.4492	0.9729	2.706
734	0.4442	0.9746	2.536
735	0.4505	0.9720	2.805
736	0.4445	0.9744	2.562
737	0.4494	0.9726	2.737
738	0.4522	0.9716	2.840
739	0.4507	0.9723	2.768
740	0.4517	0.9722	2.781
741	0.4462	0.9745	2.546
742	0.4495	0.9727	2.730
743	0.4511	0.9721	2.787
744	0.4392	0.9771	2.285
745	0.4493	0.9724	2.756
746	0.4494	0.9726	2.745
747	0.4516	0.9722	2.781
748	0.4429	0.9752	2.485
749	0.4511	0.9719	2.809
750	0.4493	0.9727	2.730
751	0.4495	0.9725	2.750
752	0.4352	0.9795	2.055
753	0.4504	0.9725	2.748
754	0.4354	0.9792	2.083
755	0.4509	0.9721	2.789
756	0.4504	0.9723	2.772
757	0.4502	0.9726	2.740
758	0.4498	0.9728	2.716
759	0.4463	0.9743	2.572
760	0.4492	0.9727	2.729
761	0.4366	0.9783	2.166
762	0.4519	0.9716	2.837
763	0.4480	0.9736	2.640
764	0.4501	0.9727	2.728
765	0.4454	0.9739	2.607
766	0.4460	0.9743	2.568
767	0.4457	0.9744	2.563
768	0.4351	0.9793	2.072
769	0.4430	0.9751	2.489
770	0.4486	0.9728	2.717
771	0.4518	0.9714	2.860
772	0.4449	0.9744	2.562
773	0.4503	0.9723	2.766
774	0.4472	0.9735	2.647
775	0.4501	0.9725	2.752
776	0.4504	0.9726	2.736
777	0.4488	0.9726	2.743
778	0.4529	0.9710	2.902
779	0.4508	0.9721	2.792
780	0.4512	0.9720	2.799
781	0.4458	0.9740	2.603
782	0.4467	0.9739	2.615
783	0.4476	0.9733	2.673
784	0.4520	0.9715	2.854
785	0.4467	0.9736	2.636
786	0.4494	0.9728	2.716
787	0.4502	0.9727	2.735
788	0.4483	0.9732	2.675
789	0.4496	0.9722	2.782
790	0.4507	0.9724	2.762
791	0.4483	0.9729	2.715
792	0.4490	0.9729	2.707
793	0.4526	0.9713	2.866
794	0.4500	0.9722	2.776
795	0.4503	0.9723	2.769
796	0.4486	0.9732	2.676
797	0.4482	0.9731	2.687
798	0.4519	0.9714	2.856
799	0.4490	0.9728	2.716
800	0.4507	0.9721	2.786
801	0.4469	0.9737	2.631
802	0.4513	0.9716	2.839
803	0.4487	0.9729	2.708
804	0.4503	0.9726	2.742
805	0.4493	0.9727	2.731
806	0.4467	0.9736	2.635
807	0.4458	0.9740	2.603
808	0.4487	0.9726	2.735
809	0.4353	0.9792	2.084
810	0.4512	0.9719	2.809
811	0.4520	0.9714	2.855
812	0.4493	0.9730	2.703
813	0.4351	0.9795	2.054
814	0.4529	0.9710	2.902
815	0.4503	0.9722	2.779
816	0.4350	0.9793	2.072
817	0.4449	0.9749	2.506
818	0.4429	0.9751	2.488
819	0.4493	0.9726	2.744
820	0.4374	0.9777	2.228
821	0.4491	0.9729	2.706
822	0.4500	0.9722	2.781
823	0.4428	0.9752	2.484
824	0.4492	0.9725	2.752
825	0.4365	0.9783	2.165
826	0.4512	0.9716	2.838
827	0.4457	0.9743	2.572
828	0.4467	0.9738	2.617
829	0.4460	0.9746	2.543
830	0.4485	0.9732	2.676
831	0.4502	0.9723	2.768
832	0.4505	0.9724	2.765
833	0.4509	0.9720	2.803
834	0.4459	0.9743	2.570
835	0.4491	0.9727	2.730
836	0.4511	0.9717	2.828
837	0.4518	0.9716	2.838
838	0.4448	0.9744	2.560
839	0.4485	0.9727	2.735
840	0.4499	0.9725	2.750
841	0.4433	0.9754	2.459
842	0.4514	0.9722	2.776
843	0.4479	0.9736	2.643
844	0.4520	0.9716	2.840
845	0.4456	0.9744	2.563
846	0.4509	0.9719	2.807
847	0.4501	0.9726	2.737
848	0.4503	0.9724	2.765
849	0.4490	0.9732	2.682
850	0.4503	0.9723	2.769
851	0.4487	0.9731	2.686
852	0.4475	0.9733	2.672
853	0.4501	0.9727	2.731
854	0.4480	0.9729	2.712
855	0.4351	0.9790	2.104
856	0.4460	0.9738	2.615
857	0.4412	0.9759	2.413
858	0.4493	0.9728	2.718
859	0.4489	0.9728	2.715
860	0.4509	0.9722	2.782
861	0.4442	0.9746	2.538
862	0.4495	0.9722	2.782
863	0.4482	0.9733	2.674
864	0.4444	0.9744	2.557
865	0.4468	0.9737	2.633
866	0.4486	0.9729	2.708
867	0.4493	0.9727	2.729
868	0.4377	0.9782	2.178
869	0.4510	0.9720	2.799
870	0.4500	0.9727	2.727
871	0.4505	0.9724	2.763
872	0.4516	0.9714	2.862
873	0.4489	0.9729	2.708
874	0.4390	0.9772	2.285
875	0.4452	0.9739	2.607
876	0.4503	0.9719	2.807
877	0.4468	0.9737	2.634
878	0.4495	0.9728	2.716
879	0.4497	0.9720	2.799
880	0.4473	0.9733	2.673
881	0.4470	0.9736	2.644
882	0.4517	0.9714	2.858
883	0.4446	0.9745	2.547
884	0.4409	0.9762	2.378
885	0.4332	0.9800	2.004
886	0.4439	0.9747	2.527
887	0.4461	0.9743	2.571
888	0.4502	0.9726	2.737
889	0.4482	0.9731	2.695
890	0.4507	0.9721	2.790
891	0.4477	0.9734	2.663
892	0.4524	0.9713	2.875
893	0.4506	0.9721	2.791
894	0.4496	0.9726	2.743
895	0.4482	0.9733	2.672
896	0.4505	0.9721	2.786
897	0.4440	0.9747	2.535
898	0.4490	0.9727	2.728
899	0.4492	0.9725	2.748
900	0.4484	0.9728	2.719
901	0.4481	0.9729	2.715
902	0.4514	0.9722	2.778
903	0.4444	0.9750	2.505
904	0.4481	0.9731	2.687
905	0.4508	0.9722	2.780
906	0.4485	0.9729	2.707
907	0.4492	0.9728	2.719
908	0.4351	0.9792	2.085
909	0.4500	0.9726	2.737
910	0.4498	0.9722	2.779
911	0.4486	0.9731	2.686
912	0.4508	0.9720	2.804
913	0.4461	0.9743	2.573
914	0.4510	0.9719	2.809
915	0.4481	0.9733	2.671
916	0.4481	0.9729	2.713
917	0.4516	0.9714	2.863
918	0.4509	0.9720	2.797
919	0.4432	0.9754	2.456
920	0.4479	0.9729	2.711
921	0.4363	0.9783	2.167
922	0.4504	0.9724	2.763
923	0.4467	0.9737	2.632
924	0.4491	0.9730	2.703
925	0.4482	0.9731	2.688
926	0.4495	0.9728	2.715
927	0.4492	0.9727	2.729
928	0.4490	0.9728	2.725
929	0.4446	0.9745	2.546
930	0.4438	0.9747	2.527
931	0.4465	0.9736	2.637
932	0.4488	0.9729	2.707
933	0.4442	0.9744	2.557
934	0.4518	0.9716	2.839
935	0.4455	0.9743	2.569
936	0.4501	0.9726	2.737
937	0.4457	0.9743	2.568
938	0.4348	0.9793	2.071
939	0.4456	0.9740	2.603
940	0.4472	0.9733	2.673
941	0.4492	0.9725	2.749
942	0.4509	0.9717	2.826
943	0.4498	0.9727	2.727
944	0.4495	0.9726	2.740
945	0.4499	0.9726	2.736
946	0.4501	0.9723	2.769
947	0.4483	0.9728	2.718
948	0.4501	0.9724	2.765
949	0.4505	0.9721	2.792
950	0.4389	0.9772	2.284
951	0.4508	0.9719	2.807
952	0.4408	0.9762	2.375
953	0.4489	0.9725	2.747
954	0.4439	0.9747	2.531
955	0.4510	0.9716	2.835
956	0.4481	0.9733	2.675
957	0.4476	0.9734	2.664
958	0.4375	0.9782	2.177
959	0.4446	0.9744	2.561
960	0.4458	0.9746	2.543
961	0.4458	0.9738	2.618
962	0.4464	0.9739	2.615
963	0.4516	0.9716	2.838
964	0.4488	0.9732	2.684
965	0.4483	0.9727	2.734
966	0.4523	0.9713	2.871
967	0.4443	0.9750	2.505
968	0.4505	0.9721	2.785
969	0.4331	0.9799	2.005
970	0.4500	0.9723	2.766
971	0.4490	0.9726	2.744
972	0.4476	0.9736	2.642
973	0.4516	0.9715	2.855
974	0.4483	0.9733	2.674
975	0.4410	0.9759	2.412
976	0.4504	0.9721	2.787
977	0.4517	0.9715	2.853
978	0.4503	0.9724	2.765
979	0.4496	0.9720	2.799
980	0.4512	0.9722	2.777
981	0.4371	0.9777	2.225
982	0.4493	0.9722	2.783
983	0.4348	0.9795	2.053
984	0.4488	0.9727	2.729
985	0.4479	0.9731	2.687
986	0.4526	0.9710	2.902
987	0.4426	0.9751	2.489
988	0.4512	0.9722	2.775
989	0.4487	0.9728	2.717
990	0.4490	0.9727	2.729
991	0.4472	0.9733	2.673
992	0.4439	0.9746	2.541
993	0.4488	0.9730	2.705
994	0.4484	0.9726	2.744
995	0.4450	0.9739	2.607
996	0.4500	0.9722	2.781
997	0.4497	0.9725	2.752
998	0.4500	0.9725	2.747
999	0.4454	0.9744	2.562
1000	0.4468	0.9736	2.644
1001	0.4446	0.9749	2.506
1002	0.4425	0.9752	2.484
1003	0.4349	0.9790	2.104
1004	0.4501	0.9719	2.807
1005	0.4466	0.9736	2.635
1006	0.4439	0.9746	2.541
1007	0.4505	0.9721	2.791
1008	0.4483	0.9732	2.677
1009	0.4508	0.9717	2.828
1010	0.4479	0.9729	2.713
1011	0.4472	0.9733	2.673
1012	0.4430	0.9754	2.460
1013	0.4487	0.9732	2.682
1014	0.4522	0.9713	2.873
1015	0.4479	0.9731	2.687
1016	0.4478	0.9729	2.714
1017	0.4475	0.9734	2.661
1018	0.4488	0.9727	2.728
1019	0.4517	0.9716	2.840
1020	0.4425	0.9751	2.487
1021	0.4361	0.9783	2.166
1022	0.4504	0.9721	2.788
1023	0.4489	0.9730	2.704
1024	0.4465	0.9736	2.637
1025	0.4387	0.9772	2.283
1026	0.4509	0.9719	2.808
1027	0.4499	0.9722	2.781
1028	0.4512	0.9722	2.778
1029	0.4516	0.9715	2.854
1030	0.4503	0.9724	2.761
1031	0.4480	0.9731	2.691
1032	0.4488	0.9725	2.747
1033	0.4489	0.9727	2.729
1034	0.4503	0.9721	2.786
1035	0.4496	0.9725	2.749
1036	0.4482	0.9728	2.718
1037	0.4525	0.9710	2.902
1038	0.4438	0.9747	2.532
1039	0.4444	0.9745	2.547
1040	0.4497	0.9727	2.727
1041	0.4490	0.9727	2.728
1042	0.4481	0.9727	2.734
1043	0.4514	0.9714	2.862
1044	0.4425	0.9752	2.484
1045	0.4493	0.9729	2.715
1046	0.4514	0.9715	2.854
1047	0.4487	0.9727	2.729
1048	0.4486	0.9728	2.717
1049	0.4494	0.9726	2.740
1050	0.4456	0.9746	2.540
1051	0.4497	0.9726	2.735
1052	0.4487	0.9730	2.701
1053	0.4458	0.9743	2.572
1054	0.4490	0.9725	2.747
1055	0.4441	0.9749	2.506
1056	0.4499	0.9726	2.738
1057	0.4465	0.9737	2.634
1058	0.4467	0.9736	2.643
1059	0.4436	0.9747	2.526
1060	0.4500	0.9719	2.805
1061	0.4490	0.9728	2.717
1062	0.4482	0.9729	2.708
1063	0.4462	0.9739	2.611
1064	0.4349	0.9792	2.084
1065	0.4370	0.9777	2.225
1066	0.4479	0.9733	2.673
1067	0.4494	0.9720	2.800
1068	0.4373	0.9782	2.175
1069	0.4498	0.9726	2.739
1070	0.4444	0.9744	2.561
1071	0.4499	0.9725	2.747
1072	0.4347	0.9790	2.104
1073	0.4453	0.9740	2.603
1074	0.4346	0.9793	2.074
1075	0.4456	0.9738	2.617
1076	0.4496	0.9722	2.783
1077	0.4449	0.9739	2.608
1078	0.4475	0.9736	2.642
1079	0.4347	0.9794	2.055
1080	0.4452	0.9744	2.563
1081	0.4485	0.9729	2.710
1082	0.4507	0.9720	2.800
1083	0.4506	0.9719	2.809
1084	0.4329	0.9800	2.005
1085	0.4455	0.9743	2.568
1086	0.4462	0.9736	2.638
1087	0.4488	0.9726	2.745
1088	0.4501	0.9723	2.765
1089	0.4445	0.9749	2.506
1090	0.4505	0.9720	2.803
1091	0.4483	0.9731	2.688
1092	0.4498	0.9723	2.768
1093	0.4408	0.9759	2.412
1094	0.4499	0.9723	2.770
1095	0.4508	0.9716	2.835
1096	0.4470	0.9733	2.673
1097	0.4406	0.9762	2.380
1098	0.4510	0.9722	2.778
1099	0.4478	0.9733	2.671
1100	0.4505	0.9722	2.781
1101	0.4482	0.9726	2.744
1102	0.4453	0.9743	2.574
1103	0.4491	0.9722	2.783
1104	0.4498	0.9723	2.768
1105	0.4514	0.9716	2.838
1106	0.4439	0.9744	2.557
1107	0.4495	0.9722	2.780
1108	0.4488	0.9726	2.743
1109	0.4515	0.9715	2.853
1110	0.4498	0.9723	2.765
1111	0.4498	0.9723	2.768
1112	0.4499	0.9719	2.805
1113	0.4477	0.9731	2.686
1114	0.4483	0.9731	2.685
1115	0.4436	0.9747	2.532
1116	0.4488	0.9727	2.730
1117	0.4477	0.9729	2.713
1118	0.4478	0.9733	2.671
1119	0.4464	0.9737	2.633
1120	0.4498	0.9724	2.763
1121	0.4515	0.9716	2.839
1122	0.4513	0.9714	2.857
1123	0.4484	0.9728	2.715
1124	0.4524	0.9710	2.901
1125	0.4481	0.9729	2.708
1126	0.4346	0.9795	2.054
1127	0.4442	0.9746	2.545
1128	0.4505	0.9719	2.807
1129	0.4428	0.9754	2.457
1130	0.4496	0.9726	2.738
1131	0.4489	0.9728	2.718
1132	0.4488	0.9725	2.745
1133	0.4469	0.9733	2.670
1134	0.4435	0.9747	2.527
1135	0.4347	0.9789	2.107
1136	0.4466	0.9736	2.642
1137	0.4504	0.9722	2.781
1138	0.4492	0.9726	2.743
1139	0.4504	0.9720	2.802
1140	0.4496	0.9726	2.735
1141	0.4502	0.9722	2.784
1142	0.4480	0.9728	2.718
1143	0.4507	0.9719	2.808
1144	0.4491	0.9729	2.715
1145	0.4470	0.9733	2.671
1146	0.4359	0.9783	2.167
1147	0.4463	0.9737	2.632
1148	0.4347	0.9792	2.084
1149	0.4501	0.9724	2.764
1150	0.4480	0.9727	2.734
1151	0.4495	0.9727	2.726
1152	0.4497	0.9726	2.744
1153	0.4457	0.9743	2.572
1154	0.4448	0.9739	2.606
1155	0.4509	0.9722	2.776
1156	0.4488	0.9727	2.728
1157	0.4507	0.9717	2.835
1158	0.4486	0.9730	2.702
1159	0.4494	0.9725	2.748
1160	0.4500	0.9723	2.765
1161	0.4498	0.9726	2.737
1162	0.4477	0.9733	2.675
1163	0.4484	0.9729	2.707
1164	0.4439	0.9749	2.506
1165	0.4454	0.9743	2.569
1166	0.4480	0.9733	2.674
1167	0.4454	0.9746	2.541
1168	0.4513	0.9716	2.837
1169	0.4505	0.9720	2.799
1170	0.4511	0.9714	2.863
1171	0.4372	0.9782	2.177
1172	0.4422	0.9752	2.484
1173	0.4452	0.9740	2.603
1174	0.4506	0.9717	2.828
1175	0.4438	0.9744	2.557
1176	0.4385	0.9772	2.283
1177	0.4473	0.9736	2.642
1178	0.4486	0.9727	2.729
1179	0.4486	0.9725	2.748
1180	0.4454	0.9738	2.617
1181	0.4404	0.9762	2.380
1182	0.4502	0.9721	2.793
1183	0.4442	0.9744	2.561
1184	0.4497	0.9722	2.781
1185	0.4368	0.9777	2.225
1186	0.4487	0.9730	2.704
1187	0.4461	0.9738	2.620
1188	0.4519	0.9713	2.873
1189	0.4423	0.9751	2.488
1190	0.4450	0.9744	2.563
1191	0.4436	0.9746	2.541
1192	0.4344	0.9793	2.074
1193	0.4475	0.9728	2.717
1194	0.4327	0.9800	2.004
1195	0.4484	0.9732	2.684
1196	0.4443	0.9749	2.506
1197	0.4492	0.9720	2.804
1198	0.4480	0.9726	2.743
1199	0.4406	0.9759	2.411
1200	0.4485	0.9727	2.732
1201	0.4472	0.9734	2.663
1202	0.4477	0.9731	2.695
1203	0.4509	0.9722	2.779
1204	0.4500	0.9721	2.789
1205	0.4489	0.9722	2.783
1206	0.4460	0.9736	2.636
1207	0.4451	0.9743	2.574
1208	0.4504	0.9720	2.797
1209	0.4479	0.9732	2.676
1210	0.4477	0.9731	2.694
1211	0.4497	0.9723	2.769
1212	0.4483	0.9729	2.709
1213	0.4358	0.9783	2.166
1214	0.4512	0.9714	2.856
1215	0.4509	0.9722	2.778
1216	0.4427	0.9754	2.460
1217	0.4485	0.9727	2.729
1218	0.4438	0.9744	2.558
1219	0.4467	0.9733	2.672
1220	0.4484	0.9729	2.708
1221	0.4367	0.9778	2.224
1222	0.4487	0.9727	2.730
1223	0.4514	0.9716	2.840
1224	0.4460	0.9738	2.621
1225	0.4492	0.9720	2.803
1226	0.4518	0.9713	2.874
1227	0.4453	0.9743	2.568
1228	0.4406	0.9759	2.413
1229	0.4472	0.9736	2.642
1230	0.4384	0.9772	2.284
1231	0.4493	0.9725	2.751
1232	0.4491	0.9726	2.745
1233	0.4493	0.9722	2.781
1234	0.4494	0.9726	2.740
1235	0.4497	0.9719	2.806
1236	0.4486	0.9730	2.705
1237	0.4476	0.9733	2.672
1238	0.4496	0.9726	2.744
1239	0.4370	0.9782	2.175
1240	0.4453	0.9746	2.543
1241	0.4508	0.9722	2.778
1242	0.4453	0.9738	2.618
1243	0.4326	0.9800	2.005
1244	0.4496	0.9726	2.736
1245	0.4496	0.9723	2.770
1246	0.4501	0.9721	2.785
1247	0.4421	0.9752	2.484
1248	0.4461	0.9736	2.636
1249	0.4511	0.9716	2.838
1250	0.4474	0.9729	2.714
1251	0.4484	0.9727	2.728
1252	0.4478	0.9728	2.716
1253	0.4449	0.9744	2.563
1254	0.4505	0.9717	2.834
1255	0.4475	0.9729	2.713
1256	0.4484	0.9726	2.744
1257	0.4502	0.9722	2.779
1258	0.4483	0.9732	2.683
1259	0.4512	0.9715	2.854
1260	0.4441	0.9744	2.561
1261	0.4343	0.9793	2.072
1262	0.4479	0.9729	2.707
1263	0.4434	0.9746	2.535
1264	0.4438	0.9749	2.506
1265	0.4479	0.9726	2.743
1266	0.4510	0.9714	2.858
1267	0.4495	0.9722	2.781
1268	0.4485	0.9726	2.743
1269	0.4486	0.9728	2.721
1270	0.4504	0.9717	2.829
1271	0.4345	0.9792	2.083
1272	0.4403	0.9762	2.379
1273	0.4493	0.9727	2.728
1274	0.4499	0.9724	2.764
1275	0.4521	0.9710	2.904
1276	0.4500	0.9721	2.792
1277	0.4435	0.9746	2.539
1278	0.4502	0.9719	2.808
1279	0.4477	0.9727	2.734
1280	0.4463	0.9735	2.646
1281	0.4439	0.9745	2.547
1282	0.4471	0.9734	2.663
1283	0.4461	0.9737	2.633
1284	0.4488	0.9722	2.783
1285	0.4480	0.9731	2.688
1286	0.4459	0.9737	2.635
1287	0.4467	0.9733	2.673
1288	0.4475	0.9733	2.673
1289	0.4489	0.9728	2.716
1290	0.4432	0.9747	2.527
1291	0.4504	0.9719	2.808
1292	0.4486	0.9725	2.747
1293	0.4445	0.9739	2.607
1294	0.4450	0.9740	2.602
1295	0.4454	0.9743	2.569
1296	0.4441	0.9749	2.506
1297	0.4344	0.9790	2.104
1298	0.4498	0.9723	2.765
1299	0.4494	0.9726	2.737
1300	0.4449	0.9743	2.572
1301	0.4343	0.9795	2.053
1302	0.4501	0.9720	2.802
1303	0.4421	0.9751	2.488
1304	0.4498	0.9721	2.786
1305	0.4494	0.9723	2.766
1306	0.4474	0.9731	2.686
1307	0.4481	0.9728	2.716
1308	0.4484	0.9727	2.730
1309	0.4494	0.9724	2.765
1310	0.4434	0.9746	2.539
1311	0.4404	0.9759	2.413
1312	0.4343	0.9795	2.053
1313	0.4492	0.9725	2.751
1314	0.4488	0.9728	2.717
1315	0.4510	0.9714	2.858
1316	0.4402	0.9762	2.377
1317	0.4474	0.9729	2.712
1318	0.4473	0.9729	2.714
1319	0.4502	0.9719	2.809
1320	0.4460	0.9736	2.637
1321	0.4483	0.9729	2.705
1322	0.4484	0.9730	2.704
1323	0.4478	0.9729	2.708
1324	0.4477	0.9728	2.717
1325	0.4495	0.9719	2.805
1326	0.4482	0.9732	2.680
1327	0.4451	0.9743	2.568
1328	0.4439	0.9745	2.547
1329	0.4448	0.9744	2.561
1330	0.4484	0.9726	2.743
1331	0.4474	0.9733	2.673
1332	0.4517	0.9713	2.871
1333	0.4479	0.9731	2.688
1334	0.4504	0.9717	2.833
1335	0.4484	0.9727	2.731
1336	0.4509	0.9714	2.861
1337	0.4460	0.9737	2.632
1338	0.4490	0.9720	2.796
1339	0.4497	0.9724	2.763
1340	0.4492	0.9727	2.726
1341	0.4325	0.9799	2.005
1342	0.4482	0.9727	2.729
1343	0.4431	0.9748	2.525
1344	0.4365	0.9777	2.226
1345	0.4499	0.9721	2.793
1346	0.4494	0.9722	2.778
1347	0.4494	0.9723	2.769
1348	0.4502	0.9720	2.799
1349	0.4491	0.9722	2.777
1350	0.4465	0.9733	2.672
1351	0.4499	0.9722	2.783
1352	0.4485	0.9727	2.728
1353	0.4425	0.9754	2.457
1354	0.4503	0.9719	2.808
1355	0.4474	0.9731	2.688
1356	0.4485	0.9728	2.717
1357	0.4469	0.9734	2.664
1358	0.4497	0.9721	2.786
1359	0.4500	0.9722	2.780
1360	0.4494	0.9724	2.764
1361	0.4492	0.9726	2.736
1362	0.4483	0.9728	2.724
1363	0.4436	0.9749	2.506
1364	0.4451	0.9739	2.614
1365	0.4506	0.9722	2.776
1366	0.4449	0.9740	2.601
1367	0.4488	0.9726	2.739
1368	0.4368	0.9782	2.176
1369	0.4478	0.9726	2.742
1370	0.4458	0.9737	2.634
1371	0.4462	0.9735	2.645
1372	0.4343	0.9792	2.082
1373	0.4502	0.9717	2.827
1374	0.4511	0.9716	2.839
1375	0.4476	0.9732	2.677
1376	0.4476	0.9727	2.734
1377	0.4519	0.9710	2.903
1378	0.4419	0.9751	2.489
1379	0.4451	0.9745	2.545
1380	0.4440	0.9749	2.506
1381	0.4484	0.9725	2.748
1382	0.4480	0.9729	2.709
1383	0.4506	0.9722	2.778
1384	0.4466	0.9733	2.673
1385	0.4486	0.9722	2.782
1386	0.4497	0.9724	2.764
1387	0.4381	0.9772	2.283
1388	0.4480	0.9728	2.716
1389	0.4492	0.9726	2.737
1390	0.4355	0.9783	2.165
1391	0.4432	0.9746	2.536
1392	0.4448	0.9743	2.574
1393	0.4435	0.9744	2.557
1394	0.4457	0.9738	2.620
1395	0.4340	0.9793	2.073
1396	0.4439	0.9744	2.557
1397	0.4469	0.9736	2.642
1398	0.4453	0.9743	2.570
1399	0.4510	0.9715	2.854
1400	0.4472	0.9731	2.687
1401	0.4443	0.9739	2.606
1402	0.4482	0.9725	2.750
1403	0.4493	0.9726	2.744
1404	0.4499	0.9720	2.802
1405	0.4509	0.9716	2.837
1406	0.4473	0.9733	2.669
1407	0.4493	0.9726	2.738
1408	0.4418	0.9752	2.484
1409	0.4342	0.9789	2.106
1410	0.4477	0.9729	2.706
1411	0.4498	0.9721	2.793
1412	0.4430	0.9747	2.526
1413	0.4480	0.9729	2.709
1414	0.4401	0.9762	2.377
1415	0.4484	0.9728	2.720
1416	0.4501	0.9720	2.799
1417	0.4493	0.9722	2.779
1418	0.4519	0.9710	2.903
1419	0.4439	0.9744	2.561
1420	0.4341	0.9795	2.053
1421	0.4490	0.9727	2.727
1422	0.4496	0.9724	2.762
1423	0.4450	0.9738	2.618
1424	0.4500	0.9719	2.809
1425	0.4488	0.9720	2.798
1426	0.4471	0.9729	2.714
1427	0.4515	0.9713	2.871
1428	0.4498	0.9722	2.784
1429	0.4483	0.9727	2.730
1430	0.4493	0.9723	2.768
1431	0.4435	0.9749	2.506
1432	0.4480	0.9732	2.683
1433	0.4492	0.9726	2.743
1434	0.4472	0.9732	2.677
1435	0.4446	0.9744	2.561
1436	0.4468	0.9733	2.666
1437	0.4323	0.9799	2.006
1438	0.4341	0.9789	2.107
1439	0.4459	0.9737	2.632
1440	0.4473	0.9733	2.670
1441	0.4481	0.9730	2.701
1442	0.4507	0.9714	2.860
1443	0.4475	0.9728	2.718
1444	0.4472	0.9729	2.714
1445	0.4482	0.9727	2.730
1446	0.4439	0.9749	2.508
1447	0.4423	0.9754	2.457
1448	0.4363	0.9777	2.226
1449	0.4501	0.9717	2.827
1450	0.4491	0.9726	2.738
1451	0.4458	0.9737	2.634
1452	0.4475	0.9732	2.675
1453	0.4468	0.9736	2.641
1454	0.4434	0.9744	2.556
1455	0.4447	0.9743	2.571
1456	0.4367	0.9782	2.176
1457	0.4402	0.9759	2.412
1458	0.4417	0.9752	2.484
1459	0.4481	0.9727	2.729
1460	0.4474	0.9727	2.733
1461	0.4486	0.9728	2.715
1462	0.4442	0.9739	2.606
1463	0.4495	0.9723	2.765
1464	0.4339	0.9793	2.074
1465	0.4508	0.9716	2.838
1466	0.4510	0.9716	2.840
1467	0.4507	0.9714	2.857
1468	0.4464	0.9733	2.674
1469	0.4493	0.9720	2.805
1470	0.4492	0.9724	2.765
1471	0.4485	0.9722	2.782
1472	0.4431	0.9746	2.539
1473	0.4451	0.9743	2.568
1474	0.4448	0.9743	2.568
1475	0.4463	0.9733	2.672
1476	0.4456	0.9736	2.636
1477	0.4504	0.9722	2.779
1478	0.4502	0.9716	2.835
1479	0.4486	0.9725	2.745
1480	0.4476	0.9726	2.743
1481	0.4504	0.9722	2.777
1482	0.4472	0.9731	2.693
1483	0.4436	0.9745	2.546
1484	0.4477	0.9731	2.687
1485	0.4495	0.9721	2.785
1486	0.4483	0.9725	2.748
1487	0.4354	0.9783	2.166
1488	0.4498	0.9722	2.780
1489	0.4417	0.9751	2.486
1490	0.4478	0.9728	2.717
1491	0.4430	0.9747	2.535
1492	0.4490	0.9726	2.738
1493	0.4455	0.9738	2.617
1494	0.4482	0.9729	2.706
1495	0.4498	0.9720	2.802
1496	0.4446	0.9740	2.604
1497	0.4449	0.9746	2.541
1498	0.4492	0.9723	2.766
1499	0.4480	0.9727	2.726
1500	0.4341	0.9792	2.085
1501	0.4460	0.9736	2.641
1502	0.4488	0.9725	2.750
1503	0.4480	0.9725	2.746
1504	0.4481	0.9726	2.740
1505	0.4488	0.9722	2.777
1506	0.4501	0.9719	2.809
1507	0.4470	0.9731	2.686
1508	0.4379	0.9772	2.284
1509	0.4508	0.9715	2.853
1510	0.4492	0.9726	2.738
1511	0.4429	0.9747	2.526
1512	0.4463	0.9733	2.672
1513	0.4480	0.9727	2.729
1514	0.4490	0.9726	2.736
1515	0.4491	0.9724	2.763
1516	0.4475	0.9726	2.737
1517	0.4482	0.9728	2.716
1518	0.4492	0.9720	2.805
1519	0.4491	0.9726	2.743
1520	0.4463	0.9733	2.669
1521	0.4341	0.9792	2.083
1522	0.4495	0.9721	2.786
1523	0.4496	0.9722	2.784
1524	0.4491	0.9726	2.737
1525	0.4482	0.9725	2.746
1526	0.4471	0.9733	2.667
1527	0.4471	0.9732	2.675
1528	0.4478	0.9732	2.679
1529	0.4422	0.9754	2.456
1530	0.4508	0.9716	2.840
1531	0.4469	0.9729	2.710
1532	0.4433	0.9750	2.504
1533	0.4494	0.9724	2.762
1534	0.4353	0.9783	2.168
1535	0.4456	0.9737	2.631
1536	0.4491	0.9723	2.765
1537	0.4437	0.9744	2.560
1538	0.4494	0.9724	2.761
1539	0.4457	0.9737	2.632
1540	0.4481	0.9727	2.730
1541	0.4486	0.9720	2.796
1542	0.4497	0.9720	2.801
1543	0.4322	0.9800	2.004
1544	0.4470	0.9731	2.687
1545	0.4437	0.9749	2.507
1546	0.4495	0.9721	2.792
1547	0.4416	0.9752	2.483
1548	0.4489	0.9727	2.733
1549	0.4455	0.9736	2.636
1550	0.4338	0.9793	2.071
1551	0.4454	0.9739	2.610
1552	0.4467	0.9735	2.645
1553	0.4506	0.9714	2.856
1554	0.4487	0.9723	2.773
1555	0.4498	0.9721	2.793
1556	0.4473	0.9727	2.733
1557	0.4474	0.9729	2.706
1558	0.4483	0.9722	2.781
1559	0.4339	0.9795	2.054
1560	0.4447	0.9743	2.567
1561	0.4445	0.9740	2.601
1562	0.4429	0.9747	2.533
1563	0.4503	0.9722	2.778
1564	0.4470	0.9729	2.712
1565	0.4378	0.9772	2.284
1566	0.4502	0.9723	2.775
1567	0.4513	0.9713	2.866
1568	0.4506	0.9716	2.836
1569	0.4473	0.9728	2.718
1570	0.4450	0.9743	2.573
1571	0.4448	0.9739	2.614
1572	0.4473	0.9733	2.674
1573	0.4361	0.9777	2.225
1574	0.4398	0.9762	2.375
1575	0.4484	0.9728	2.716
1576	0.4475	0.9731	2.686
1577	0.4458	0.9736	2.642
1578	0.4487	0.9725	2.748
1579	0.4500	0.9716	2.835
1580	0.4516	0.9710	2.901
1581	0.4507	0.9715	2.854
1582	0.4447	0.9746	2.542
1583	0.4480	0.9730	2.703
1584	0.4444	0.9743	2.568
1585	0.4479	0.9728	2.723
1586	0.4430	0.9746	2.537
1587	0.4488	0.9727	2.730
1588	0.4365	0.9782	2.177
1589	0.4478	0.9730	2.700
1590	0.4480	0.9726	2.742
1591	0.4497	0.9719	2.809
1592	0.4496	0.9722	2.779
1593	0.4444	0.9744	2.563
1594	0.4499	0.9719	2.807
1595	0.4400	0.9759	2.412
1596	0.4484	0.9726	2.743
1597	0.4434	0.9745	2.546
1598	0.4504	0.9714	2.859
1599	0.4481	0.9727	2.727
1600	0.4431	0.9744	2.556
1601	0.4476	0.9728	2.716
1602	0.4490	0.9722	2.780
1603	0.4470	0.9731	2.692
1604	0.4339	0.9790	2.104
1605	0.4465	0.9734	2.661
1606	0.4478	0.9725	2.748
1607	0.4490	0.9723	2.769
1608	0.4440	0.9739	2.605
1609	0.4415	0.9751	2.487
1610	0.4476	0.9729	2.709
1611	0.4498	0.9717	2.828
1612	0.4507	0.9716	2.838
1613	0.4477	0.9732	2.680
1614	0.4472	0.9732	2.677
1615	0.4494	0.9721	2.791
1616	0.4472	0.9727	2.733
1617	0.4470	0.9733	2.671
1618	0.4494	0.9722	2.784
1619	0.4453	0.9737	2.633
1620	0.4496	0.9722	2.780
1621	0.4496	0.9720	2.801
1622	0.4489	0.9724	2.764
1623	0.4467	0.9729	2.712
1624	0.4465	0.9736	2.643
1625	0.4493	0.9721	2.786
1626	0.4488	0.9727	2.734
1627	0.4431	0.9745	2.554
1628	0.4505	0.9717	2.833
1629	0.4498	0.9718	2.824
1630	0.4483	0.9729	2.711
1631	0.4486	0.9726	2.743
1632	0.4480	0.9726	2.743
1633	0.4487	0.9727	2.726
1634	0.4482	0.9722	2.780
1635	0.4444	0.9743	2.567
1636	0.4338	0.9790	2.104
1637	0.4479	0.9730	2.700
1638	0.4465	0.9733	2.667
1639	0.4489	0.9726	2.744
1640	0.4489	0.9724	2.761
1641	0.4458	0.9736	2.643
1642	0.4446	0.9743	2.567
1643	0.4442	0.9744	2.560
1644	0.4377	0.9772	2.281
1645	0.4429	0.9746	2.537
1646	0.4501	0.9722	2.778
1647	0.4485	0.9721	2.795
1648	0.4455	0.9737	2.627
1649	0.4339	0.9792	2.084
1650	0.4492	0.9724	2.761
1651	0.4471	0.9728	2.717
1652	0.4397	0.9763	2.375
1653	0.4480	0.9728	2.717
1654	0.4479	0.9727	2.730
1655	0.4399	0.9759	2.410
1656	0.4497	0.9720	2.797
1657	0.4455	0.9737	2.630
1658	0.4474	0.9731	2.686
1659	0.4511	0.9714	2.861
1660	0.4461	0.9733	2.670
1661	0.4489	0.9723	2.766
1662	0.4487	0.9726	2.738
1663	0.4364	0.9782	2.179
1664	0.4489	0.9726	2.737
1665	0.4415	0.9751	2.489
1666	0.4496	0.9719	2.808
1667	0.4485	0.9722	2.777
1668	0.4488	0.9722	2.778
1669	0.4477	0.9727	2.729
1670	0.4477	0.9727	2.725
1671	0.4505	0.9714	2.855
1672	0.4479	0.9726	2.739
1673	0.4319	0.9800	2.004
1674	0.4439	0.9740	2.603
1675	0.4503	0.9714	2.862
1676	0.4504	0.9715	2.854
1677	0.4426	0.9747	2.525
1678	0.4477	0.9730	2.703
1679	0.4468	0.9733	2.673
1680	0.4489	0.9720	2.805
1681	0.4446	0.9746	2.541
1682	0.4431	0.9750	2.504
1683	0.4448	0.9743	2.570
1684	0.4336	0.9793	2.072
1685	0.4477	0.9725	2.746
1686	0.4492	0.9724	2.761
1687	0.4460	0.9733	2.671
1688	0.4443	0.9740	2.603
1689	0.4469	0.9731	2.693
1690	0.4446	0.9738	2.617
1691	0.4472	0.9726	2.742
1692	0.4452	0.9738	2.616
1693	0.4483	0.9726	2.743
1694	0.4475	0.9728	2.715
1695	0.4497	0.9719	2.809
1696	0.4500	0.9722	2.778
1697	0.4359	0.9777	2.226
1698	0.4414	0.9752	2.485
1699	0.4472	0.9729	2.707
1700	0.4434	0.9744	2.560
1701	0.4467	0.9731	2.687
1702	0.4514	0.9710	2.904
1703	0.4475	0.9729	2.709
1704	0.4498	0.9716	2.836
1705	0.4467	0.9729	2.712
1706	0.4350	0.9784	2.164
1707	0.4478	0.9727	2.731
1708	0.4434	0.9749	2.507
1709	0.4419	0.9754	2.460
1710	0.4432	0.9745	2.547
1711	0.4336	0.9795	2.055
1712	0.4426	0.9747	2.533
1713	0.4447	0.9743	2.569
1714	0.4471	0.9729	2.707
1715	0.4482	0.9728	2.716
1716	0.4488	0.9723	2.770
1717	0.4478	0.9730	2.704
1718	0.4495	0.9719	2.807
1719	0.4470	0.9727	2.734
1720	0.4453	0.9737	2.635
1721	0.4494	0.9722	2.784
1722	0.4318	0.9800	2.005
1723	0.4468	0.9733	2.674
1724	0.4510	0.9712	2.876
1725	0.4476	0.9727	2.731
1726	0.4432	0.9745	2.545
1727	0.4496	0.9720	2.801
1728	0.4477	0.9727	2.729
1729	0.4479	0.9725	2.750
1730	0.4491	0.9721	2.789
1731	0.4397	0.9759	2.411
1732	0.4395	0.9762	2.380
1733	0.4433	0.9745	2.554
1734	0.4489	0.9720	2.805
1735	0.4337	0.9792	2.084
1736	0.4470	0.9728	2.720
1737	0.4482	0.9726	2.743
1738	0.4349	0.9784	2.164
1739	0.4430	0.9749	2.507
1740	0.4460	0.9733	2.675
1741	0.4464	0.9736	2.641
1742	0.4487	0.9724	2.762
1743	0.4413	0.9751	2.489
1744	0.4429	0.9744	2.559
1745	0.4434	0.9749	2.508
1746	0.4497	0.9719	2.809
1747	0.4487	0.9725	2.750
1748	0.4513	0.9710	2.901
1749	0.4491	0.9723	2.766
1750	0.4497	0.9716	2.838
1751	0.4474	0.9729	2.713
1752	0.4496	0.9718	2.825
1753	0.4492	0.9721	2.790
1754	0.4499	0.9722	2.778
1755	0.4444	0.9746	2.544
1756	0.4486	0.9726	2.740
1757	0.4472	0.9731	2.688
1758	0.4494	0.9720	2.802
1759	0.4478	0.9728	2.717
1760	0.4453	0.9737	2.632
1761	0.4470	0.9733	2.673
1762	0.4477	0.9726	2.739
1763	0.4455	0.9736	2.642
1764	0.4474	0.9729	2.708
1765	0.4475	0.9730	2.701
1766	0.4477	0.9727	2.729
1767	0.4441	0.9743	2.571
1768	0.4451	0.9739	2.614
1769	0.4485	0.9727	2.726
1770	0.4487	0.9726	2.738
1771	0.4484	0.9723	2.774
1772	0.4437	0.9740	2.604
1773	0.4492	0.9721	2.791
1774	0.4426	0.9746	2.536
1775	0.4440	0.9744	2.560
1776	0.4335	0.9795	2.052
1777	0.4467	0.9731	2.690
1778	0.4502	0.9716	2.836
1779	0.4466	0.9729	2.713
1780	0.4474	0.9732	2.682
1781	0.4375	0.9772	2.284
1782	0.4442	0.9740	2.603
1783	0.4444	0.9738	2.615
1784	0.4466	0.9731	2.686
1785	0.4471	0.9726	2.739
1786	0.4417	0.9754	2.458
1787	0.4502	0.9714	2.857
1788	0.4503	0.9715	2.854
1789	0.4479	0.9722	2.781
1790	0.4465	0.9729	2.714
1791	0.4451	0.9737	2.632
1792	0.4504	0.9716	2.841
1793	0.4335	0.9789	2.105
1794	0.4443	0.9743	2.568
1795	0.4425	0.9747	2.535
1796	0.4467	0.9733	2.672
1797	0.4477	0.9727	2.728
1798	0.4357	0.9777	2.225
1799	0.4483	0.9725	2.750
1800	0.4462	0.9734	2.662
1801	0.4486	0.9722	2.780
1802	0.4482	0.9720	2.798
1803	0.4489	0.9724	2.761
1804	0.4361	0.9782	2.176
1805	0.4485	0.9726	2.738
1806	0.4487	0.9723	2.768
1807	0.4412	0.9752	2.484
1808	0.4423	0.9747	2.525
1809	0.4334	0.9793	2.073
1810	0.4501	0.9714	2.857
1811	0.4475	0.9725	2.750
1812	0.4499	0.9722	2.778
1813	0.4458	0.9733	2.671
1814	0.4476	0.9726	2.743
1815	0.4503	0.9715	2.855
1816	0.4494	0.9720	2.796
1817	0.4476	0.9727	2.728
1818	0.4483	0.9725	2.750
1819	0.4474	0.9730	2.702
1820	0.4423	0.9747	2.525
1821	0.4485	0.9726	2.739
1822	0.4468	0.9728	2.716
1823	0.4427	0.9744	2.557
1824	0.4425	0.9746	2.540
1825	0.4454	0.9736	2.645
1826	0.4450	0.9738	2.620
1827	0.4440	0.9744	2.563
1828	0.4469	0.9732	2.675
1829	0.4471	0.9731	2.688
1830	0.4452	0.9737	2.632
1831	0.4475	0.9727	2.728
1832	0.4458	0.9733	2.672
1833	0.4443	0.9746	2.541
1834	0.4432	0.9744	2.560
1835	0.4424	0.9747	2.535
1836	0.4484	0.9727	2.727
1837	0.4466	0.9733	2.673
1838	0.4503	0.9716	2.840
1839	0.4473	0.9729	2.708
1840	0.4473	0.9732	2.683
1841	0.4479	0.9729	2.712
1842	0.4357	0.9777	2.225
1843	0.4461	0.9734	2.663
1844	0.4477	0.9725	2.746
1845	0.4432	0.9749	2.506
1846	0.4450	0.9737	2.634
1847	0.4501	0.9717	2.834
1848	0.4480	0.9726	2.739
1849	0.4464	0.9729	2.712
1850	0.4508	0.9714	2.864
1851	0.4497	0.9722	2.776
1852	0.4486	0.9724	2.762
1853	0.4457	0.9733	2.671
1854	0.4494	0.9718	2.824
1855	0.4495	0.9719	2.810
1856	0.4416	0.9754	2.456
1857	0.4395	0.9759	2.411
1858	0.4476	0.9727	2.727
1859	0.4486	0.9720	2.804
1860	0.4475	0.9730	2.701
1861	0.4490	0.9722	2.783
1862	0.4489	0.9724	2.761
1863	0.4373	0.9772	2.282
1864	0.4347	0.9783	2.168
1865	0.4393	0.9763	2.374
1866	0.4440	0.9740	2.604
1867	0.4474	0.9725	2.746
1868	0.4464	0.9732	2.685
1869	0.4411	0.9752	2.483
1870	0.4428	0.9750	2.505
1871	0.4488	0.9724	2.761
1872	0.4430	0.9745	2.548
1873	0.4436	0.9740	2.604
1874	0.4484	0.9726	2.737
1875	0.4492	0.9722	2.779
1876	0.4465	0.9733	2.671
1877	0.4443	0.9738	2.616
1878	0.4486	0.9726	2.736
1879	0.4499	0.9714	2.861
1880	0.4497	0.9722	2.777
1881	0.4466	0.9731	2.689
1882	0.4360	0.9782	2.175
1883	0.4476	0.9728	2.719
1884	0.4485	0.9723	2.769
1885	0.4478	0.9722	2.780
1886	0.4492	0.9719	2.809
1887	0.4485	0.9722	2.779
1888	0.4471	0.9728	2.715
1889	0.4334	0.9790	2.104
1890	0.4485	0.9726	2.744
1891	0.4444	0.9743	2.569
1892	0.4439	0.9743	2.570
1893	0.4490	0.9721	2.793
1894	0.4485	0.9724	2.762
1895	0.4511	0.9710	2.901
1896	0.4461	0.9736	2.644
1897	0.4316	0.9800	2.004
1898	0.4482	0.9723	2.774
1899	0.4469	0.9726	2.737
1900	0.4500	0.9715	2.854
1901	0.4464	0.9729	2.712
1902	0.4335	0.9792	2.084
1903	0.4468	0.9729	2.706
1904	0.4450	0.9737	2.633
1905	0.4491	0.9720	2.802
1906	0.4494	0.9717	2.833
1907	0.4333	0.9795	2.052
1908	0.4332	0.9793	2.073
1909	0.4410	0.9751	2.487
1910	0.4467	0.9727	2.732
1911	0.4441	0.9743	2.568
1912	0.4473	0.9727	2.728
1913	0.4480	0.9720	2.803
1914	0.4488	0.9721	2.788
1915	0.4475	0.9726	2.742
1916	0.4478	0.9728	2.715
1917	0.4439	0.9743	2.574
1918	0.4431	0.9749	2.508
1919	0.4485	0.9726	2.736
1920	0.4482	0.9727	2.727
1921	0.4488	0.9724	2.761
1922	0.4333	0.9789	2.107
1923	0.4493	0.9717	2.827
1924	0.4473	0.9727	2.727
1925	0.4475	0.9725	2.747
1926	0.4429	0.9745	2.547
1927	0.4427	0.9750	2.504
1928	0.4444	0.9743	2.569
1929	0.4474	0.9730	2.704
1930	0.4410	0.9752	2.484
1931	0.4333	0.9795	2.054
1932	0.4372	0.9772	2.284
1933	0.4475	0.9728	2.720
1934	0.4484	0.9722	2.780
1935	0.4421	0.9747	2.526
1936	0.4489	0.9721	2.788
1937	0.4410	0.9751	2.486
1938	0.4358	0.9782	2.176
1939	0.4501	0.9715	2.855
1940	0.4491	0.9722	2.785
1941	0.4484	0.9725	2.746
1942	0.4500	0.9716	2.836
1943	0.4334	0.9792	2.084
1944	0.4484	0.9723	2.771
1945	0.4423	0.9746	2.538
1946	0.4464	0.9732	2.675
1947	0.4466	0.9727	2.731
1948	0.4498	0.9714	2.860
1949	0.4456	0.9733	2.674
1950	0.4429	0.9744	2.557
1951	0.4487	0.9723	2.766
1952	0.4422	0.9747	2.531
1953	0.4434	0.9739	2.606
1954	0.4510	0.9710	2.900
1955	0.4448	0.9736	2.640
1956	0.4499	0.9714	2.856
1957	0.4440	0.9743	2.566
1958	0.4490	0.9719	2.805
1959	0.4491	0.9719	2.807
1960	0.4474	0.9727	2.732
1961	0.4354	0.9777	2.225
1962	0.4393	0.9759	2.410
1963	0.4464	0.9733	2.672
1964	0.4470	0.9729	2.709
1965	0.4489	0.9720	2.796
1966	0.4345	0.9784	2.163
1967	0.4485	0.9720	2.805
1968	0.4464	0.9731	2.693
1969	0.4455	0.9733	2.671
1970	0.4482	0.9726	2.744
1971	0.4483	0.9726	2.739
1972	0.4449	0.9736	2.637
1973	0.4496	0.9722	2.779
1974	0.4487	0.9721	2.789
1975	0.4476	0.9722	2.780
1976	0.4478	0.9726	2.743
1977	0.4438	0.9740	2.603
1978	0.4463	0.9729	2.712
1979	0.4493	0.9720	2.805
1980	0.4460	0.9736	2.640
1981	0.4441	0.9738	2.617
1982	0.4491	0.9720	2.796
1983	0.4437	0.9744	2.560
1984	0.4480	0.9725	2.750
1985	0.4314	0.9800	2.003
1986	0.4391	0.9762	2.379
1987	0.4441	0.9746	2.543
1988	0.4468	0.9731	2.688
1989	0.4480	0.9722	2.776
1990	0.4452	0.9736	2.641
1991	0.4425	0.9744	2.556
1992	0.4472	0.9726	2.744
1993	0.4501	0.9716	2.840
1994	0.4470	0.9729	2.714
1995	0.4465	0.9728	2.716
1996	0.4479	0.9720	2.797
1997	0.4467	0.9729	2.706
1998	0.4330	0.9793	2.072
1999	0.4466	0.9733	2.674
