0	0.4643	0.9721	2.786
1	0.4576	0.9744	2.565
2	0.4619	0.9728	2.721
3	0.4556	0.9750	2.496
4	0.4621	0.9724	2.757
5	0.4615	0.9731	2.694
6	0.4624	0.9728	2.723
7	0.4656	0.9709	2.910
8	0.4590	0.9742	2.584
9	0.4581	0.9738	2.620
10	0.4628	0.9725	2.748
11	0.4612	0.9725	2.750
12	0.4619	0.9726	2.736
13	0.4630	0.9723	2.774
14	0.4594	0.9738	2.625
15	0.4501	0.9777	2.232
16	0.4618	0.9730	2.698
17	0.4642	0.9722	2.784
18	0.4633	0.9722	2.781
19	0.4627	0.9722	2.785
20	0.4575	0.9744	2.556
21	0.4653	0.9712	2.882
22	0.4637	0.9718	2.818
23	0.4630	0.9722	2.776
24	0.4586	0.9742	2.575
25	0.4606	0.9733	2.672
26	0.4646	0.9715	2.854
27	0.4630	0.9725	2.752
28	0.4634	0.9721	2.793
29	0.4596	0.9735	2.648
30	0.4601	0.9731	2.690
31	0.4620	0.9726	2.739
32	0.4584	0.9743	2.571
33	0.4620	0.9725	2.749
34	0.4492	0.9783	2.172
35	0.4570	0.9745	2.548
36	0.4583	0.9742	2.576
37	0.4608	0.9727	2.725
38	0.4633	0.9721	2.794
39	0.4594	0.9735	2.647
40	0.4618	0.9726	2.741
41	0.4625	0.9725	2.753
42	0.4568	0.9746	2.538
43	0.4504	0.9782	2.178
44	0.4460	0.9799	2.015
45	0.4620	0.9727	2.734
46	0.4634	0.9720	2.796
47	0.4477	0.9793	2.066
48	0.4606	0.9735	2.652
49	0.4633	0.9723	2.775
50	0.4620	0.9729	2.715
51	0.4609	0.9728	2.717
52	0.4572	0.9749	2.512
53	0.4560	0.9753	2.473
54	0.4613	0.9725	2.752
55	0.4618	0.9724	2.757
56	0.4616	0.9729	2.712
57	0.4639	0.9718	2.822
58	0.4638	0.9719	2.811
59	0.4630	0.9726	2.742
60	0.4539	0.9758	2.424
61	0.4629	0.9720	2.797
62	0.4586	0.9737	2.628
63	0.4584	0.9739	2.608
64	0.4622	0.9721	2.793
65	0.4609	0.9732	2.684
66	0.4476	0.9791	2.086
67	0.4639	0.9715	2.852
68	0.4597	0.9735	2.648
69	0.4636	0.9719	2.814
70	0.4626	0.9724	2.756
71	0.4609	0.9732	2.681
72	0.4554	0.9751	2.490
73	0.4608	0.9730	2.704
74	0.4601	0.9732	2.680
75	0.4644	0.9713	2.875
76	0.4612	0.9732	2.684
77	0.4595	0.9736	2.639
78	0.4628	0.9726	2.745
79	0.4516	0.9771	2.286
80	0.4613	0.9728	2.719
81	0.4566	0.9746	2.537
82	0.4629	0.9722	2.783
83	0.4619	0.9725	2.745
84	0.4615	0.9727	2.726
85	0.4646	0.9713	2.866
86	0.4477	0.9789	2.110
87	0.4611	0.9728	2.724
88	0.4609	0.9730	2.704
89	0.4624	0.9719	2.812
90	0.4536	0.9761	2.392
91	0.4586	0.9744	2.560
92	0.4644	0.9713	2.871
93	0.4575	0.9748	2.517
94	0.4646	0.9716	2.842
95	0.4478	0.9790	2.098
96	0.4570	0.9743	2.572
97	0.4570	0.9743	2.574
98	0.4626	0.9727	2.733
99	0.4624	0.9719	2.812
100	0.4618	0.9724	2.756
101	0.4477	0.9789	2.108
102	0.4516	0.9771	2.287
103	0.4633	0.9720	2.800
104	0.4628	0.9720	2.795
105	0.4610	0.9725	2.747
106	0.4615	0.9727	2.725
107	0.4619	0.9724	2.758
108	0.4618	0.9725	2.747
109	0.4583	0.9739	2.611
110	0.4646	0.9716	2.842
111	0.4617	0.9726	2.738
112	0.4617	0.9724	2.758
113	0.4582	0.9743	2.574
114	0.4585	0.9742	2.576
115	0.4588	0.9742	2.584
116	0.4619	0.9727	2.733
117	0.4617	0.9727	2.725
118	0.4585	0.9737	2.628
119	0.4618	0.9726	2.739
120	0.4626	0.9725	2.748
121	0.4499	0.9777	2.231
122	0.4535	0.9761	2.391
123	0.4606	0.9727	2.727
124	0.4578	0.9738	2.619
125	0.4638	0.9715	2.852
126	0.4565	0.9746	2.536
127	0.4640	0.9721	2.785
128	0.4644	0.9715	2.852
129	0.4567	0.9745	2.548
130	0.4628	0.9722	2.776
131	0.4554	0.9751	2.495
132	0.4612	0.9725	2.751
133	0.4599	0.9732	2.681
134	0.4537	0.9758	2.424
135	0.4489	0.9783	2.170
136	0.4608	0.9732	2.680
137	0.4636	0.9719	2.812
138	0.4628	0.9722	2.784
139	0.4625	0.9721	2.788
140	0.4634	0.9720	2.799
141	0.4594	0.9735	2.647
142	0.4475	0.9793	2.065
143	0.4596	0.9735	2.649
144	0.4501	0.9782	2.180
145	0.4633	0.9719	2.808
146	0.4593	0.9736	2.642
147	0.4600	0.9732	2.683
148	0.4631	0.9720	2.799
149	0.4573	0.9743	2.569
150	0.4572	0.9745	2.553
151	0.4637	0.9717	2.826
152	0.4603	0.9732	2.676
153	0.4616	0.9726	2.742
154	0.4627	0.9723	2.775
155	0.4585	0.9744	2.563
156	0.4607	0.9729	2.708
157	0.4474	0.9792	2.083
158	0.4607	0.9728	2.724
159	0.4457	0.9799	2.014
160	0.4615	0.9729	2.708
161	0.4626	0.9726	2.745
162	0.4642	0.9712	2.875
163	0.4569	0.9749	2.514
164	0.4476	0.9790	2.100
165	0.4624	0.9724	2.759
166	0.4639	0.9721	2.791
167	0.4630	0.9721	2.786
168	0.4622	0.9724	2.756
169	0.4573	0.9748	2.519
170	0.4610	0.9731	2.686
171	0.4621	0.9727	2.725
172	0.4552	0.9751	2.489
173	0.4612	0.9731	2.693
174	0.4609	0.9728	2.723
175	0.4607	0.9730	2.704
176	0.4636	0.9715	2.853
177	0.4653	0.9709	2.909
178	0.4620	0.9721	2.791
179	0.4627	0.9725	2.755
180	0.4642	0.9713	2.872
181	0.4607	0.9732	2.682
182	0.4633	0.9719	2.813
183	0.4627	0.9726	2.743
184	0.4644	0.9713	2.868
185	0.4610	0.9728	2.721
186	0.4557	0.9753	2.472
187	0.4581	0.9742	2.575
188	0.4591	0.9735	2.648
189	0.4634	0.9718	2.817
190	0.4614	0.9729	2.712
191	0.4617	0.9729	2.713
192	0.4603	0.9735	2.652
193	0.4590	0.9738	2.624
194	0.4565	0.9746	2.540
195	0.4627	0.9718	2.816
196	0.4649	0.9712	2.882
197	0.4630	0.9723	2.775
198	0.4633	0.9719	2.811
199	0.4557	0.9753	2.472
200	0.4595	0.9735	2.647
201	0.4643	0.9713	2.866
202	0.4534	0.9761	2.392
203	0.4609	0.9731	2.685
204	0.4609	0.9725	2.748
205	0.4592	0.9735	2.649
206	0.4514	0.9771	2.287
207	0.4568	0.9743	2.569
208	0.4473	0.9791	2.085
209	0.4610	0.9725	2.751
210	0.4616	0.9728	2.717
211	0.4614	0.9730	2.700
212	0.4590	0.9737	2.626
213	0.4652	0.9709	2.909
214	0.4583	0.9744	2.557
215	0.4631	0.9720	2.796
216	0.4631	0.9720	2.797
217	0.4568	0.9749	2.511
218	0.4642	0.9715	2.853
219	0.4580	0.9743	2.573
220	0.4630	0.9720	2.795
221	0.4572	0.9749	2.514
222	0.4636	0.9715	2.851
223	0.4598	0.9732	2.683
224	0.4614	0.9726	2.740
225	0.4627	0.9718	2.815
226	0.4456	0.9798	2.015
227	0.4582	0.9742	2.576
228	0.4535	0.9758	2.423
229	0.4616	0.9726	2.738
230	0.4580	0.9742	2.575
231	0.4487	0.9783	2.172
232	0.4623	0.9722	2.784
233	0.4610	0.9731	2.690
234	0.4583	0.9737	2.629
235	0.4616	0.9725	2.752
236	0.4608	0.9728	2.720
237	0.4551	0.9751	2.489
238	0.4622	0.9725	2.755
239	0.4641	0.9713	2.871
240	0.4613	0.9729	2.710
241	0.4581	0.9739	2.609
242	0.4564	0.9746	2.539
243	0.4624	0.9726	2.742
244	0.4643	0.9716	2.842
245	0.4602	0.9735	2.651
246	0.4597	0.9731	2.690
247	0.4625	0.9722	2.775
248	0.4601	0.9733	2.673
249	0.4628	0.9722	2.780
250	0.4629	0.9722	2.777
251	0.4605	0.9732	2.685
252	0.4551	0.9751	2.495
253	0.4635	0.9718	2.816
254	0.4562	0.9747	2.532
255	0.4637	0.9722	2.783
256	0.4623	0.9726	2.744
257	0.4606	0.9732	2.678
258	0.4585	0.9742	2.580
259	0.4633	0.9719	2.808
260	0.4620	0.9725	2.753
261	0.4648	0.9712	2.879
262	0.4473	0.9793	2.069
263	0.4603	0.9727	2.726
264	0.4625	0.9725	2.750
265	0.4619	0.9728	2.720
266	0.4634	0.9716	2.840
267	0.4474	0.9789	2.110
268	0.4500	0.9782	2.179
269	0.4614	0.9724	2.756
270	0.4474	0.9790	2.099
271	0.4632	0.9718	2.817
272	0.4625	0.9721	2.795
273	0.4614	0.9728	2.724
274	0.4606	0.9730	2.703
275	0.4625	0.9722	2.783
276	0.4631	0.9720	2.799
277	0.4615	0.9725	2.745
278	0.4616	0.9727	2.733
279	0.4637	0.9721	2.785
280	0.4589	0.9735	2.648
281	0.4591	0.9736	2.638
282	0.4625	0.9726	2.743
283	0.4615	0.9725	2.751
284	0.4640	0.9713	2.875
285	0.4569	0.9744	2.557
286	0.4564	0.9745	2.547
287	0.4625	0.9722	2.776
288	0.4495	0.9777	2.232
289	0.4611	0.9727	2.726
290	0.4604	0.9728	2.719
291	0.4575	0.9738	2.619
292	0.4622	0.9727	2.731
293	0.4613	0.9727	2.734
294	0.4617	0.9721	2.793
295	0.4620	0.9719	2.809
296	0.4608	0.9728	2.718
297	0.4604	0.9730	2.704
298	0.4570	0.9744	2.563
299	0.4609	0.9731	2.694
300	0.4634	0.9718	2.820
301	0.4471	0.9792	2.085
302	0.4604	0.9728	2.719
303	0.4604	0.9730	2.704
304	0.4498	0.9782	2.178
305	0.4640	0.9713	2.871
306	0.4588	0.9737	2.628
307	0.4624	0.9723	2.773
308	0.4624	0.9720	2.796
309	0.4613	0.9724	2.756
310	0.4629	0.9720	2.799
311	0.4581	0.9745	2.551
312	0.4627	0.9722	2.781
313	0.4549	0.9751	2.489
314	0.4650	0.9709	2.907
315	0.4566	0.9743	2.569
316	0.4617	0.9721	2.793
317	0.4595	0.9732	2.684
318	0.4621	0.9725	2.755
319	0.4608	0.9725	2.749
320	0.4622	0.9727	2.731
321	0.4472	0.9794	2.065
322	0.4578	0.9743	2.573
323	0.4641	0.9716	2.844
324	0.4574	0.9738	2.619
325	0.4630	0.9720	2.800
326	0.4614	0.9726	2.740
327	0.4604	0.9732	2.683
328	0.4623	0.9726	2.745
329	0.4632	0.9719	2.807
330	0.4604	0.9732	2.677
331	0.4590	0.9735	2.650
332	0.4592	0.9735	2.646
333	0.4624	0.9725	2.752
334	0.4614	0.9727	2.728
335	0.4583	0.9742	2.580
336	0.4639	0.9715	2.853
337	0.4602	0.9728	2.723
338	0.4632	0.9716	2.840
339	0.4606	0.9731	2.686
340	0.4494	0.9777	2.233
341	0.4568	0.9744	2.557
342	0.4473	0.9790	2.098
343	0.4620	0.9722	2.784
344	0.4641	0.9713	2.865
345	0.4485	0.9783	2.173
346	0.4611	0.9730	2.696
347	0.4624	0.9722	2.780
348	0.4531	0.9761	2.391
349	0.4619	0.9719	2.807
350	0.4635	0.9722	2.784
351	0.4604	0.9730	2.701
352	0.4622	0.9725	2.746
353	0.4578	0.9739	2.610
354	0.4566	0.9749	2.512
355	0.4569	0.9744	2.563
356	0.4624	0.9718	2.819
357	0.4624	0.9726	2.741
358	0.4646	0.9712	2.882
359	0.4617	0.9728	2.720
360	0.4580	0.9737	2.629
361	0.4472	0.9789	2.109
362	0.4578	0.9742	2.576
363	0.4606	0.9728	2.721
364	0.4613	0.9726	2.744
365	0.4638	0.9713	2.873
366	0.4633	0.9715	2.853
367	0.4569	0.9749	2.511
368	0.4607	0.9728	2.721
369	0.4630	0.9718	2.818
370	0.4587	0.9735	2.648
371	0.4627	0.9720	2.796
372	0.4560	0.9747	2.534
373	0.4612	0.9726	2.736
374	0.4613	0.9729	2.712
375	0.4635	0.9721	2.787
376	0.4579	0.9742	2.576
377	0.4563	0.9745	2.548
378	0.4553	0.9753	2.473
379	0.4629	0.9719	2.809
380	0.4561	0.9746	2.539
381	0.4613	0.9725	2.750
382	0.4610	0.9729	2.710
383	0.4623	0.9722	2.775
384	0.4618	0.9725	2.752
385	0.4589	0.9736	2.635
386	0.4595	0.9732	2.683
387	0.4611	0.9728	2.725
388	0.4599	0.9735	2.652
389	0.4548	0.9750	2.496
390	0.4609	0.9727	2.726
391	0.4510	0.9771	2.286
392	0.4605	0.9725	2.750
393	0.4532	0.9758	2.425
394	0.4613	0.9724	2.756
395	0.4627	0.9720	2.800
396	0.4611	0.9726	2.741
397	0.4598	0.9733	2.675
398	0.4626	0.9723	2.774
399	0.4452	0.9799	2.014
400	0.4564	0.9743	2.570
401	0.4561	0.9746	2.543
402	0.4562	0.9745	2.547
403	0.4611	0.9728	2.719
404	0.4580	0.9744	2.562
405	0.4532	0.9758	2.424
406	0.4553	0.9753	2.472
407	0.4611	0.9724	2.762
408	0.4616	0.9728	2.725
409	0.4606	0.9728	2.721
410	0.4613	0.9726	2.736
411	0.4619	0.9721	2.786
412	0.4612	0.9728	2.716
413	0.4568	0.9743	2.566
414	0.4626	0.9723	2.772
415	0.4579	0.9737	2.626
416	0.4586	0.9735	2.649
417	0.4606	0.9725	2.752
418	0.4615	0.9721	2.791
419	0.4622	0.9720	2.796
420	0.4623	0.9718	2.819
421	0.4572	0.9738	2.617
422	0.4626	0.9720	2.796
423	0.4568	0.9748	2.517
424	0.4483	0.9783	2.172
425	0.4598	0.9735	2.653
426	0.4469	0.9794	2.064
427	0.4594	0.9732	2.679
428	0.4634	0.9721	2.786
429	0.4576	0.9743	2.574
430	0.4612	0.9724	2.755
431	0.4611	0.9727	2.734
432	0.4604	0.9732	2.683
433	0.4628	0.9720	2.800
434	0.4577	0.9739	2.610
435	0.4634	0.9721	2.790
436	0.4626	0.9720	2.800
437	0.4529	0.9761	2.389
438	0.4632	0.9715	2.852
439	0.4496	0.9782	2.179
440	0.4600	0.9727	2.730
441	0.4590	0.9735	2.649
442	0.4627	0.9720	2.805
443	0.4606	0.9731	2.693
444	0.4617	0.9719	2.809
445	0.4601	0.9729	2.707
446	0.4618	0.9725	2.755
447	0.4608	0.9729	2.712
448	0.4602	0.9730	2.703
449	0.4470	0.9789	2.109
450	0.4647	0.9709	2.910
451	0.4578	0.9742	2.578
452	0.4587	0.9735	2.647
453	0.4616	0.9725	2.753
454	0.4601	0.9728	2.720
455	0.4630	0.9719	2.809
456	0.4597	0.9733	2.675
457	0.4610	0.9726	2.741
458	0.4637	0.9713	2.871
459	0.4619	0.9727	2.730
460	0.4628	0.9719	2.812
461	0.4601	0.9732	2.684
462	0.4621	0.9723	2.775
463	0.4468	0.9792	2.085
464	0.4563	0.9749	2.511
465	0.4546	0.9751	2.489
466	0.4630	0.9715	2.853
467	0.4491	0.9777	2.231
468	0.4624	0.9722	2.782
469	0.4547	0.9750	2.496
470	0.4637	0.9715	2.853
471	0.4622	0.9726	2.743
472	0.4592	0.9732	2.681
473	0.4628	0.9718	2.821
474	0.4620	0.9725	2.745
475	0.4608	0.9730	2.699
476	0.4612	0.9725	2.753
477	0.4580	0.9742	2.583
478	0.4575	0.9743	2.574
479	0.4470	0.9790	2.098
480	0.4611	0.9726	2.739
481	0.4603	0.9725	2.748
482	0.4587	0.9736	2.640
483	0.4621	0.9722	2.781
484	0.4451	0.9799	2.014
485	0.4584	0.9737	2.627
486	0.4630	0.9718	2.820
487	0.4643	0.9712	2.882
488	0.4620	0.9724	2.755
489	0.4621	0.9722	2.776
490	0.4601	0.9732	2.677
491	0.4610	0.9726	2.743
492	0.4638	0.9716	2.841
493	0.4603	0.9728	2.720
494	0.4565	0.9744	2.556
495	0.4508	0.9771	2.286
496	0.4635	0.9713	2.874
497	0.4607	0.9727	2.726
498	0.4558	0.9747	2.535
499	0.4619	0.9725	2.748
500	0.4637	0.9713	2.867
501	0.4632	0.9722	2.783
502	0.4619	0.9726	2.742
503	0.4630	0.9718	2.816
504	0.4607	0.9729	2.710
505	0.4614	0.9728	2.720
506	0.4577	0.9737	2.629
507	0.4575	0.9739	2.608
508	0.4470	0.9790	2.098
509	0.4574	0.9743	2.573
510	0.4627	0.9719	2.811
511	0.4588	0.9735	2.647
512	0.4616	0.9719	2.810
513	0.4630	0.9715	2.853
514	0.4608	0.9731	2.695
515	0.4604	0.9725	2.748
516	0.4596	0.9735	2.651
517	0.4627	0.9721	2.793
518	0.4610	0.9726	2.744
519	0.4624	0.9720	2.796
520	0.4579	0.9742	2.580
521	0.4599	0.9728	2.721
522	0.4610	0.9725	2.753
523	0.4530	0.9758	2.421
524	0.4551	0.9753	2.472
525	0.4574	0.9743	2.572
526	0.4564	0.9744	2.556
527	0.4602	0.9726	2.743
528	0.4625	0.9720	2.795
529	0.4577	0.9745	2.547
530	0.4608	0.9724	2.755
531	0.4620	0.9723	2.774
532	0.4595	0.9733	2.675
533	0.4599	0.9730	2.699
534	0.4627	0.9719	2.812
535	0.4619	0.9725	2.750
536	0.4561	0.9743	2.570
537	0.4620	0.9722	2.779
538	0.4557	0.9747	2.532
539	0.4612	0.9721	2.793
540	0.4637	0.9713	2.870
541	0.4468	0.9789	2.109
542	0.4527	0.9761	2.391
543	0.4583	0.9738	2.624
544	0.4610	0.9727	2.728
545	0.4592	0.9732	2.683
546	0.4559	0.9745	2.548
547	0.4608	0.9726	2.738
548	0.4606	0.9727	2.725
549	0.4583	0.9735	2.648
550	0.4591	0.9731	2.686
551	0.4597	0.9727	2.725
552	0.4616	0.9722	2.783
553	0.4642	0.9712	2.883
554	0.4467	0.9793	2.066
555	0.4608	0.9726	2.742
556	0.4628	0.9715	2.850
557	0.4634	0.9713	2.873
558	0.4481	0.9783	2.170
559	0.4614	0.9725	2.752
560	0.4565	0.9743	2.565
561	0.4620	0.9726	2.742
562	0.4561	0.9749	2.513
563	0.4601	0.9728	2.724
564	0.4622	0.9722	2.781
565	0.4466	0.9792	2.083
566	0.4599	0.9732	2.681
567	0.4627	0.9719	2.808
568	0.4600	0.9730	2.700
569	0.4585	0.9736	2.639
570	0.4617	0.9727	2.730
571	0.4569	0.9738	2.618
572	0.4585	0.9735	2.647
573	0.4557	0.9746	2.542
574	0.4575	0.9742	2.578
575	0.4631	0.9721	2.786
576	0.4624	0.9720	2.800
577	0.4635	0.9715	2.852
578	0.4620	0.9718	2.818
579	0.4618	0.9723	2.774
580	0.4493	0.9782	2.180
581	0.4565	0.9748	2.517
582	0.4609	0.9726	2.739
583	0.4615	0.9724	2.756
584	0.4622	0.9722	2.776
585	0.4609	0.9725	2.755
586	0.4603	0.9731	2.692
587	0.4619	0.9721	2.792
588	0.4544	0.9751	2.494
589	0.4636	0.9716	2.841
590	0.4644	0.9709	2.909
591	0.4609	0.9729	2.711
592	0.4598	0.9731	2.685
593	0.4634	0.9713	2.869
594	0.4449	0.9798	2.016
595	0.4506	0.9771	2.287
596	0.4607	0.9728	2.722
597	0.4602	0.9728	2.719
598	0.4489	0.9777	2.231
599	0.4544	0.9751	2.489
600	0.4601	0.9732	2.684
601	0.4617	0.9725	2.748
602	0.4625	0.9718	2.819
603	0.4565	0.9748	2.518
604	0.4602	0.9725	2.752
605	0.4584	0.9735	2.648
606	0.4607	0.9726	2.741
607	0.4575	0.9744	2.557
608	0.4618	0.9722	2.781
609	0.4601	0.9728	2.720
610	0.4636	0.9716	2.843
611	0.4622	0.9722	2.775
612	0.4625	0.9719	2.809
613	0.4575	0.9737	2.629
614	0.4611	0.9721	2.794
615	0.4618	0.9725	2.752
616	0.4560	0.9749	2.508
617	0.4618	0.9723	2.774
618	0.4584	0.9736	2.636
619	0.4599	0.9730	2.700
620	0.4525	0.9761	2.390
621	0.4572	0.9743	2.575
622	0.4608	0.9729	2.714
623	0.4607	0.9724	2.755
624	0.4605	0.9730	2.695
625	0.4465	0.9792	2.084
626	0.4611	0.9728	2.719
627	0.4627	0.9715	2.847
628	0.4467	0.9790	2.097
629	0.4564	0.9744	2.562
630	0.4574	0.9742	2.576
631	0.4594	0.9735	2.651
632	0.4555	0.9747	2.535
633	0.4568	0.9738	2.619
634	0.4644	0.9709	2.910
635	0.4626	0.9719	2.809
636	0.4629	0.9721	2.787
637	0.4582	0.9735	2.647
638	0.4615	0.9727	2.730
639	0.4597	0.9730	2.703
640	0.4630	0.9721	2.787
641	0.4612	0.9725	2.752
642	0.4632	0.9713	2.873
643	0.4633	0.9715	2.854
644	0.4448	0.9798	2.016
645	0.4492	0.9782	2.178
646	0.4597	0.9732	2.683
647	0.4600	0.9732	2.684
648	0.4602	0.9731	2.691
649	0.4589	0.9732	2.682
650	0.4548	0.9753	2.471
651	0.4593	0.9733	2.674
652	0.4616	0.9725	2.747
653	0.4640	0.9712	2.883
654	0.4617	0.9723	2.774
655	0.4488	0.9777	2.231
656	0.4608	0.9727	2.733
657	0.4597	0.9728	2.717
658	0.4562	0.9745	2.554
659	0.4599	0.9725	2.750
660	0.4542	0.9751	2.488
661	0.4607	0.9726	2.743
662	0.4622	0.9720	2.800
663	0.4614	0.9724	2.756
664	0.4527	0.9758	2.424
665	0.4585	0.9735	2.647
666	0.4617	0.9720	2.796
667	0.4614	0.9721	2.786
668	0.4581	0.9737	2.627
669	0.4576	0.9742	2.583
670	0.4478	0.9783	2.171
671	0.4465	0.9794	2.063
672	0.4572	0.9739	2.609
673	0.4571	0.9743	2.574
674	0.4618	0.9718	2.818
675	0.4607	0.9724	2.756
676	0.4465	0.9789	2.109
677	0.4558	0.9743	2.572
678	0.4632	0.9713	2.871
679	0.4542	0.9750	2.497
680	0.4620	0.9722	2.784
681	0.4616	0.9726	2.744
682	0.4556	0.9745	2.547
683	0.4627	0.9715	2.850
684	0.4626	0.9718	2.820
685	0.4607	0.9726	2.741
686	0.4606	0.9727	2.735
687	0.4634	0.9713	2.867
688	0.4607	0.9724	2.755
689	0.4504	0.9771	2.285
690	0.4612	0.9719	2.809
691	0.4597	0.9732	2.681
692	0.4603	0.9728	2.725
693	0.4617	0.9726	2.740
694	0.4600	0.9728	2.719
695	0.4589	0.9732	2.679
696	0.4620	0.9720	2.795
697	0.4605	0.9728	2.723
698	0.4555	0.9746	2.544
699	0.4621	0.9720	2.797
700	0.4603	0.9729	2.712
701	0.4594	0.9727	2.728
702	0.4623	0.9720	2.798
703	0.4625	0.9715	2.851
704	0.4524	0.9761	2.390
705	0.4596	0.9729	2.705
706	0.4620	0.9720	2.795
707	0.4607	0.9727	2.733
708	0.4597	0.9732	2.679
709	0.4606	0.9725	2.755
710	0.4566	0.9738	2.618
711	0.4526	0.9758	2.424
712	0.4642	0.9709	2.910
713	0.4603	0.9728	2.725
714	0.4605	0.9727	2.734
715	0.4606	0.9726	2.744
716	0.4580	0.9735	2.648
717	0.4541	0.9751	2.488
718	0.4604	0.9730	2.699
719	0.4580	0.9737	2.629
720	0.4594	0.9727	2.726
721	0.4619	0.9722	2.781
722	0.4562	0.9749	2.514
723	0.4556	0.9745	2.547
724	0.4562	0.9744	2.562
725	0.4588	0.9732	2.679
726	0.4626	0.9715	2.852
727	0.4604	0.9728	2.721
728	0.4631	0.9713	2.870
729	0.4633	0.9716	2.843
730	0.4598	0.9728	2.721
731	0.4464	0.9789	2.109
732	0.4611	0.9719	2.809
733	0.4600	0.9725	2.751
734	0.4465	0.9790	2.099
735	0.4616	0.9720	2.796
736	0.4616	0.9724	2.756
737	0.4598	0.9732	2.684
738	0.4445	0.9799	2.012
739	0.4570	0.9739	2.608
740	0.4463	0.9794	2.065
741	0.4581	0.9736	2.642
742	0.4638	0.9712	2.884
743	0.4584	0.9735	2.650
744	0.4631	0.9715	2.851
745	0.4486	0.9777	2.234
746	0.4552	0.9746	2.539
747	0.4619	0.9723	2.774
748	0.4553	0.9745	2.546
749	0.4502	0.9771	2.288
750	0.4595	0.9728	2.725
751	0.4616	0.9722	2.784
752	0.4606	0.9724	2.759
753	0.4600	0.9731	2.694
754	0.4628	0.9721	2.789
755	0.4612	0.9724	2.756
756	0.4604	0.9726	2.741
757	0.4575	0.9741	2.586
758	0.4572	0.9737	2.626
759	0.4609	0.9728	2.722
760	0.4476	0.9783	2.172
761	0.4616	0.9723	2.774
762	0.4545	0.9753	2.470
763	0.4572	0.9744	2.557
764	0.4541	0.9750	2.496
765	0.4614	0.9726	2.744
766	0.4632	0.9713	2.867
767	0.4602	0.9729	2.713
768	0.4557	0.9749	2.511
769	0.4489	0.9782	2.179
770	0.4621	0.9720	2.798
771	0.4604	0.9724	2.763
772	0.4590	0.9733	2.673
773	0.4605	0.9728	2.716
774	0.4615	0.9723	2.774
775	0.4620	0.9720	2.800
776	0.4615	0.9726	2.741
777	0.4627	0.9721	2.786
778	0.4613	0.9725	2.748
779	0.4591	0.9735	2.654
780	0.4571	0.9742	2.576
781	0.4612	0.9722	2.783
782	0.4586	0.9731	2.686
783	0.4605	0.9726	2.738
784	0.4461	0.9792	2.084
785	0.4559	0.9745	2.555
786	0.4595	0.9732	2.682
787	0.4621	0.9719	2.810
788	0.4569	0.9743	2.572
789	0.4597	0.9726	2.743
790	0.4598	0.9728	2.719
791	0.4607	0.9721	2.794
792	0.4580	0.9735	2.651
793	0.4622	0.9718	2.817
794	0.4609	0.9725	2.752
795	0.4619	0.9720	2.795
796	0.4615	0.9719	2.815
797	0.4556	0.9743	2.568
798	0.4622	0.9719	2.807
799	0.4612	0.9727	2.730
800	0.4624	0.9718	2.816
801	0.4568	0.9743	2.574
802	0.4595	0.9730	2.700
803	0.4629	0.9713	2.873
804	0.4607	0.9721	2.793
805	0.4571	0.9745	2.546
806	0.4553	0.9746	2.537
807	0.4621	0.9719	2.813
808	0.4592	0.9728	2.724
809	0.4580	0.9735	2.648
810	0.4604	0.9725	2.749
811	0.4611	0.9722	2.782
812	0.4614	0.9723	2.773
813	0.4602	0.9726	2.739
814	0.4613	0.9726	2.737
815	0.4580	0.9736	2.636
816	0.4624	0.9715	2.851
817	0.4614	0.9726	2.739
818	0.4615	0.9719	2.811
819	0.4545	0.9753	2.466
820	0.4601	0.9731	2.693
821	0.4489	0.9782	2.180
822	0.4610	0.9719	2.809
823	0.4604	0.9726	2.736
824	0.4622	0.9719	2.807
825	0.4631	0.9713	2.868
826	0.4560	0.9749	2.511
827	0.4629	0.9713	2.867
828	0.4461	0.9792	2.083
829	0.4609	0.9725	2.751
830	0.4596	0.9732	2.684
831	0.4593	0.9730	2.699
832	0.4622	0.9716	2.843
833	0.4564	0.9738	2.616
834	0.4540	0.9751	2.494
835	0.4618	0.9720	2.796
836	0.4551	0.9747	2.533
837	0.4444	0.9799	2.013
838	0.4629	0.9715	2.852
839	0.4604	0.9727	2.730
840	0.4603	0.9726	2.744
841	0.4523	0.9758	2.425
842	0.4594	0.9732	2.678
843	0.4589	0.9735	2.651
844	0.4596	0.9726	2.744
845	0.4571	0.9737	2.627
846	0.4463	0.9790	2.097
847	0.4617	0.9720	2.796
848	0.4602	0.9728	2.721
849	0.4461	0.9794	2.064
850	0.4616	0.9722	2.780
851	0.4612	0.9725	2.748
852	0.4597	0.9725	2.751
853	0.4626	0.9722	2.783
854	0.4581	0.9735	2.645
855	0.4538	0.9751	2.489
856	0.4589	0.9733	2.673
857	0.4620	0.9720	2.799
858	0.4593	0.9728	2.721
859	0.4631	0.9716	2.840
860	0.4600	0.9729	2.712
861	0.4557	0.9744	2.557
862	0.4602	0.9726	2.736
863	0.4520	0.9761	2.391
864	0.4568	0.9739	2.608
865	0.4598	0.9731	2.692
866	0.4584	0.9732	2.681
867	0.4613	0.9720	2.795
868	0.4622	0.9718	2.820
869	0.4611	0.9727	2.730
870	0.4628	0.9713	2.873
871	0.4552	0.9745	2.546
872	0.4613	0.9725	2.754
873	0.4613	0.9722	2.781
874	0.4585	0.9732	2.680
875	0.4474	0.9783	2.171
876	0.4577	0.9735	2.647
877	0.4602	0.9724	2.758
878	0.4606	0.9728	2.721
879	0.4593	0.9730	2.700
880	0.4596	0.9728	2.718
881	0.4566	0.9743	2.572
882	0.4461	0.9789	2.109
883	0.4569	0.9742	2.576
884	0.4616	0.9723	2.773
885	0.4599	0.9727	2.725
886	0.4603	0.9728	2.717
887	0.4595	0.9728	2.720
888	0.4619	0.9719	2.812
889	0.4572	0.9742	2.583
890	0.4609	0.9725	2.753
891	0.4500	0.9771	2.287
892	0.4555	0.9749	2.509
893	0.4624	0.9722	2.783
894	0.4567	0.9743	2.572
895	0.4554	0.9743	2.568
896	0.4576	0.9738	2.625
897	0.4617	0.9720	2.795
898	0.4592	0.9732	2.684
899	0.4612	0.9723	2.774
900	0.4558	0.9744	2.560
901	0.4603	0.9725	2.750
902	0.4638	0.9709	2.910
903	0.4483	0.9777	2.232
904	0.4635	0.9712	2.881
905	0.4576	0.9738	2.624
906	0.4551	0.9746	2.541
907	0.4611	0.9726	2.740
908	0.4612	0.9725	2.750
909	0.4620	0.9719	2.807
910	0.4460	0.9793	2.066
911	0.4617	0.9720	2.796
912	0.4442	0.9798	2.015
913	0.4638	0.9709	2.909
914	0.4609	0.9725	2.752
915	0.4624	0.9722	2.782
916	0.4588	0.9733	2.672
917	0.4558	0.9744	2.559
918	0.4578	0.9735	2.651
919	0.4612	0.9722	2.779
920	0.4605	0.9721	2.791
921	0.4571	0.9742	2.579
922	0.4569	0.9737	2.628
923	0.4558	0.9749	2.512
924	0.4553	0.9743	2.569
925	0.4602	0.9726	2.744
926	0.4596	0.9731	2.691
927	0.4609	0.9727	2.729
928	0.4543	0.9753	2.468
929	0.4629	0.9716	2.844
930	0.4499	0.9772	2.285
931	0.4594	0.9726	2.742
932	0.4602	0.9725	2.752
933	0.4565	0.9743	2.574
934	0.4486	0.9782	2.181
935	0.4592	0.9730	2.701
936	0.4562	0.9738	2.616
937	0.4613	0.9718	2.816
938	0.4614	0.9722	2.777
939	0.4598	0.9727	2.726
940	0.4566	0.9743	2.572
941	0.4592	0.9732	2.676
942	0.4591	0.9731	2.685
943	0.4616	0.9721	2.795
944	0.4566	0.9739	2.607
945	0.4577	0.9736	2.635
946	0.4610	0.9725	2.745
947	0.4595	0.9728	2.719
948	0.4482	0.9777	2.233
949	0.4605	0.9728	2.720
950	0.4521	0.9758	2.421
951	0.4618	0.9719	2.808
952	0.4595	0.9725	2.748
953	0.4537	0.9750	2.495
954	0.4600	0.9725	2.755
955	0.4612	0.9723	2.774
956	0.4594	0.9732	2.684
957	0.4591	0.9730	2.703
958	0.4627	0.9713	2.867
959	0.4600	0.9728	2.721
960	0.4599	0.9731	2.695
961	0.4623	0.9721	2.786
962	0.4620	0.9719	2.814
963	0.4611	0.9723	2.774
964	0.4634	0.9712	2.879
965	0.4568	0.9745	2.546
966	0.4536	0.9751	2.489
967	0.4473	0.9783	2.171
968	0.4459	0.9789	2.111
969	0.4587	0.9735	2.653
970	0.4627	0.9715	2.852
971	0.4589	0.9728	2.725
972	0.4606	0.9725	2.752
973	0.4611	0.9726	2.741
974	0.4621	0.9715	2.851
975	0.4553	0.9749	2.508
976	0.4598	0.9729	2.709
977	0.4611	0.9721	2.792
978	0.4614	0.9723	2.775
979	0.4601	0.9729	2.710
980	0.4550	0.9745	2.547
981	0.4460	0.9790	2.097
982	0.4583	0.9732	2.681
983	0.4607	0.9722	2.783
984	0.4601	0.9725	2.755
985	0.4593	0.9728	2.720
986	0.4579	0.9735	2.647
987	0.4628	0.9713	2.866
988	0.4582	0.9732	2.684
989	0.4617	0.9720	2.795
990	0.4619	0.9715	2.851
991	0.4618	0.9718	2.816
992	0.4574	0.9735	2.646
993	0.4601	0.9726	2.738
994	0.4518	0.9761	2.388
995	0.4599	0.9726	2.741
996	0.4590	0.9728	2.716
997	0.4625	0.9713	2.873
998	0.4614	0.9721	2.795
999	0.4457	0.9792	2.084
1000	0.4567	0.9742	2.576
1001	0.4599	0.9727	2.734
1002	0.4606	0.9719	2.809
1003	0.4547	0.9747	2.532
1004	0.4601	0.9727	2.733
1005	0.4555	0.9744	2.557
1006	0.4567	0.9744	2.556
1007	0.4608	0.9727	2.730
1008	0.4605	0.9725	2.752
1009	0.4601	0.9725	2.753
1010	0.4628	0.9716	2.843
1011	0.4574	0.9738	2.625
1012	0.4617	0.9721	2.793
1013	0.4590	0.9732	2.685
1014	0.4582	0.9732	2.682
1015	0.4618	0.9719	2.807
1016	0.4593	0.9732	2.682
1017	0.4632	0.9712	2.881
1018	0.4567	0.9737	2.628
1019	0.4599	0.9726	2.737
1020	0.4457	0.9792	2.084
1021	0.4616	0.9719	2.809
1022	0.4497	0.9771	2.287
1023	0.4607	0.9722	2.783
1024	0.4613	0.9722	2.778
1025	0.4611	0.9718	2.815
1026	0.4608	0.9726	2.739
1027	0.4619	0.9719	2.815
1028	0.4600	0.9727	2.726
1029	0.4535	0.9751	2.489
1030	0.4600	0.9729	2.709
1031	0.4576	0.9737	2.634
1032	0.4548	0.9746	2.541
1033	0.4610	0.9722	2.780
1034	0.4606	0.9725	2.753
1035	0.4565	0.9739	2.608
1036	0.4547	0.9747	2.532
1037	0.4590	0.9730	2.699
1038	0.4618	0.9715	2.847
1039	0.4609	0.9723	2.775
1040	0.4621	0.9722	2.781
1041	0.4589	0.9730	2.699
1042	0.4592	0.9726	2.742
1043	0.4517	0.9761	2.389
1044	0.4613	0.9723	2.775
1045	0.4609	0.9725	2.750
1046	0.4587	0.9728	2.724
1047	0.4578	0.9735	2.646
1048	0.4575	0.9735	2.651
1049	0.4602	0.9721	2.792
1050	0.4614	0.9720	2.795
1051	0.4603	0.9728	2.719
1052	0.4598	0.9726	2.739
1053	0.4480	0.9777	2.232
1054	0.4585	0.9733	2.673
1055	0.4573	0.9735	2.646
1056	0.4552	0.9749	2.507
1057	0.4624	0.9713	2.872
1058	0.4591	0.9728	2.721
1059	0.4605	0.9719	2.806
1060	0.4439	0.9799	2.013
1061	0.4551	0.9743	2.569
1062	0.4610	0.9722	2.775
1063	0.4598	0.9728	2.720
1064	0.4621	0.9722	2.784
1065	0.4559	0.9738	2.617
1066	0.4483	0.9782	2.179
1067	0.4598	0.9724	2.761
1068	0.4626	0.9713	2.866
1069	0.4596	0.9728	2.725
1070	0.4593	0.9728	2.718
1071	0.4607	0.9725	2.748
1072	0.4518	0.9758	2.423
1073	0.4565	0.9742	2.577
1074	0.4609	0.9726	2.742
1075	0.4470	0.9783	2.171
1076	0.4613	0.9720	2.796
1077	0.4616	0.9718	2.819
1078	0.4599	0.9724	2.757
1079	0.4563	0.9742	2.576
1080	0.4593	0.9725	2.752
1081	0.4457	0.9789	2.108
1082	0.4635	0.9709	2.907
1083	0.4589	0.9732	2.680
1084	0.4580	0.9732	2.680
1085	0.4599	0.9725	2.745
1086	0.4539	0.9753	2.472
1087	0.4553	0.9745	2.554
1088	0.4599	0.9726	2.740
1089	0.4548	0.9745	2.546
1090	0.4613	0.9720	2.799
1091	0.4458	0.9790	2.099
1092	0.4555	0.9748	2.516
1093	0.4562	0.9743	2.574
1094	0.4534	0.9750	2.496
1095	0.4568	0.9742	2.583
1096	0.4624	0.9713	2.869
1097	0.4554	0.9744	2.565
1098	0.4595	0.9729	2.712
1099	0.4456	0.9794	2.064
1100	0.4608	0.9721	2.795
1101	0.4584	0.9735	2.649
1102	0.4593	0.9731	2.691
1103	0.4618	0.9715	2.851
1104	0.4596	0.9730	2.697
1105	0.4588	0.9728	2.717
1106	0.4624	0.9715	2.851
1107	0.4539	0.9753	2.471
1108	0.4562	0.9743	2.572
1109	0.4590	0.9725	2.748
1110	0.4572	0.9735	2.647
1111	0.4597	0.9728	2.720
1112	0.4554	0.9749	2.515
1113	0.4608	0.9722	2.779
1114	0.4597	0.9724	2.755
1115	0.4623	0.9713	2.870
1116	0.4620	0.9721	2.786
1117	0.4546	0.9746	2.541
1118	0.4608	0.9725	2.751
1119	0.4625	0.9716	2.840
1120	0.4634	0.9709	2.909
1121	0.4623	0.9713	2.867
1122	0.4584	0.9735	2.648
1123	0.4617	0.9716	2.842
1124	0.4605	0.9722	2.783
1125	0.4438	0.9798	2.016
1126	0.4592	0.9731	2.691
1127	0.4574	0.9737	2.635
1128	0.4615	0.9718	2.815
1129	0.4606	0.9726	2.740
1130	0.4534	0.9751	2.494
1131	0.4562	0.9743	2.571
1132	0.4598	0.9727	2.727
1133	0.4515	0.9761	2.391
1134	0.4614	0.9721	2.792
1135	0.4596	0.9726	2.739
1136	0.4588	0.9730	2.700
1137	0.4601	0.9728	2.720
1138	0.4455	0.9792	2.084
1139	0.4590	0.9728	2.721
1140	0.4576	0.9735	2.647
1141	0.4549	0.9743	2.569
1142	0.4597	0.9725	2.755
1143	0.4616	0.9719	2.807
1144	0.4611	0.9723	2.773
1145	0.4564	0.9745	2.549
1146	0.4591	0.9725	2.747
1147	0.4594	0.9729	2.709
1148	0.4591	0.9728	2.719
1149	0.4587	0.9730	2.702
1150	0.4587	0.9732	2.684
1151	0.4607	0.9722	2.775
1152	0.4544	0.9747	2.534
1153	0.4469	0.9783	2.169
1154	0.4552	0.9745	2.554
1155	0.4495	0.9772	2.284
1156	0.4478	0.9777	2.230
1157	0.4549	0.9749	2.513
1158	0.4617	0.9715	2.848
1159	0.4610	0.9722	2.783
1160	0.4600	0.9721	2.791
1161	0.4604	0.9725	2.754
1162	0.4455	0.9794	2.064
1163	0.4608	0.9726	2.743
1164	0.4578	0.9732	2.680
1165	0.4596	0.9726	2.737
1166	0.4612	0.9720	2.799
1167	0.4602	0.9725	2.751
1168	0.4612	0.9720	2.798
1169	0.4585	0.9727	2.728
1170	0.4586	0.9728	2.718
1171	0.4481	0.9782	2.179
1172	0.4455	0.9789	2.106
1173	0.4608	0.9718	2.819
1174	0.4516	0.9758	2.421
1175	0.4611	0.9721	2.794
1176	0.4602	0.9719	2.812
1177	0.4546	0.9745	2.546
1178	0.4557	0.9738	2.616
1179	0.4552	0.9743	2.568
1180	0.4532	0.9751	2.492
1181	0.4597	0.9725	2.747
1182	0.4587	0.9732	2.679
1183	0.4561	0.9739	2.610
1184	0.4582	0.9732	2.675
1185	0.4564	0.9737	2.630
1186	0.4566	0.9741	2.585
1187	0.4622	0.9715	2.851
1188	0.4604	0.9727	2.731
1189	0.4618	0.9721	2.789
1190	0.4573	0.9735	2.646
1191	0.4629	0.9712	2.884
1192	0.4597	0.9726	2.739
1193	0.4594	0.9730	2.697
1194	0.4570	0.9737	2.627
1195	0.4579	0.9732	2.681
1196	0.4606	0.9721	2.793
1197	0.4589	0.9732	2.683
1198	0.4596	0.9729	2.713
1199	0.4623	0.9714	2.864
1200	0.4593	0.9727	2.725
1201	0.4607	0.9722	2.776
1202	0.4604	0.9725	2.746
1203	0.4613	0.9719	2.807
1204	0.4456	0.9790	2.097
1205	0.4597	0.9725	2.751
1206	0.4563	0.9743	2.574
1207	0.4615	0.9718	2.815
1208	0.4584	0.9728	2.724
1209	0.4614	0.9720	2.804
1210	0.4618	0.9722	2.783
1211	0.4560	0.9743	2.572
1212	0.4481	0.9782	2.180
1213	0.4552	0.9749	2.512
1214	0.4582	0.9733	2.671
1215	0.4570	0.9735	2.647
1216	0.4605	0.9723	2.774
1217	0.4468	0.9783	2.170
1218	0.4532	0.9751	2.494
1219	0.4596	0.9725	2.753
1220	0.4586	0.9732	2.677
1221	0.4560	0.9743	2.571
1222	0.4596	0.9729	2.710
1223	0.4599	0.9728	2.720
1224	0.4603	0.9722	2.783
1225	0.4628	0.9712	2.877
1226	0.4585	0.9730	2.698
1227	0.4561	0.9739	2.609
1228	0.4596	0.9727	2.726
1229	0.4610	0.9720	2.795
1230	0.4515	0.9758	2.420
1231	0.4543	0.9747	2.532
1232	0.4582	0.9735	2.647
1233	0.4618	0.9722	2.784
1234	0.4593	0.9731	2.692
1235	0.4571	0.9736	2.635
1236	0.4610	0.9721	2.794
1237	0.4614	0.9716	2.838
1238	0.4493	0.9771	2.286
1239	0.4594	0.9727	2.734
1240	0.4588	0.9731	2.686
1241	0.4596	0.9726	2.735
1242	0.4569	0.9738	2.621
1243	0.4615	0.9715	2.849
1244	0.4592	0.9728	2.724
1245	0.4609	0.9721	2.793
1246	0.4608	0.9722	2.778
1247	0.4588	0.9726	2.743
1248	0.4606	0.9726	2.739
1249	0.4631	0.9709	2.909
1250	0.4585	0.9732	2.679
1251	0.4577	0.9731	2.686
1252	0.4571	0.9735	2.648
1253	0.4606	0.9719	2.812
1254	0.4455	0.9790	2.097
1255	0.4612	0.9719	2.814
1256	0.4536	0.9753	2.471
1257	0.4598	0.9721	2.792
1258	0.4592	0.9729	2.708
1259	0.4602	0.9725	2.752
1260	0.4603	0.9727	2.728
1261	0.4562	0.9737	2.627
1262	0.4452	0.9792	2.081
1263	0.4435	0.9799	2.014
1264	0.4587	0.9728	2.721
1265	0.4589	0.9725	2.750
1266	0.4601	0.9719	2.807
1267	0.4605	0.9722	2.779
1268	0.4603	0.9725	2.747
1269	0.4589	0.9728	2.719
1270	0.4621	0.9715	2.854
1271	0.4593	0.9728	2.719
1272	0.4611	0.9721	2.793
1273	0.4555	0.9738	2.616
1274	0.4549	0.9745	2.554
1275	0.4561	0.9742	2.578
1276	0.4596	0.9725	2.754
1277	0.4544	0.9745	2.546
1278	0.4608	0.9723	2.772
1279	0.4605	0.9725	2.755
1280	0.4622	0.9713	2.866
1281	0.4622	0.9716	2.840
1282	0.4453	0.9794	2.064
1283	0.4593	0.9726	2.741
1284	0.4585	0.9730	2.699
1285	0.4584	0.9728	2.717
1286	0.4550	0.9744	2.563
1287	0.4562	0.9744	2.556
1288	0.4577	0.9732	2.679
1289	0.4605	0.9720	2.796
1290	0.4620	0.9713	2.867
1291	0.4611	0.9719	2.812
1292	0.4593	0.9725	2.753
1293	0.4589	0.9731	2.691
1294	0.4605	0.9722	2.776
1295	0.4603	0.9726	2.739
1296	0.4594	0.9726	2.743
1297	0.4619	0.9713	2.872
1298	0.4530	0.9751	2.489
1299	0.4564	0.9742	2.578
1300	0.4475	0.9777	2.231
1301	0.4512	0.9761	2.389
1302	0.4599	0.9725	2.751
1303	0.4572	0.9735	2.647
1304	0.4453	0.9789	2.109
1305	0.4614	0.9718	2.816
1306	0.4542	0.9746	2.544
1307	0.4546	0.9743	2.570
1308	0.4546	0.9749	2.512
1309	0.4602	0.9727	2.731
1310	0.4594	0.9728	2.717
1311	0.4604	0.9725	2.753
1312	0.4609	0.9720	2.798
1313	0.4589	0.9731	2.690
1314	0.4620	0.9713	2.866
1315	0.4478	0.9782	2.179
1316	0.4594	0.9726	2.739
1317	0.4595	0.9725	2.752
1318	0.4614	0.9715	2.850
1319	0.4586	0.9726	2.745
1320	0.4572	0.9735	2.647
1321	0.4588	0.9728	2.717
1322	0.4561	0.9745	2.551
1323	0.4594	0.9725	2.753
1324	0.4620	0.9715	2.853
1325	0.4610	0.9721	2.794
1326	0.4602	0.9726	2.739
1327	0.4604	0.9726	2.740
1328	0.4548	0.9745	2.555
1329	0.4593	0.9726	2.735
1330	0.4575	0.9732	2.685
1331	0.4591	0.9730	2.696
1332	0.4542	0.9746	2.542
1333	0.4596	0.9721	2.792
1334	0.4600	0.9725	2.754
1335	0.4599	0.9719	2.806
1336	0.4511	0.9761	2.391
1337	0.4545	0.9743	2.569
1338	0.4588	0.9725	2.751
1339	0.4491	0.9772	2.284
1340	0.4550	0.9749	2.515
1341	0.4450	0.9792	2.082
1342	0.4613	0.9718	2.820
1343	0.4543	0.9745	2.546
1344	0.4453	0.9790	2.096
1345	0.4606	0.9722	2.783
1346	0.4618	0.9713	2.873
1347	0.4560	0.9742	2.576
1348	0.4592	0.9724	2.761
1349	0.4586	0.9728	2.724
1350	0.4561	0.9737	2.626
1351	0.4598	0.9725	2.751
1352	0.4615	0.9721	2.787
1353	0.4584	0.9730	2.697
1354	0.4604	0.9722	2.783
1355	0.4583	0.9728	2.718
1356	0.4590	0.9728	2.724
1357	0.4575	0.9732	2.680
1358	0.4534	0.9753	2.471
1359	0.4540	0.9747	2.535
1360	0.4592	0.9726	2.741
1361	0.4567	0.9737	2.627
1362	0.4607	0.9720	2.796
1363	0.4562	0.9742	2.581
1364	0.4557	0.9743	2.571
1365	0.4611	0.9719	2.807
1366	0.4464	0.9783	2.170
1367	0.4609	0.9719	2.811
1368	0.4549	0.9744	2.561
1369	0.4473	0.9777	2.229
1370	0.4603	0.9721	2.794
1371	0.4579	0.9735	2.651
1372	0.4608	0.9721	2.795
1373	0.4567	0.9735	2.647
1374	0.4620	0.9716	2.842
1375	0.4601	0.9725	2.746
1376	0.4529	0.9751	2.494
1377	0.4590	0.9729	2.708
1378	0.4600	0.9722	2.784
1379	0.4433	0.9799	2.012
1380	0.4558	0.9739	2.608
1381	0.4602	0.9723	2.774
1382	0.4596	0.9728	2.719
1383	0.4585	0.9732	2.682
1384	0.4569	0.9735	2.649
1385	0.4581	0.9728	2.723
1386	0.4545	0.9749	2.507
1387	0.4593	0.9727	2.730
1388	0.4615	0.9721	2.786
1389	0.4610	0.9719	2.815
1390	0.4583	0.9732	2.677
1391	0.4578	0.9733	2.671
1392	0.4582	0.9732	2.683
1393	0.4591	0.9728	2.717
1394	0.4603	0.9722	2.776
1395	0.4568	0.9736	2.636
1396	0.4592	0.9726	2.743
1397	0.4606	0.9723	2.773
1398	0.4553	0.9738	2.617
1399	0.4451	0.9789	2.111
1400	0.4611	0.9715	2.846
1401	0.4528	0.9751	2.489
1402	0.4557	0.9743	2.574
1403	0.4582	0.9730	2.700
1404	0.4625	0.9712	2.881
1405	0.4628	0.9709	2.910
1406	0.4450	0.9794	2.063
1407	0.4603	0.9719	2.813
1408	0.4619	0.9713	2.866
1409	0.4512	0.9758	2.422
1410	0.4451	0.9790	2.097
1411	0.4603	0.9718	2.817
1412	0.4449	0.9792	2.083
1413	0.4612	0.9715	2.847
1414	0.4432	0.9799	2.013
1415	0.4625	0.9712	2.883
1416	0.4602	0.9723	2.772
1417	0.4463	0.9783	2.171
1418	0.4566	0.9737	2.628
1419	0.4566	0.9735	2.647
1420	0.4568	0.9735	2.646
1421	0.4601	0.9726	2.743
1422	0.4489	0.9772	2.284
1423	0.4584	0.9725	2.748
1424	0.4449	0.9794	2.065
1425	0.4573	0.9732	2.680
1426	0.4556	0.9742	2.576
1427	0.4527	0.9750	2.496
1428	0.4559	0.9744	2.559
1429	0.4607	0.9720	2.799
1430	0.4602	0.9726	2.743
1431	0.4590	0.9728	2.718
1432	0.4592	0.9726	2.745
1433	0.4581	0.9728	2.722
1434	0.4509	0.9761	2.392
1435	0.4593	0.9726	2.737
1436	0.4607	0.9720	2.799
1437	0.4605	0.9723	2.772
1438	0.4590	0.9726	2.735
1439	0.4570	0.9735	2.646
1440	0.4601	0.9725	2.754
1441	0.4588	0.9728	2.724
1442	0.4527	0.9751	2.489
1443	0.4567	0.9736	2.639
1444	0.4511	0.9758	2.420
1445	0.4610	0.9715	2.848
1446	0.4592	0.9725	2.755
1447	0.4596	0.9725	2.750
1448	0.4584	0.9728	2.722
1449	0.4601	0.9721	2.795
1450	0.4592	0.9726	2.739
1451	0.4595	0.9728	2.721
1452	0.4472	0.9777	2.230
1453	0.4609	0.9719	2.808
1454	0.4598	0.9722	2.782
1455	0.4547	0.9749	2.513
1456	0.4604	0.9722	2.778
1457	0.4547	0.9744	2.560
1458	0.4538	0.9747	2.532
1459	0.4539	0.9746	2.543
1460	0.4619	0.9716	2.841
1461	0.4591	0.9724	2.756
1462	0.4613	0.9722	2.783
1463	0.4589	0.9731	2.694
1464	0.4599	0.9725	2.746
1465	0.4585	0.9728	2.718
1466	0.4591	0.9729	2.711
1467	0.4556	0.9739	2.610
1468	0.4573	0.9732	2.679
1469	0.4560	0.9742	2.580
1470	0.4607	0.9721	2.793
1471	0.4543	0.9749	2.509
1472	0.4449	0.9789	2.109
1473	0.4613	0.9722	2.785
1474	0.4617	0.9715	2.850
1475	0.4618	0.9713	2.866
1476	0.4581	0.9732	2.680
1477	0.4558	0.9737	2.626
1478	0.4615	0.9713	2.870
1479	0.4581	0.9732	2.677
1480	0.4475	0.9782	2.181
1481	0.4596	0.9719	2.808
1482	0.4577	0.9735	2.651
1483	0.4627	0.9709	2.910
1484	0.4583	0.9732	2.682
1485	0.4610	0.9719	2.814
1486	0.4598	0.9727	2.730
1487	0.4597	0.9725	2.754
1488	0.4589	0.9726	2.741
1489	0.4580	0.9730	2.700
1490	0.4581	0.9730	2.699
1491	0.4616	0.9713	2.866
1492	0.4584	0.9725	2.750
1493	0.4540	0.9745	2.546
1494	0.4607	0.9718	2.816
1495	0.4585	0.9731	2.690
1496	0.4545	0.9745	2.554
1497	0.4607	0.9719	2.808
1498	0.4554	0.9743	2.572
1499	0.4604	0.9720	2.796
1500	0.4589	0.9725	2.753
1501	0.4551	0.9738	2.616
1502	0.4600	0.9722	2.778
1503	0.4601	0.9723	2.774
1504	0.4593	0.9721	2.791
1505	0.4531	0.9753	2.470
1506	0.4557	0.9743	2.574
1507	0.4587	0.9729	2.709
1508	0.4578	0.9728	2.724
1509	0.4576	0.9733	2.671
1510	0.4542	0.9743	2.567
1511	0.4430	0.9799	2.012
1512	0.4591	0.9727	2.728
1513	0.4600	0.9723	2.774
1514	0.4600	0.9722	2.776
1515	0.4612	0.9722	2.783
1516	0.4583	0.9732	2.683
1517	0.4588	0.9728	2.718
1518	0.4606	0.9719	2.806
1519	0.4538	0.9746	2.541
1520	0.4598	0.9726	2.744
1521	0.4554	0.9743	2.572
1522	0.4593	0.9721	2.791
1523	0.4579	0.9728	2.719
1524	0.4544	0.9745	2.554
1525	0.4572	0.9732	2.680
1526	0.4539	0.9745	2.546
1527	0.4614	0.9713	2.870
1528	0.4575	0.9733	2.669
1529	0.4563	0.9737	2.625
1530	0.4584	0.9731	2.691
1531	0.4603	0.9723	2.772
1532	0.4553	0.9743	2.571
1533	0.4556	0.9743	2.572
1534	0.4603	0.9721	2.793
1535	0.4580	0.9730	2.698
1536	0.4509	0.9758	2.418
1537	0.4590	0.9727	2.735
1538	0.4579	0.9730	2.697
1539	0.4568	0.9735	2.646
1540	0.4565	0.9735	2.648
1541	0.4554	0.9739	2.607
1542	0.4582	0.9728	2.719
1543	0.4588	0.9726	2.736
1544	0.4600	0.9719	2.814
1545	0.4589	0.9729	2.706
1546	0.4607	0.9720	2.804
1547	0.4583	0.9728	2.717
1548	0.4446	0.9792	2.081
1549	0.4565	0.9736	2.637
1550	0.4556	0.9737	2.626
1551	0.4507	0.9761	2.388
1552	0.4597	0.9727	2.729
1553	0.4571	0.9732	2.684
1554	0.4536	0.9747	2.533
1555	0.4616	0.9713	2.865
1556	0.4549	0.9738	2.617
1557	0.4530	0.9753	2.470
1558	0.4615	0.9715	2.852
1559	0.4581	0.9726	2.743
1560	0.4558	0.9742	2.580
1561	0.4587	0.9726	2.741
1562	0.4596	0.9722	2.784
1563	0.4575	0.9735	2.649
1564	0.4616	0.9716	2.840
1565	0.4541	0.9743	2.568
1566	0.4579	0.9732	2.682
1567	0.4447	0.9794	2.063
1568	0.4609	0.9715	2.850
1569	0.4625	0.9709	2.910
1570	0.4598	0.9726	2.739
1571	0.4606	0.9719	2.814
1572	0.4469	0.9777	2.231
1573	0.4460	0.9783	2.169
1574	0.4586	0.9729	2.709
1575	0.4599	0.9726	2.739
1576	0.4545	0.9744	2.561
1577	0.4599	0.9721	2.792
1578	0.4585	0.9728	2.723
1579	0.4602	0.9722	2.778
1580	0.4605	0.9720	2.796
1581	0.4589	0.9726	2.743
1582	0.4589	0.9724	2.756
1583	0.4579	0.9732	2.678
1584	0.4610	0.9722	2.783
1585	0.4598	0.9725	2.753
1586	0.4595	0.9725	2.754
1587	0.4448	0.9790	2.095
1588	0.4562	0.9735	2.646
1589	0.4447	0.9789	2.109
1590	0.4593	0.9725	2.750
1591	0.4545	0.9749	2.514
1592	0.4621	0.9712	2.882
1593	0.4594	0.9719	2.808
1594	0.4586	0.9731	2.695
1595	0.4589	0.9725	2.754
1596	0.4608	0.9719	2.813
1597	0.4524	0.9751	2.489
1598	0.4614	0.9713	2.866
1599	0.4582	0.9725	2.751
1600	0.4472	0.9782	2.179
1601	0.4540	0.9749	2.512
1602	0.4524	0.9750	2.497
1603	0.4556	0.9744	2.559
1604	0.4485	0.9771	2.287
1605	0.4603	0.9720	2.800
1606	0.4592	0.9728	2.723
1607	0.4587	0.9724	2.760
1608	0.4607	0.9715	2.848
1609	0.4598	0.9722	2.782
1610	0.4603	0.9720	2.798
1611	0.4576	0.9727	2.727
1612	0.4554	0.9742	2.577
1613	0.4540	0.9749	2.510
1614	0.4472	0.9782	2.179
1615	0.4542	0.9745	2.554
1616	0.4588	0.9728	2.716
1617	0.4564	0.9735	2.647
1618	0.4535	0.9746	2.536
1619	0.4445	0.9794	2.064
1620	0.4608	0.9715	2.851
1621	0.4607	0.9715	2.849
1622	0.4596	0.9727	2.730
1623	0.4599	0.9718	2.818
1624	0.4610	0.9721	2.787
1625	0.4581	0.9728	2.717
1626	0.4536	0.9746	2.544
1627	0.4598	0.9721	2.795
1628	0.4428	0.9799	2.012
1629	0.4446	0.9789	2.106
1630	0.4592	0.9728	2.724
1631	0.4557	0.9742	2.584
1632	0.4580	0.9725	2.746
1633	0.4586	0.9727	2.735
1634	0.4539	0.9743	2.569
1635	0.4613	0.9715	2.851
1636	0.4615	0.9713	2.865
1637	0.4598	0.9723	2.773
1638	0.4555	0.9738	2.625
1639	0.4586	0.9728	2.717
1640	0.4528	0.9753	2.471
1641	0.4607	0.9718	2.817
1642	0.4598	0.9726	2.742
1643	0.4615	0.9716	2.840
1644	0.4569	0.9732	2.678
1645	0.4601	0.9721	2.793
1646	0.4444	0.9792	2.081
1647	0.4586	0.9726	2.739
1648	0.4587	0.9726	2.744
1649	0.4578	0.9732	2.680
1650	0.4588	0.9724	2.756
1651	0.4588	0.9727	2.729
1652	0.4602	0.9720	2.797
1653	0.4459	0.9783	2.170
1654	0.4597	0.9722	2.780
1655	0.4507	0.9758	2.420
1656	0.4596	0.9726	2.740
1657	0.4547	0.9738	2.615
1658	0.4523	0.9750	2.495
1659	0.4620	0.9712	2.882
1660	0.4604	0.9719	2.810
1661	0.4578	0.9730	2.696
1662	0.4582	0.9731	2.689
1663	0.4551	0.9743	2.572
1664	0.4563	0.9737	2.635
1665	0.4504	0.9761	2.390
1666	0.4572	0.9733	2.670
1667	0.4446	0.9790	2.096
1668	0.4595	0.9725	2.748
1669	0.4573	0.9735	2.652
1670	0.4590	0.9721	2.791
1671	0.4623	0.9709	2.910
1672	0.4592	0.9725	2.750
1673	0.4484	0.9771	2.286
1674	0.4579	0.9728	2.721
1675	0.4576	0.9728	2.718
1676	0.4550	0.9743	2.572
1677	0.4536	0.9745	2.546
1678	0.4560	0.9737	2.627
1679	0.4594	0.9722	2.784
1680	0.4587	0.9726	2.739
1681	0.4609	0.9722	2.785
1682	0.4592	0.9719	2.805
1683	0.4583	0.9729	2.710
1684	0.4593	0.9725	2.754
1685	0.4575	0.9728	2.723
1686	0.4542	0.9744	2.559
1687	0.4596	0.9725	2.752
1688	0.4576	0.9732	2.682
1689	0.4596	0.9723	2.774
1690	0.4467	0.9777	2.230
1691	0.4560	0.9735	2.646
1692	0.4565	0.9735	2.647
1693	0.4612	0.9713	2.866
1694	0.4580	0.9725	2.749
1695	0.4603	0.9721	2.794
1696	0.4551	0.9739	2.607
1697	0.4599	0.9722	2.779
1698	0.4579	0.9732	2.682
1699	0.4603	0.9718	2.818
1700	0.4604	0.9719	2.807
1701	0.4585	0.9724	2.757
1702	0.4568	0.9732	2.678
1703	0.4600	0.9723	2.770
1704	0.4576	0.9730	2.699
1705	0.4586	0.9725	2.752
1706	0.4553	0.9745	2.549
1707	0.4521	0.9751	2.488
1708	0.4601	0.9720	2.795
1709	0.4584	0.9731	2.692
1710	0.4542	0.9749	2.512
1711	0.4611	0.9713	2.869
1712	0.4583	0.9727	2.725
1713	0.4587	0.9725	2.751
1714	0.4580	0.9726	2.744
1715	0.4613	0.9716	2.841
1716	0.4576	0.9732	2.683
1717	0.4599	0.9723	2.772
1718	0.4579	0.9732	2.684
1719	0.4584	0.9725	2.755
1720	0.4597	0.9719	2.813
1721	0.4560	0.9736	2.644
1722	0.4594	0.9726	2.742
1723	0.4576	0.9732	2.677
1724	0.4582	0.9728	2.724
1725	0.4591	0.9725	2.750
1726	0.4605	0.9718	2.817
1727	0.4574	0.9728	2.722
1728	0.4546	0.9738	2.617
1729	0.4596	0.9723	2.774
1730	0.4608	0.9722	2.781
1731	0.4584	0.9726	2.736
1732	0.4553	0.9746	2.545
1733	0.4593	0.9727	2.729
1734	0.4588	0.9721	2.789
1735	0.4575	0.9730	2.696
1736	0.4585	0.9729	2.706
1737	0.4592	0.9725	2.748
1738	0.4540	0.9745	2.554
1739	0.4505	0.9758	2.420
1740	0.4604	0.9716	2.838
1741	0.4582	0.9729	2.709
1742	0.4571	0.9735	2.649
1743	0.4567	0.9731	2.685
1744	0.4600	0.9721	2.792
1745	0.4470	0.9782	2.180
1746	0.4555	0.9742	2.577
1747	0.4611	0.9715	2.851
1748	0.4602	0.9719	2.813
1749	0.4586	0.9727	2.726
1750	0.4534	0.9746	2.540
1751	0.4576	0.9730	2.698
1752	0.4585	0.9726	2.742
1753	0.4612	0.9713	2.866
1754	0.4537	0.9743	2.568
1755	0.4552	0.9737	2.625
1756	0.4541	0.9744	2.559
1757	0.4595	0.9722	2.776
1758	0.4549	0.9743	2.571
1759	0.4591	0.9719	2.808
1760	0.4621	0.9709	2.908
1761	0.4580	0.9731	2.691
1762	0.4541	0.9749	2.512
1763	0.4561	0.9736	2.635
1764	0.4577	0.9726	2.743
1765	0.4561	0.9735	2.650
1766	0.4595	0.9725	2.749
1767	0.4443	0.9794	2.064
1768	0.4610	0.9713	2.871
1769	0.4617	0.9712	2.878
1770	0.4567	0.9732	2.679
1771	0.4603	0.9719	2.805
1772	0.4591	0.9722	2.779
1773	0.4563	0.9736	2.644
1774	0.4443	0.9789	2.109
1775	0.4537	0.9749	2.506
1776	0.4548	0.9743	2.572
1777	0.4465	0.9777	2.232
1778	0.4604	0.9715	2.850
1779	0.4502	0.9761	2.388
1780	0.4585	0.9725	2.752
1781	0.4595	0.9721	2.791
1782	0.4595	0.9726	2.738
1783	0.4550	0.9739	2.609
1784	0.4574	0.9728	2.715
1785	0.4601	0.9721	2.792
1786	0.4583	0.9728	2.716
1787	0.4599	0.9720	2.797
1788	0.4534	0.9745	2.546
1789	0.4532	0.9747	2.532
1790	0.4570	0.9733	2.669
1791	0.4520	0.9751	2.495
1792	0.4424	0.9799	2.012
1793	0.4482	0.9771	2.287
1794	0.4588	0.9728	2.723
1795	0.4601	0.9719	2.814
1796	0.4593	0.9726	2.742
1797	0.4606	0.9722	2.783
1798	0.4441	0.9792	2.080
1799	0.4519	0.9751	2.488
1800	0.4610	0.9714	2.864
1801	0.4551	0.9742	2.577
1802	0.4597	0.9722	2.780
1803	0.4525	0.9753	2.471
1804	0.4455	0.9783	2.170
1805	0.4443	0.9790	2.095
1806	0.4582	0.9730	2.704
1807	0.4594	0.9722	2.783
1808	0.4585	0.9726	2.740
1809	0.4576	0.9728	2.723
1810	0.4578	0.9728	2.718
1811	0.4598	0.9721	2.793
1812	0.4558	0.9737	2.626
1813	0.4582	0.9726	2.739
1814	0.4594	0.9722	2.778
1815	0.4606	0.9722	2.783
1816	0.4519	0.9751	2.488
1817	0.4611	0.9713	2.866
1818	0.4578	0.9728	2.716
1819	0.4558	0.9736	2.644
1820	0.4595	0.9719	2.813
1821	0.4547	0.9743	2.572
1822	0.4570	0.9735	2.649
1823	0.4581	0.9729	2.710
1824	0.4424	0.9799	2.012
1825	0.4576	0.9728	2.720
1826	0.4594	0.9725	2.753
1827	0.4594	0.9721	2.791
1828	0.4578	0.9725	2.750
1829	0.4587	0.9728	2.718
1830	0.4553	0.9742	2.579
1831	0.4549	0.9739	2.609
1832	0.4608	0.9713	2.870
1833	0.4455	0.9783	2.169
1834	0.4584	0.9725	2.754
1835	0.4524	0.9753	2.468
1836	0.4574	0.9732	2.677
1837	0.4559	0.9735	2.648
1838	0.4619	0.9709	2.909
1839	0.4551	0.9738	2.625
1840	0.4532	0.9746	2.542
1841	0.4557	0.9738	2.625
1842	0.4590	0.9722	2.783
1843	0.4559	0.9736	2.636
1844	0.4609	0.9715	2.852
1845	0.4519	0.9751	2.493
1846	0.4562	0.9735	2.647
1847	0.4440	0.9792	2.080
1848	0.4591	0.9727	2.730
1849	0.4501	0.9761	2.390
1850	0.4535	0.9749	2.511
1851	0.4578	0.9731	2.689
1852	0.4597	0.9723	2.770
1853	0.4582	0.9728	2.716
1854	0.4602	0.9715	2.847
1855	0.4583	0.9729	2.712
1856	0.4609	0.9714	2.862
1857	0.4539	0.9744	2.560
1858	0.4441	0.9789	2.107
1859	0.4575	0.9725	2.745
1860	0.4602	0.9718	2.818
1861	0.4596	0.9722	2.779
1862	0.4573	0.9732	2.677
1863	0.4597	0.9721	2.794
1864	0.4603	0.9715	2.847
1865	0.4480	0.9771	2.286
1866	0.4568	0.9733	2.670
1867	0.4549	0.9742	2.576
1868	0.4583	0.9726	2.739
1869	0.4591	0.9725	2.748
1870	0.4543	0.9738	2.616
1871	0.4597	0.9720	2.798
1872	0.4463	0.9777	2.230
1873	0.4534	0.9743	2.569
1874	0.4599	0.9719	2.812
1875	0.4593	0.9726	2.740
1876	0.4589	0.9725	2.753
1877	0.4572	0.9728	2.716
1878	0.4530	0.9747	2.532
1879	0.4571	0.9727	2.727
1880	0.4583	0.9727	2.730
1881	0.4604	0.9722	2.783
1882	0.4593	0.9722	2.775
1883	0.4575	0.9732	2.682
1884	0.4547	0.9743	2.572
1885	0.4592	0.9723	2.774
1886	0.4610	0.9716	2.840
1887	0.4564	0.9732	2.683
1888	0.4573	0.9730	2.700
1889	0.4467	0.9782	2.181
1890	0.4597	0.9721	2.794
1891	0.4550	0.9745	2.550
1892	0.4582	0.9726	2.744
1893	0.4539	0.9749	2.512
1894	0.4440	0.9794	2.063
1895	0.4502	0.9758	2.421
1896	0.4537	0.9744	2.555
1897	0.4579	0.9728	2.723
1898	0.4581	0.9726	2.740
1899	0.4532	0.9745	2.545
1900	0.4582	0.9725	2.755
1901	0.4572	0.9730	2.702
1902	0.4591	0.9726	2.740
1903	0.4581	0.9726	2.736
1904	0.4581	0.9724	2.756
1905	0.4587	0.9725	2.748
1906	0.4599	0.9721	2.793
1907	0.4442	0.9791	2.094
1908	0.4564	0.9732	2.678
1909	0.4615	0.9712	2.883
1910	0.4599	0.9718	2.817
1911	0.4588	0.9719	2.807
1912	0.4580	0.9731	2.695
1913	0.4600	0.9719	2.806
1914	0.4585	0.9721	2.792
1915	0.4592	0.9725	2.752
1916	0.4571	0.9729	2.715
1917	0.4582	0.9725	2.755
1918	0.4577	0.9731	2.689
1919	0.4567	0.9733	2.669
1920	0.4604	0.9722	2.783
1921	0.4531	0.9746	2.543
1922	0.4441	0.9791	2.095
1923	0.4589	0.9727	2.730
1924	0.4592	0.9722	2.775
1925	0.4518	0.9751	2.494
1926	0.4453	0.9783	2.169
1927	0.4578	0.9729	2.710
1928	0.4440	0.9789	2.108
1929	0.4592	0.9721	2.793
1930	0.4614	0.9712	2.882
1931	0.4599	0.9718	2.817
1932	0.4572	0.9732	2.678
1933	0.4542	0.9738	2.617
1934	0.4571	0.9730	2.703
1935	0.4580	0.9726	2.738
1936	0.4439	0.9794	2.064
1937	0.4595	0.9721	2.793
1938	0.4546	0.9739	2.607
1939	0.4548	0.9742	2.577
1940	0.4551	0.9742	2.582
1941	0.4572	0.9730	2.696
1942	0.4549	0.9745	2.555
1943	0.4592	0.9726	2.742
1944	0.4580	0.9728	2.717
1945	0.4529	0.9746	2.542
1946	0.4592	0.9718	2.817
1947	0.4528	0.9747	2.533
1948	0.4582	0.9726	2.740
1949	0.4590	0.9726	2.741
1950	0.4582	0.9725	2.755
1951	0.4595	0.9723	2.770
1952	0.4596	0.9720	2.797
1953	0.4598	0.9719	2.806
1954	0.4545	0.9743	2.572
1955	0.4533	0.9749	2.506
1956	0.4599	0.9720	2.803
1957	0.4533	0.9743	2.567
1958	0.4465	0.9782	2.180
1959	0.4606	0.9713	2.870
1960	0.4478	0.9771	2.286
1961	0.4559	0.9735	2.646
1962	0.4557	0.9736	2.639
1963	0.4581	0.9726	2.743
1964	0.4584	0.9721	2.790
1965	0.4591	0.9723	2.773
1966	0.4594	0.9722	2.780
1967	0.4600	0.9718	2.816
1968	0.4537	0.9744	2.562
1969	0.4573	0.9728	2.721
1970	0.4617	0.9709	2.909
1971	0.4575	0.9725	2.748
1972	0.4569	0.9728	2.725
1973	0.4585	0.9728	2.722
1974	0.4603	0.9722	2.783
1975	0.4591	0.9722	2.778
1976	0.4535	0.9745	2.554
1977	0.4554	0.9737	2.627
1978	0.4587	0.9725	2.753
1979	0.4571	0.9732	2.677
1980	0.4606	0.9714	2.864
1981	0.4581	0.9729	2.709
1982	0.4554	0.9736	2.645
1983	0.4608	0.9714	2.863
1984	0.4437	0.9792	2.083
1985	0.4521	0.9753	2.467
1986	0.4573	0.9732	2.682
1987	0.4544	0.9743	2.571
1988	0.4587	0.9722	2.783
1989	0.4573	0.9726	2.743
1990	0.4589	0.9725	2.746
1991	0.4585	0.9725	2.750
1992	0.4595	0.9721	2.794
1993	0.4608	0.9716	2.840
1994	0.4599	0.9716	2.842
1995	0.4421	0.9799	2.011
1996	0.4574	0.9728	2.716
1997	0.4556	0.9735	2.647
1998	0.4581	0.9727	2.726
1999	0.4566	0.9735	2.647
