0	0.4579	0.9726	2.735
1	0.4461	0.9777	2.232
2	0.4500	0.9758	2.418
3	0.4579	0.9725	2.753
4	0.4600	0.9715	2.848
5	0.4597	0.9721	2.791
6	0.4536	0.9749	2.512
7	0.4578	0.9731	2.693
8	0.4561	0.9732	2.683
9	0.4515	0.9751	2.488
10	0.4577	0.9728	2.724
11	0.4562	0.9732	2.678
12	0.4547	0.9738	2.624
13	0.4606	0.9715	2.853
14	0.4497	0.9761	2.389
15	0.4586	0.9719	2.807
16	0.4577	0.9729	2.707
17	0.4590	0.9721	2.791
18	0.4536	0.9744	2.559
19	0.4594	0.9720	2.797
20	0.4612	0.9712	2.880
21	0.4531	0.9743	2.567
22	0.4553	0.9737	2.625
23	0.4587	0.9722	2.783
24	0.4562	0.9732	2.679
25	0.4534	0.9745	2.554
26	0.4607	0.9716	2.840
27	0.4588	0.9726	2.738
28	0.4589	0.9725	2.748
29	0.4547	0.9738	2.623
30	0.4554	0.9736	2.643
31	0.4579	0.9726	2.741
32	0.4570	0.9730	2.699
33	0.4599	0.9715	2.850
34	0.4596	0.9721	2.789
35	0.4582	0.9721	2.790
36	0.4576	0.9728	2.724
37	0.4527	0.9747	2.532
38	0.4566	0.9735	2.649
39	0.4570	0.9732	2.675
40	0.4547	0.9745	2.547
41	0.4580	0.9727	2.726
42	0.4544	0.9743	2.569
43	0.4561	0.9732	2.684
44	0.4569	0.9732	2.681
45	0.4555	0.9735	2.649
46	0.4543	0.9743	2.571
47	0.4596	0.9719	2.811
48	0.4593	0.9721	2.791
49	0.4464	0.9782	2.178
50	0.4586	0.9725	2.751
51	0.4569	0.9728	2.720
52	0.4572	0.9732	2.684
53	0.4528	0.9746	2.542
54	0.4605	0.9715	2.851
55	0.4437	0.9794	2.063
56	0.4605	0.9714	2.864
57	0.4597	0.9720	2.804
58	0.4555	0.9736	2.635
59	0.4585	0.9719	2.806
60	0.4606	0.9713	2.866
61	0.4529	0.9746	2.544
62	0.4579	0.9725	2.752
63	0.4584	0.9725	2.748
64	0.4598	0.9719	2.813
65	0.4601	0.9722	2.785
66	0.4557	0.9735	2.649
67	0.4567	0.9727	2.726
68	0.4589	0.9722	2.779
69	0.4573	0.9728	2.715
70	0.4419	0.9799	2.011
71	0.4576	0.9731	2.694
72	0.4587	0.9726	2.745
73	0.4450	0.9783	2.169
74	0.4564	0.9733	2.669
75	0.4544	0.9739	2.607
76	0.4496	0.9761	2.390
77	0.4589	0.9726	2.740
78	0.4531	0.9749	2.510
79	0.4577	0.9726	2.739
80	0.4579	0.9726	2.738
81	0.4545	0.9743	2.575
82	0.4592	0.9722	2.779
83	0.4476	0.9771	2.286
84	0.4539	0.9738	2.616
85	0.4459	0.9777	2.231
86	0.4589	0.9723	2.774
87	0.4597	0.9715	2.845
88	0.4519	0.9753	2.471
89	0.4535	0.9749	2.514
90	0.4571	0.9728	2.721
91	0.4600	0.9721	2.785
92	0.4438	0.9791	2.095
93	0.4586	0.9727	2.730
94	0.4571	0.9725	2.745
95	0.4593	0.9720	2.796
96	0.4579	0.9725	2.754
97	0.4582	0.9728	2.720
98	0.4603	0.9713	2.870
99	0.4592	0.9723	2.769
100	0.4437	0.9789	2.108
101	0.4588	0.9723	2.774
102	0.4614	0.9709	2.910
103	0.4595	0.9719	2.807
104	0.4514	0.9751	2.494
105	0.4589	0.9719	2.812
106	0.4435	0.9792	2.080
107	0.4572	0.9725	2.749
108	0.4548	0.9742	2.580
109	0.4577	0.9726	2.737
110	0.4513	0.9751	2.487
111	0.4578	0.9729	2.713
112	0.4567	0.9730	2.700
113	0.4576	0.9728	2.717
114	0.4497	0.9758	2.417
115	0.4577	0.9724	2.758
116	0.4573	0.9731	2.689
117	0.4570	0.9726	2.745
118	0.4534	0.9744	2.560
119	0.4554	0.9735	2.646
120	0.4436	0.9794	2.063
121	0.4588	0.9725	2.752
122	0.4497	0.9758	2.417
123	0.4435	0.9792	2.081
124	0.4586	0.9725	2.750
125	0.4437	0.9791	2.095
126	0.4610	0.9712	2.882
127	0.4600	0.9721	2.785
128	0.4530	0.9749	2.512
129	0.4538	0.9738	2.618
130	0.4559	0.9732	2.680
131	0.4602	0.9713	2.871
132	0.4592	0.9721	2.793
133	0.4542	0.9743	2.574
134	0.4583	0.9719	2.809
135	0.4573	0.9731	2.690
136	0.4579	0.9727	2.730
137	0.4574	0.9728	2.723
138	0.4568	0.9732	2.679
139	0.4582	0.9725	2.751
140	0.4518	0.9753	2.472
141	0.4566	0.9727	2.726
142	0.4580	0.9721	2.791
143	0.4545	0.9745	2.551
144	0.4574	0.9729	2.709
145	0.4567	0.9732	2.677
146	0.4571	0.9725	2.749
147	0.4570	0.9728	2.721
148	0.4534	0.9749	2.511
149	0.4592	0.9720	2.798
150	0.4576	0.9726	2.735
151	0.4513	0.9751	2.488
152	0.4596	0.9716	2.844
153	0.4578	0.9726	2.738
154	0.4458	0.9777	2.231
155	0.4597	0.9715	2.848
156	0.4594	0.9721	2.792
157	0.4591	0.9723	2.769
158	0.4461	0.9782	2.180
159	0.4586	0.9726	2.742
160	0.4588	0.9726	2.741
161	0.4551	0.9736	2.644
162	0.4578	0.9725	2.754
163	0.4585	0.9727	2.730
164	0.4603	0.9714	2.862
165	0.4581	0.9728	2.718
166	0.4576	0.9728	2.717
167	0.4570	0.9732	2.681
168	0.4594	0.9718	2.815
169	0.4563	0.9733	2.669
170	0.4417	0.9799	2.011
171	0.4563	0.9735	2.652
172	0.4513	0.9750	2.495
173	0.4577	0.9726	2.741
174	0.4571	0.9729	2.715
175	0.4599	0.9722	2.783
176	0.4566	0.9729	2.714
177	0.4584	0.9725	2.752
178	0.4474	0.9771	2.285
179	0.4587	0.9721	2.791
180	0.4595	0.9720	2.803
181	0.4604	0.9714	2.865
182	0.4525	0.9746	2.542
183	0.4528	0.9743	2.568
184	0.4592	0.9721	2.794
185	0.4542	0.9739	2.607
186	0.4575	0.9725	2.755
187	0.4587	0.9722	2.778
188	0.4448	0.9783	2.170
189	0.4494	0.9761	2.390
190	0.4604	0.9716	2.842
191	0.4588	0.9719	2.813
192	0.4526	0.9745	2.546
193	0.4531	0.9744	2.555
194	0.4589	0.9722	2.780
195	0.4435	0.9789	2.107
196	0.4540	0.9743	2.575
197	0.4550	0.9737	2.625
198	0.4575	0.9726	2.739
199	0.4602	0.9715	2.849
200	0.4612	0.9709	2.910
201	0.4596	0.9719	2.813
202	0.4523	0.9747	2.532
203	0.4543	0.9742	2.575
204	0.4554	0.9735	2.647
205	0.4587	0.9723	2.773
206	0.4593	0.9719	2.809
207	0.4574	0.9731	2.694
208	0.4583	0.9722	2.783
209	0.4576	0.9729	2.709
210	0.4546	0.9742	2.578
211	0.4567	0.9730	2.698
212	0.4543	0.9738	2.625
213	0.4565	0.9730	2.695
214	0.4586	0.9722	2.775
215	0.4576	0.9725	2.748
216	0.4558	0.9732	2.679
217	0.4552	0.9736	2.636
218	0.4565	0.9730	2.695
219	0.4584	0.9726	2.743
220	0.4565	0.9728	2.720
221	0.4532	0.9749	2.511
222	0.4571	0.9731	2.691
223	0.4586	0.9723	2.773
224	0.4577	0.9728	2.721
225	0.4561	0.9733	2.670
226	0.4435	0.9789	2.107
227	0.4593	0.9721	2.789
228	0.4569	0.9732	2.683
229	0.4576	0.9725	2.749
230	0.4532	0.9744	2.559
231	0.4595	0.9719	2.814
232	0.4539	0.9743	2.571
233	0.4583	0.9722	2.781
234	0.4569	0.9728	2.716
235	0.4527	0.9743	2.567
236	0.4549	0.9738	2.621
237	0.4586	0.9726	2.739
238	0.4576	0.9726	2.741
239	0.4542	0.9743	2.572
240	0.4586	0.9723	2.774
241	0.4523	0.9747	2.533
242	0.4566	0.9732	2.677
243	0.4568	0.9726	2.741
244	0.4573	0.9731	2.692
245	0.4456	0.9777	2.231
246	0.4572	0.9729	2.709
247	0.4585	0.9721	2.792
248	0.4595	0.9715	2.850
249	0.4554	0.9735	2.646
250	0.4558	0.9732	2.678
251	0.4586	0.9719	2.813
252	0.4576	0.9725	2.752
253	0.4528	0.9750	2.505
254	0.4516	0.9753	2.467
255	0.4598	0.9722	2.784
256	0.4493	0.9761	2.389
257	0.4576	0.9726	2.738
258	0.4593	0.9720	2.802
259	0.4574	0.9728	2.717
260	0.4579	0.9728	2.717
261	0.4581	0.9719	2.806
262	0.4583	0.9727	2.728
263	0.4574	0.9727	2.734
264	0.4600	0.9713	2.869
265	0.4557	0.9732	2.682
266	0.4561	0.9735	2.647
267	0.4588	0.9723	2.771
268	0.4416	0.9799	2.013
269	0.4540	0.9739	2.607
270	0.4574	0.9725	2.753
271	0.4565	0.9732	2.682
272	0.4589	0.9721	2.793
273	0.4544	0.9742	2.577
274	0.4588	0.9722	2.775
275	0.4594	0.9716	2.840
276	0.4575	0.9729	2.707
277	0.4523	0.9746	2.541
278	0.4580	0.9725	2.749
279	0.4567	0.9728	2.721
280	0.4592	0.9719	2.813
281	0.4597	0.9722	2.781
282	0.4583	0.9726	2.735
283	0.4542	0.9738	2.623
284	0.4433	0.9794	2.064
285	0.4524	0.9746	2.544
286	0.4494	0.9758	2.418
287	0.4607	0.9712	2.880
288	0.4529	0.9745	2.553
289	0.4446	0.9783	2.169
290	0.4590	0.9721	2.794
291	0.4600	0.9715	2.851
292	0.4584	0.9723	2.773
293	0.4602	0.9714	2.864
294	0.4573	0.9726	2.739
295	0.4432	0.9792	2.081
296	0.4600	0.9714	2.862
297	0.4563	0.9728	2.725
298	0.4548	0.9736	2.643
299	0.4551	0.9735	2.647
300	0.4459	0.9782	2.181
301	0.4602	0.9716	2.841
302	0.4571	0.9728	2.723
303	0.4584	0.9725	2.753
304	0.4510	0.9751	2.493
305	0.4510	0.9751	2.487
306	0.4542	0.9745	2.550
307	0.4535	0.9738	2.616
308	0.4610	0.9709	2.910
309	0.4539	0.9743	2.573
310	0.4565	0.9730	2.695
311	0.4581	0.9725	2.752
312	0.4434	0.9791	2.094
313	0.4591	0.9719	2.808
314	0.4472	0.9771	2.286
315	0.4577	0.9721	2.790
316	0.4550	0.9736	2.638
317	0.4568	0.9725	2.748
318	0.4589	0.9720	2.797
319	0.4509	0.9751	2.489
320	0.4577	0.9721	2.789
321	0.4541	0.9738	2.625
322	0.4573	0.9726	2.738
323	0.4575	0.9727	2.731
324	0.4589	0.9720	2.799
325	0.4548	0.9736	2.642
326	0.4584	0.9721	2.791
327	0.4578	0.9728	2.718
328	0.4455	0.9777	2.230
329	0.4572	0.9731	2.692
330	0.4582	0.9725	2.746
331	0.4584	0.9726	2.736
332	0.4539	0.9739	2.607
333	0.4567	0.9732	2.681
334	0.4601	0.9714	2.863
335	0.4599	0.9713	2.870
336	0.4528	0.9745	2.554
337	0.4585	0.9719	2.812
338	0.4589	0.9721	2.794
339	0.4581	0.9722	2.782
340	0.4543	0.9742	2.578
341	0.4571	0.9729	2.709
342	0.4491	0.9761	2.388
343	0.4432	0.9794	2.061
344	0.4564	0.9732	2.677
345	0.4549	0.9736	2.638
346	0.4552	0.9735	2.647
347	0.4534	0.9738	2.615
348	0.4574	0.9729	2.711
349	0.4556	0.9732	2.679
350	0.4584	0.9723	2.774
351	0.4430	0.9792	2.081
352	0.4593	0.9718	2.816
353	0.4574	0.9726	2.738
354	0.4566	0.9726	2.745
355	0.4555	0.9732	2.679
356	0.4587	0.9721	2.794
357	0.4572	0.9724	2.755
358	0.4559	0.9733	2.669
359	0.4592	0.9720	2.802
360	0.4547	0.9737	2.626
361	0.4595	0.9722	2.780
362	0.4432	0.9789	2.108
363	0.4563	0.9728	2.717
364	0.4568	0.9731	2.688
365	0.4578	0.9725	2.749
366	0.4561	0.9728	2.724
367	0.4599	0.9714	2.863
368	0.4573	0.9726	2.742
369	0.4493	0.9758	2.418
370	0.4592	0.9716	2.841
371	0.4609	0.9709	2.907
372	0.4567	0.9729	2.715
373	0.4564	0.9730	2.696
374	0.4586	0.9722	2.776
375	0.4590	0.9719	2.813
376	0.4601	0.9716	2.839
377	0.4525	0.9743	2.567
378	0.4457	0.9782	2.180
379	0.4523	0.9746	2.545
380	0.4529	0.9749	2.513
381	0.4605	0.9712	2.881
382	0.4562	0.9730	2.699
383	0.4444	0.9783	2.170
384	0.4593	0.9716	2.844
385	0.4583	0.9722	2.779
386	0.4572	0.9726	2.736
387	0.4413	0.9799	2.010
388	0.4574	0.9725	2.754
389	0.4540	0.9745	2.550
390	0.4470	0.9771	2.286
391	0.4520	0.9747	2.533
392	0.4583	0.9725	2.751
393	0.4539	0.9743	2.574
394	0.4525	0.9749	2.511
395	0.4580	0.9727	2.731
396	0.4569	0.9728	2.722
397	0.4598	0.9715	2.850
398	0.4521	0.9746	2.543
399	0.4571	0.9728	2.715
400	0.4589	0.9721	2.791
401	0.4537	0.9743	2.575
402	0.4528	0.9744	2.562
403	0.4563	0.9732	2.678
404	0.4565	0.9728	2.723
405	0.4582	0.9723	2.772
406	0.4432	0.9790	2.095
407	0.4513	0.9753	2.472
408	0.4589	0.9719	2.813
409	0.4508	0.9750	2.496
410	0.4578	0.9719	2.809
411	0.4586	0.9723	2.773
412	0.4566	0.9725	2.749
413	0.4559	0.9735	2.646
414	0.4595	0.9722	2.784
415	0.4572	0.9725	2.754
416	0.4548	0.9735	2.646
417	0.4579	0.9725	2.754
418	0.4581	0.9726	2.739
419	0.4536	0.9743	2.572
420	0.4528	0.9749	2.512
421	0.4562	0.9732	2.677
422	0.4571	0.9725	2.752
423	0.4563	0.9730	2.698
424	0.4558	0.9733	2.670
425	0.4588	0.9719	2.805
426	0.4577	0.9725	2.751
427	0.4583	0.9719	2.812
428	0.4587	0.9721	2.789
429	0.4470	0.9771	2.285
430	0.4579	0.9725	2.751
431	0.4546	0.9736	2.643
432	0.4490	0.9761	2.388
433	0.4582	0.9725	2.750
434	0.4561	0.9730	2.695
435	0.4582	0.9721	2.790
436	0.4597	0.9713	2.867
437	0.4594	0.9722	2.783
438	0.4597	0.9714	2.860
439	0.4560	0.9728	2.719
440	0.4562	0.9732	2.679
441	0.4585	0.9722	2.776
442	0.4539	0.9746	2.543
443	0.4444	0.9783	2.169
444	0.4572	0.9727	2.730
445	0.4566	0.9731	2.693
446	0.4599	0.9716	2.844
447	0.4592	0.9715	2.848
448	0.4579	0.9728	2.725
449	0.4589	0.9719	2.809
450	0.4564	0.9728	2.721
451	0.4507	0.9752	2.485
452	0.4582	0.9723	2.770
453	0.4578	0.9722	2.778
454	0.4572	0.9725	2.748
455	0.4597	0.9716	2.844
456	0.4412	0.9799	2.012
457	0.4519	0.9747	2.532
458	0.4566	0.9726	2.743
459	0.4541	0.9742	2.576
460	0.4491	0.9758	2.418
461	0.4574	0.9721	2.789
462	0.4604	0.9712	2.879
463	0.4536	0.9739	2.607
464	0.4568	0.9728	2.725
465	0.4520	0.9746	2.542
466	0.4535	0.9743	2.569
467	0.4586	0.9720	2.796
468	0.4568	0.9729	2.708
469	0.4588	0.9721	2.790
470	0.4532	0.9738	2.616
471	0.4593	0.9722	2.782
472	0.4507	0.9751	2.492
473	0.4572	0.9728	2.724
474	0.4547	0.9735	2.647
475	0.4456	0.9782	2.181
476	0.4512	0.9753	2.468
477	0.4570	0.9726	2.735
478	0.4607	0.9709	2.907
479	0.4545	0.9738	2.625
480	0.4590	0.9719	2.813
481	0.4580	0.9726	2.739
482	0.4571	0.9726	2.740
483	0.4584	0.9723	2.771
484	0.4572	0.9725	2.750
485	0.4598	0.9714	2.863
486	0.4537	0.9743	2.573
487	0.4452	0.9777	2.231
488	0.4563	0.9726	2.742
489	0.4589	0.9720	2.803
490	0.4429	0.9794	2.062
491	0.4431	0.9791	2.093
492	0.4577	0.9719	2.806
493	0.4428	0.9792	2.081
494	0.4557	0.9735	2.650
495	0.4520	0.9745	2.546
496	0.4552	0.9732	2.679
497	0.4549	0.9735	2.645
498	0.4579	0.9725	2.749
499	0.4589	0.9716	2.843
500	0.4523	0.9749	2.510
501	0.4564	0.9728	2.716
502	0.4522	0.9743	2.568
503	0.4584	0.9721	2.792
504	0.4581	0.9726	2.741
505	0.4563	0.9732	2.681
506	0.4581	0.9722	2.778
507	0.4574	0.9728	2.719
508	0.4429	0.9789	2.107
509	0.4553	0.9732	2.679
510	0.4580	0.9723	2.774
511	0.4571	0.9729	2.710
512	0.4538	0.9738	2.625
513	0.4569	0.9726	2.740
514	0.4535	0.9743	2.573
515	0.4560	0.9728	2.717
516	0.4569	0.9728	2.717
517	0.4526	0.9744	2.560
518	0.4568	0.9731	2.693
519	0.4546	0.9736	2.639
520	0.4525	0.9744	2.555
521	0.4580	0.9721	2.793
522	0.4490	0.9758	2.416
523	0.4568	0.9731	2.694
524	0.4579	0.9725	2.747
525	0.4527	0.9749	2.512
526	0.4565	0.9731	2.688
527	0.4506	0.9751	2.493
528	0.4588	0.9720	2.802
529	0.4580	0.9723	2.774
530	0.4585	0.9721	2.793
531	0.4537	0.9743	2.572
532	0.4596	0.9715	2.848
533	0.4569	0.9725	2.752
534	0.4518	0.9746	2.543
535	0.4534	0.9743	2.572
536	0.4511	0.9753	2.465
537	0.4597	0.9716	2.839
538	0.4530	0.9738	2.617
539	0.4584	0.9721	2.793
540	0.4575	0.9725	2.749
541	0.4567	0.9729	2.709
542	0.4526	0.9744	2.559
543	0.4592	0.9722	2.778
544	0.4427	0.9792	2.081
545	0.4577	0.9727	2.728
546	0.4559	0.9731	2.693
547	0.4430	0.9791	2.091
548	0.4584	0.9720	2.795
549	0.4543	0.9738	2.621
550	0.4580	0.9723	2.775
551	0.4551	0.9732	2.680
552	0.4586	0.9720	2.804
553	0.4594	0.9713	2.867
554	0.4519	0.9745	2.546
555	0.4450	0.9777	2.231
556	0.4568	0.9726	2.739
557	0.4562	0.9732	2.682
558	0.4580	0.9726	2.737
559	0.4454	0.9782	2.179
560	0.4545	0.9736	2.638
561	0.4410	0.9799	2.011
562	0.4569	0.9726	2.742
563	0.4555	0.9733	2.669
564	0.4537	0.9738	2.625
565	0.4573	0.9728	2.721
566	0.4563	0.9729	2.715
567	0.4428	0.9789	2.107
568	0.4559	0.9728	2.718
569	0.4569	0.9725	2.753
570	0.4570	0.9727	2.731
571	0.4588	0.9716	2.843
572	0.4602	0.9712	2.881
573	0.4521	0.9743	2.567
574	0.4568	0.9727	2.735
575	0.4576	0.9725	2.752
576	0.4536	0.9745	2.550
577	0.4522	0.9749	2.508
578	0.4534	0.9739	2.606
579	0.4560	0.9732	2.678
580	0.4605	0.9709	2.909
581	0.4563	0.9725	2.747
582	0.4586	0.9721	2.791
583	0.4441	0.9783	2.171
584	0.4504	0.9751	2.489
585	0.4580	0.9719	2.813
586	0.4551	0.9732	2.677
587	0.4588	0.9719	2.815
588	0.4591	0.9722	2.783
589	0.4561	0.9725	2.745
590	0.4555	0.9735	2.650
591	0.4572	0.9721	2.790
592	0.4595	0.9714	2.862
593	0.4596	0.9714	2.864
594	0.4575	0.9719	2.806
595	0.4576	0.9722	2.783
596	0.4567	0.9728	2.717
597	0.4545	0.9736	2.644
598	0.4589	0.9715	2.845
599	0.4486	0.9761	2.389
600	0.4569	0.9726	2.737
601	0.4570	0.9725	2.753
602	0.4559	0.9732	2.676
603	0.4569	0.9729	2.709
604	0.4565	0.9728	2.725
605	0.4577	0.9726	2.739
606	0.4557	0.9728	2.724
607	0.4579	0.9723	2.771
608	0.4578	0.9725	2.750
609	0.4538	0.9742	2.577
610	0.4532	0.9743	2.570
611	0.4559	0.9730	2.699
612	0.4581	0.9722	2.776
613	0.4516	0.9747	2.532
614	0.4466	0.9772	2.285
615	0.4427	0.9794	2.061
616	0.4582	0.9723	2.767
617	0.4547	0.9735	2.648
618	0.4561	0.9728	2.720
619	0.4523	0.9745	2.553
620	0.4585	0.9719	2.812
621	0.4542	0.9736	2.642
622	0.4579	0.9723	2.774
623	0.4524	0.9744	2.560
624	0.4533	0.9740	2.605
625	0.4428	0.9791	2.094
626	0.4509	0.9753	2.471
627	0.4593	0.9713	2.870
628	0.4427	0.9789	2.105
629	0.4604	0.9709	2.910
630	0.4575	0.9722	2.784
631	0.4572	0.9728	2.720
632	0.4588	0.9716	2.843
633	0.4562	0.9725	2.748
634	0.4560	0.9725	2.745
635	0.4565	0.9728	2.722
636	0.4503	0.9751	2.488
637	0.4596	0.9716	2.840
638	0.4439	0.9783	2.170
639	0.4533	0.9743	2.573
640	0.4585	0.9719	2.811
641	0.4575	0.9725	2.753
642	0.4594	0.9714	2.861
643	0.4550	0.9732	2.677
644	0.4578	0.9722	2.777
645	0.4594	0.9715	2.849
646	0.4516	0.9746	2.543
647	0.4582	0.9721	2.792
648	0.4448	0.9777	2.233
649	0.4561	0.9732	2.682
650	0.4565	0.9729	2.709
651	0.4573	0.9725	2.751
652	0.4578	0.9721	2.791
653	0.4532	0.9743	2.571
654	0.4586	0.9716	2.841
655	0.4590	0.9722	2.784
656	0.4578	0.9726	2.736
657	0.4524	0.9749	2.511
658	0.4566	0.9726	2.739
659	0.4544	0.9735	2.647
660	0.4425	0.9792	2.081
661	0.4557	0.9730	2.696
662	0.4503	0.9751	2.492
663	0.4568	0.9729	2.708
664	0.4535	0.9738	2.622
665	0.4522	0.9745	2.554
666	0.4577	0.9725	2.751
667	0.4541	0.9736	2.644
668	0.4567	0.9726	2.742
669	0.4487	0.9758	2.417
670	0.4520	0.9749	2.507
671	0.4568	0.9727	2.727
672	0.4528	0.9738	2.616
673	0.4408	0.9799	2.011
674	0.4584	0.9721	2.791
675	0.4451	0.9782	2.178
676	0.4580	0.9722	2.779
677	0.4537	0.9742	2.583
678	0.4586	0.9719	2.807
679	0.4582	0.9721	2.794
680	0.4584	0.9718	2.817
681	0.4517	0.9746	2.541
682	0.4558	0.9730	2.697
683	0.4562	0.9731	2.690
684	0.4576	0.9725	2.747
685	0.4576	0.9726	2.739
686	0.4566	0.9725	2.753
687	0.4570	0.9721	2.789
688	0.4561	0.9729	2.712
689	0.4565	0.9731	2.691
690	0.4557	0.9728	2.717
691	0.4577	0.9723	2.774
692	0.4594	0.9714	2.863
693	0.4465	0.9771	2.286
694	0.4586	0.9719	2.812
695	0.4578	0.9719	2.812
696	0.4557	0.9732	2.676
697	0.4541	0.9738	2.622
698	0.4553	0.9735	2.649
699	0.4559	0.9728	2.721
700	0.4565	0.9729	2.715
701	0.4545	0.9735	2.647
702	0.4568	0.9725	2.752
703	0.4557	0.9732	2.678
704	0.4567	0.9725	2.751
705	0.4567	0.9727	2.734
706	0.4581	0.9720	2.795
707	0.4555	0.9728	2.721
708	0.4533	0.9743	2.573
709	0.4572	0.9720	2.805
710	0.4543	0.9737	2.634
711	0.4566	0.9727	2.734
712	0.4548	0.9732	2.679
713	0.4425	0.9794	2.062
714	0.4534	0.9745	2.549
715	0.4514	0.9747	2.533
716	0.4589	0.9722	2.782
717	0.4574	0.9727	2.730
718	0.4518	0.9743	2.567
719	0.4552	0.9733	2.669
720	0.4599	0.9712	2.879
721	0.4580	0.9723	2.769
722	0.4484	0.9761	2.389
723	0.4591	0.9713	2.868
724	0.4565	0.9726	2.739
725	0.4588	0.9722	2.779
726	0.4559	0.9726	2.740
727	0.4599	0.9712	2.879
728	0.4451	0.9782	2.179
729	0.4583	0.9721	2.791
730	0.4566	0.9729	2.710
731	0.4572	0.9719	2.806
732	0.4602	0.9709	2.911
733	0.4564	0.9731	2.692
734	0.4540	0.9738	2.625
735	0.4507	0.9753	2.468
736	0.4573	0.9725	2.753
737	0.4585	0.9719	2.812
738	0.4576	0.9721	2.790
739	0.4573	0.9722	2.783
740	0.4514	0.9746	2.541
741	0.4552	0.9733	2.669
742	0.4522	0.9749	2.511
743	0.4571	0.9725	2.748
744	0.4567	0.9728	2.723
745	0.4547	0.9732	2.679
746	0.4566	0.9726	2.741
747	0.4542	0.9735	2.647
748	0.4577	0.9719	2.812
749	0.4533	0.9745	2.546
750	0.4565	0.9725	2.752
751	0.4426	0.9791	2.091
752	0.4579	0.9723	2.769
753	0.4502	0.9751	2.492
754	0.4576	0.9723	2.775
755	0.4576	0.9723	2.771
756	0.4576	0.9726	2.736
757	0.4556	0.9733	2.673
758	0.4575	0.9723	2.772
759	0.4581	0.9721	2.789
760	0.4535	0.9742	2.577
761	0.4574	0.9726	2.736
762	0.4484	0.9761	2.385
763	0.4554	0.9728	2.719
764	0.4574	0.9726	2.738
765	0.4522	0.9744	2.561
766	0.4526	0.9739	2.614
767	0.4424	0.9789	2.109
768	0.4531	0.9739	2.607
769	0.4579	0.9721	2.792
770	0.4582	0.9720	2.804
771	0.4544	0.9735	2.647
772	0.4575	0.9725	2.748
773	0.4515	0.9745	2.546
774	0.4463	0.9772	2.284
775	0.4518	0.9749	2.505
776	0.4422	0.9792	2.080
777	0.4548	0.9732	2.677
778	0.4406	0.9799	2.010
779	0.4559	0.9725	2.747
780	0.4588	0.9722	2.782
781	0.4564	0.9727	2.734
782	0.4558	0.9728	2.721
783	0.4539	0.9736	2.642
784	0.4533	0.9738	2.625
785	0.4558	0.9732	2.682
786	0.4532	0.9743	2.573
787	0.4551	0.9735	2.649
788	0.4591	0.9715	2.848
789	0.4556	0.9731	2.693
790	0.4446	0.9777	2.232
791	0.4582	0.9719	2.815
792	0.4591	0.9714	2.862
793	0.4512	0.9747	2.533
794	0.4568	0.9721	2.789
795	0.4573	0.9727	2.731
796	0.4585	0.9716	2.844
797	0.4423	0.9794	2.062
798	0.4569	0.9728	2.721
799	0.4554	0.9728	2.718
800	0.4519	0.9745	2.554
801	0.4584	0.9716	2.842
802	0.4562	0.9728	2.722
803	0.4566	0.9725	2.752
804	0.4555	0.9732	2.675
805	0.4565	0.9725	2.753
806	0.4529	0.9743	2.571
807	0.4529	0.9743	2.572
808	0.4562	0.9729	2.708
809	0.4559	0.9729	2.714
810	0.4436	0.9783	2.170
811	0.4578	0.9723	2.774
812	0.4563	0.9728	2.716
813	0.4583	0.9720	2.803
814	0.4500	0.9751	2.487
815	0.4484	0.9758	2.416
816	0.4540	0.9736	2.641
817	0.4579	0.9720	2.798
818	0.4554	0.9730	2.699
819	0.4565	0.9726	2.738
820	0.4592	0.9716	2.840
821	0.4560	0.9731	2.687
822	0.4516	0.9744	2.565
823	0.4592	0.9714	2.864
824	0.4583	0.9720	2.802
825	0.4424	0.9791	2.091
826	0.4581	0.9721	2.789
827	0.4514	0.9746	2.544
828	0.4558	0.9729	2.714
829	0.4565	0.9727	2.729
830	0.4550	0.9733	2.667
831	0.4500	0.9751	2.493
832	0.4590	0.9714	2.861
833	0.4528	0.9743	2.571
834	0.4519	0.9745	2.553
835	0.4564	0.9725	2.752
836	0.4573	0.9725	2.746
837	0.4575	0.9726	2.735
838	0.4574	0.9721	2.790
839	0.4405	0.9799	2.010
840	0.4597	0.9712	2.879
841	0.4511	0.9747	2.533
842	0.4482	0.9761	2.387
843	0.4568	0.9728	2.720
844	0.4436	0.9783	2.170
845	0.4565	0.9725	2.754
846	0.4484	0.9758	2.416
847	0.4545	0.9732	2.679
848	0.4529	0.9743	2.573
849	0.4534	0.9742	2.579
850	0.4546	0.9732	2.677
851	0.4563	0.9725	2.754
852	0.4499	0.9751	2.488
853	0.4421	0.9792	2.079
854	0.4422	0.9794	2.063
855	0.4562	0.9726	2.738
856	0.4579	0.9720	2.797
857	0.4538	0.9737	2.626
858	0.4563	0.9727	2.735
859	0.4504	0.9753	2.471
860	0.4542	0.9735	2.645
861	0.4554	0.9732	2.676
862	0.4562	0.9729	2.715
863	0.4583	0.9716	2.842
864	0.4539	0.9736	2.642
865	0.4569	0.9725	2.751
866	0.4515	0.9744	2.565
867	0.4556	0.9726	2.740
868	0.4512	0.9745	2.546
869	0.4575	0.9719	2.814
870	0.4552	0.9727	2.727
871	0.4554	0.9730	2.696
872	0.4444	0.9777	2.230
873	0.4573	0.9725	2.747
874	0.4560	0.9729	2.712
875	0.4564	0.9726	2.739
876	0.4447	0.9782	2.179
877	0.4559	0.9731	2.690
878	0.4591	0.9713	2.866
879	0.4540	0.9736	2.643
880	0.4586	0.9721	2.785
881	0.4571	0.9722	2.784
882	0.4563	0.9726	2.742
883	0.4599	0.9709	2.909
884	0.4554	0.9732	2.677
885	0.4577	0.9721	2.791
886	0.4556	0.9732	2.682
887	0.4530	0.9743	2.573
888	0.4553	0.9728	2.718
889	0.4537	0.9736	2.641
890	0.4520	0.9749	2.512
891	0.4574	0.9722	2.777
892	0.4578	0.9721	2.794
893	0.4570	0.9725	2.752
894	0.4580	0.9719	2.813
895	0.4571	0.9727	2.730
896	0.4561	0.9731	2.690
897	0.4530	0.9738	2.621
898	0.4573	0.9725	2.750
899	0.4461	0.9771	2.286
900	0.4576	0.9723	2.768
901	0.4560	0.9728	2.725
902	0.4573	0.9722	2.775
903	0.4422	0.9789	2.107
904	0.4566	0.9721	2.789
905	0.4590	0.9716	2.838
906	0.4579	0.9719	2.805
907	0.4576	0.9722	2.776
908	0.4519	0.9744	2.560
909	0.4583	0.9715	2.846
910	0.4573	0.9723	2.771
911	0.4523	0.9738	2.616
912	0.4515	0.9749	2.505
913	0.4557	0.9725	2.745
914	0.4585	0.9722	2.782
915	0.4587	0.9713	2.869
916	0.4530	0.9745	2.549
917	0.4555	0.9728	2.721
918	0.4549	0.9735	2.648
919	0.4552	0.9731	2.694
920	0.4568	0.9720	2.805
921	0.4528	0.9739	2.607
922	0.4582	0.9719	2.813
923	0.4563	0.9729	2.708
924	0.4588	0.9715	2.848
925	0.4588	0.9715	2.848
926	0.4581	0.9716	2.839
927	0.4482	0.9758	2.417
928	0.4572	0.9721	2.790
929	0.4530	0.9745	2.546
930	0.4575	0.9722	2.776
931	0.4529	0.9743	2.573
932	0.4447	0.9782	2.180
933	0.4573	0.9723	2.774
934	0.4555	0.9732	2.680
935	0.4548	0.9733	2.668
936	0.4434	0.9783	2.170
937	0.4503	0.9753	2.470
938	0.4562	0.9725	2.752
939	0.4559	0.9729	2.710
940	0.4588	0.9714	2.862
941	0.4511	0.9746	2.544
942	0.4550	0.9728	2.724
943	0.4460	0.9771	2.287
944	0.4563	0.9725	2.753
945	0.4585	0.9722	2.782
946	0.4571	0.9725	2.747
947	0.4536	0.9738	2.624
948	0.4509	0.9747	2.532
949	0.4527	0.9743	2.572
950	0.4529	0.9738	2.623
951	0.4563	0.9726	2.737
952	0.4598	0.9709	2.905
953	0.4522	0.9738	2.615
954	0.4518	0.9749	2.511
955	0.4570	0.9727	2.730
956	0.4572	0.9725	2.751
957	0.4584	0.9722	2.781
958	0.4594	0.9712	2.879
959	0.4480	0.9761	2.386
960	0.4565	0.9721	2.789
961	0.4557	0.9731	2.690
962	0.4575	0.9723	2.767
963	0.4578	0.9720	2.805
964	0.4589	0.9714	2.862
965	0.4543	0.9732	2.682
966	0.4569	0.9722	2.777
967	0.4572	0.9726	2.737
968	0.4544	0.9732	2.677
969	0.4551	0.9728	2.717
970	0.4420	0.9794	2.062
971	0.4536	0.9736	2.644
972	0.4568	0.9725	2.751
973	0.4571	0.9723	2.772
974	0.4579	0.9719	2.812
975	0.4560	0.9725	2.751
976	0.4565	0.9728	2.715
977	0.4537	0.9737	2.632
978	0.4554	0.9726	2.739
979	0.4560	0.9727	2.735
980	0.4498	0.9751	2.491
981	0.4581	0.9715	2.848
982	0.4576	0.9720	2.796
983	0.4497	0.9751	2.486
984	0.4402	0.9799	2.010
985	0.4554	0.9728	2.721
986	0.4537	0.9735	2.646
987	0.4551	0.9731	2.694
988	0.4547	0.9735	2.647
989	0.4561	0.9729	2.708
990	0.4552	0.9730	2.699
991	0.4552	0.9733	2.673
992	0.4559	0.9731	2.691
993	0.4420	0.9789	2.108
994	0.4526	0.9739	2.608
995	0.4572	0.9719	2.813
996	0.4578	0.9721	2.789
997	0.4560	0.9728	2.716
998	0.4576	0.9721	2.793
999	0.4517	0.9744	2.560
1000	0.4575	0.9721	2.793
1001	0.4579	0.9720	2.801
1002	0.4513	0.9743	2.566
1003	0.4562	0.9728	2.723
1004	0.4511	0.9746	2.544
1005	0.4516	0.9745	2.553
1006	0.4586	0.9713	2.869
1007	0.4418	0.9792	2.080
1008	0.4560	0.9727	2.734
1009	0.4555	0.9729	2.713
1010	0.4530	0.9742	2.578
1011	0.4525	0.9743	2.569
1012	0.4442	0.9777	2.231
1013	0.4513	0.9749	2.508
1014	0.4566	0.9725	2.750
1015	0.4567	0.9719	2.807
1016	0.4420	0.9791	2.094
1017	0.4580	0.9718	2.816
1018	0.4570	0.9726	2.741
1019	0.4555	0.9725	2.747
1020	0.4588	0.9716	2.839
1021	0.4561	0.9726	2.740
1022	0.4539	0.9735	2.647
1023	0.4557	0.9728	2.721
1024	0.4551	0.9732	2.675
1025	0.4571	0.9723	2.774
1026	0.4496	0.9751	2.487
1027	0.4561	0.9725	2.751
1028	0.4458	0.9771	2.286
1029	0.4559	0.9728	2.715
1030	0.4564	0.9728	2.720
1031	0.4535	0.9736	2.642
1032	0.4571	0.9722	2.781
1033	0.4509	0.9746	2.543
1034	0.4528	0.9745	2.550
1035	0.4571	0.9723	2.774
1036	0.4478	0.9761	2.388
1037	0.4577	0.9721	2.792
1038	0.4525	0.9739	2.606
1039	0.4516	0.9744	2.562
1040	0.4557	0.9729	2.711
1041	0.4527	0.9742	2.576
1042	0.4517	0.9749	2.514
1043	0.4534	0.9737	2.627
1044	0.4549	0.9727	2.726
1045	0.4561	0.9725	2.753
1046	0.4559	0.9726	2.738
1047	0.4543	0.9732	2.678
1048	0.4542	0.9732	2.678
1049	0.4553	0.9728	2.721
1050	0.4501	0.9753	2.471
1051	0.4557	0.9728	2.722
1052	0.4560	0.9729	2.709
1053	0.4512	0.9743	2.566
1054	0.4569	0.9726	2.742
1055	0.4575	0.9721	2.791
1056	0.4400	0.9799	2.010
1057	0.4577	0.9719	2.810
1058	0.4514	0.9745	2.554
1059	0.4560	0.9726	2.740
1060	0.4580	0.9716	2.844
1061	0.4568	0.9727	2.731
1062	0.4536	0.9736	2.645
1063	0.4546	0.9735	2.647
1064	0.4571	0.9719	2.811
1065	0.4557	0.9731	2.690
1066	0.4567	0.9725	2.752
1067	0.4585	0.9713	2.866
1068	0.4567	0.9722	2.779
1069	0.4570	0.9726	2.736
1070	0.4527	0.9738	2.622
1071	0.4592	0.9712	2.880
1072	0.4569	0.9723	2.770
1073	0.4555	0.9731	2.690
1074	0.4480	0.9758	2.418
1075	0.4577	0.9719	2.812
1076	0.4418	0.9789	2.107
1077	0.4561	0.9728	2.721
1078	0.4578	0.9716	2.839
1079	0.4549	0.9731	2.694
1080	0.4444	0.9782	2.180
1081	0.4509	0.9746	2.543
1082	0.4585	0.9714	2.859
1083	0.4573	0.9722	2.776
1084	0.4550	0.9732	2.677
1085	0.4431	0.9783	2.169
1086	0.4417	0.9792	2.080
1087	0.4560	0.9726	2.737
1088	0.4523	0.9743	2.570
1089	0.4573	0.9723	2.767
1090	0.4550	0.9732	2.677
1091	0.4440	0.9777	2.230
1092	0.4550	0.9731	2.695
1093	0.4581	0.9722	2.783
1094	0.4569	0.9725	2.749
1095	0.4524	0.9743	2.571
1096	0.4529	0.9742	2.578
1097	0.4595	0.9709	2.906
1098	0.4553	0.9729	2.713
1099	0.4495	0.9751	2.491
1100	0.4585	0.9715	2.848
1101	0.4579	0.9719	2.814
1102	0.4574	0.9720	2.796
1103	0.4551	0.9726	2.739
1104	0.4568	0.9726	2.741
1105	0.4520	0.9738	2.615
1106	0.4549	0.9728	2.717
1107	0.4587	0.9716	2.840
1108	0.4569	0.9721	2.789
1109	0.4558	0.9727	2.733
1110	0.4564	0.9725	2.746
1111	0.4545	0.9733	2.670
1112	0.4565	0.9720	2.805
1113	0.4553	0.9726	2.742
1114	0.4552	0.9732	2.682
1115	0.4537	0.9735	2.647
1116	0.4573	0.9721	2.793
1117	0.4586	0.9714	2.862
1118	0.4562	0.9721	2.788
1119	0.4419	0.9791	2.091
1120	0.4417	0.9794	2.062
1121	0.4535	0.9736	2.639
1122	0.4511	0.9749	2.510
1123	0.4581	0.9722	2.782
1124	0.4558	0.9724	2.756
1125	0.4506	0.9747	2.533
1126	0.4577	0.9720	2.803
1127	0.4583	0.9713	2.868
1128	0.4523	0.9743	2.572
1129	0.4559	0.9726	2.740
1130	0.4568	0.9723	2.774
1131	0.4567	0.9726	2.735
1132	0.4556	0.9731	2.690
1133	0.4559	0.9725	2.750
1134	0.4525	0.9743	2.573
1135	0.4569	0.9721	2.789
1136	0.4576	0.9719	2.813
1137	0.4443	0.9782	2.180
1138	0.4559	0.9729	2.709
1139	0.4577	0.9720	2.802
1140	0.4573	0.9721	2.793
1141	0.4532	0.9738	2.621
1142	0.4565	0.9725	2.751
1143	0.4528	0.9742	2.577
1144	0.4549	0.9733	2.672
1145	0.4551	0.9732	2.681
1146	0.4577	0.9716	2.838
1147	0.4567	0.9726	2.739
1148	0.4547	0.9728	2.720
1149	0.4522	0.9743	2.568
1150	0.4523	0.9739	2.607
1151	0.4563	0.9725	2.746
1152	0.4559	0.9727	2.731
1153	0.4580	0.9722	2.781
1154	0.4575	0.9721	2.789
1155	0.4416	0.9792	2.077
1156	0.4569	0.9719	2.813
1157	0.4506	0.9747	2.534
1158	0.4566	0.9727	2.726
1159	0.4439	0.9777	2.229
1160	0.4536	0.9735	2.647
1161	0.4552	0.9729	2.715
1162	0.4572	0.9721	2.793
1163	0.4494	0.9751	2.491
1164	0.4591	0.9712	2.879
1165	0.4550	0.9728	2.721
1166	0.4493	0.9751	2.486
1167	0.4398	0.9799	2.010
1168	0.4510	0.9744	2.565
1169	0.4573	0.9720	2.796
1170	0.4540	0.9732	2.677
1171	0.4561	0.9721	2.788
1172	0.4565	0.9722	2.784
1173	0.4478	0.9758	2.417
1174	0.4568	0.9726	2.738
1175	0.4518	0.9738	2.615
1176	0.4534	0.9736	2.645
1177	0.4455	0.9771	2.287
1178	0.4568	0.9723	2.773
1179	0.4507	0.9746	2.544
1180	0.4416	0.9794	2.061
1181	0.4498	0.9753	2.470
1182	0.4543	0.9733	2.668
1183	0.4506	0.9746	2.544
1184	0.4533	0.9736	2.642
1185	0.4554	0.9728	2.721
1186	0.4532	0.9736	2.643
1187	0.4562	0.9728	2.720
1188	0.4429	0.9783	2.167
1189	0.4577	0.9715	2.847
1190	0.4554	0.9729	2.711
1191	0.4556	0.9726	2.738
1192	0.4416	0.9790	2.103
1193	0.4475	0.9761	2.389
1194	0.4513	0.9744	2.565
1195	0.4514	0.9748	2.519
1196	0.4417	0.9791	2.090
1197	0.4577	0.9718	2.816
1198	0.4563	0.9719	2.812
1199	0.4525	0.9744	2.559
1200	0.4556	0.9729	2.713
1201	0.4574	0.9718	2.815
1202	0.4559	0.9727	2.734
1203	0.4593	0.9709	2.907
1204	0.4583	0.9715	2.846
1205	0.4547	0.9730	2.699
1206	0.4539	0.9732	2.678
1207	0.4548	0.9730	2.697
1208	0.4547	0.9728	2.720
1209	0.4571	0.9723	2.771
1210	0.4552	0.9731	2.691
1211	0.4556	0.9724	2.758
1212	0.4580	0.9722	2.782
1213	0.4509	0.9749	2.510
1214	0.4584	0.9714	2.863
1215	0.4585	0.9716	2.839
1216	0.4567	0.9725	2.752
1217	0.4567	0.9723	2.774
1218	0.4549	0.9726	2.741
1219	0.4556	0.9727	2.733
1220	0.4570	0.9723	2.772
1221	0.4583	0.9714	2.860
1222	0.4551	0.9725	2.745
1223	0.4524	0.9738	2.624
1224	0.4547	0.9732	2.676
1225	0.4558	0.9724	2.756
1226	0.4543	0.9735	2.647
1227	0.4511	0.9745	2.552
1228	0.4567	0.9721	2.790
1229	0.4397	0.9799	2.010
1230	0.4547	0.9732	2.676
1231	0.4565	0.9725	2.746
1232	0.4566	0.9723	2.774
1233	0.4573	0.9719	2.806
1234	0.4567	0.9727	2.734
1235	0.4531	0.9736	2.642
1236	0.4579	0.9722	2.779
1237	0.4564	0.9727	2.726
1238	0.4546	0.9728	2.715
1239	0.4493	0.9751	2.491
1240	0.4550	0.9729	2.712
1241	0.4582	0.9714	2.861
1242	0.4592	0.9709	2.906
1243	0.4524	0.9738	2.621
1244	0.4567	0.9723	2.770
1245	0.4524	0.9745	2.546
1246	0.4566	0.9725	2.748
1247	0.4567	0.9719	2.810
1248	0.4574	0.9720	2.801
1249	0.4555	0.9725	2.751
1250	0.4428	0.9783	2.168
1251	0.4512	0.9744	2.559
1252	0.4492	0.9751	2.485
1253	0.4513	0.9749	2.508
1254	0.4506	0.9745	2.545
1255	0.4414	0.9792	2.080
1256	0.4551	0.9731	2.690
1257	0.4474	0.9761	2.388
1258	0.4539	0.9732	2.676
1259	0.4505	0.9746	2.542
1260	0.4576	0.9719	2.813
1261	0.4584	0.9716	2.839
1262	0.4542	0.9735	2.647
1263	0.4547	0.9730	2.699
1264	0.4569	0.9722	2.775
1265	0.4476	0.9758	2.417
1266	0.4538	0.9732	2.678
1267	0.4508	0.9749	2.508
1268	0.4578	0.9722	2.781
1269	0.4581	0.9713	2.868
1270	0.4532	0.9736	2.643
1271	0.4508	0.9744	2.564
1272	0.4565	0.9727	2.735
1273	0.4440	0.9782	2.180
1274	0.4573	0.9721	2.790
1275	0.4560	0.9728	2.720
1276	0.4566	0.9722	2.775
1277	0.4549	0.9732	2.678
1278	0.4576	0.9715	2.845
1279	0.4557	0.9724	2.756
1280	0.4532	0.9736	2.638
1281	0.4414	0.9789	2.107
1282	0.4415	0.9791	2.094
1283	0.4525	0.9742	2.581
1284	0.4583	0.9714	2.863
1285	0.4553	0.9731	2.691
1286	0.4575	0.9716	2.840
1287	0.4588	0.9712	2.879
1288	0.4570	0.9720	2.795
1289	0.4560	0.9725	2.747
1290	0.4561	0.9719	2.805
1291	0.4573	0.9719	2.812
1292	0.4557	0.9727	2.726
1293	0.4569	0.9721	2.793
1294	0.4436	0.9777	2.230
1295	0.4552	0.9728	2.722
1296	0.4496	0.9753	2.467
1297	0.4570	0.9721	2.793
1298	0.4516	0.9739	2.615
1299	0.4556	0.9726	2.737
1300	0.4556	0.9725	2.752
1301	0.4534	0.9735	2.646
1302	0.4555	0.9726	2.741
1303	0.4503	0.9747	2.533
1304	0.4546	0.9732	2.676
1305	0.4541	0.9733	2.668
1306	0.4554	0.9728	2.715
1307	0.4581	0.9715	2.848
1308	0.4554	0.9726	2.738
1309	0.4555	0.9729	2.708
1310	0.4453	0.9771	2.286
1311	0.4529	0.9738	2.625
1312	0.4554	0.9727	2.734
1313	0.4549	0.9725	2.746
1314	0.4413	0.9794	2.061
1315	0.4522	0.9743	2.574
1316	0.4547	0.9726	2.743
1317	0.4543	0.9727	2.726
1318	0.4545	0.9730	2.698
1319	0.4569	0.9723	2.769
1320	0.4547	0.9728	2.720
1321	0.4562	0.9725	2.754
1322	0.4519	0.9743	2.571
1323	0.4552	0.9729	2.709
1324	0.4562	0.9722	2.783
1325	0.4519	0.9743	2.573
1326	0.4509	0.9745	2.554
1327	0.4520	0.9739	2.605
1328	0.4558	0.9721	2.789
1329	0.4574	0.9716	2.840
1330	0.4472	0.9761	2.387
1331	0.4573	0.9719	2.805
1332	0.4529	0.9738	2.625
1333	0.4565	0.9725	2.752
1334	0.4436	0.9777	2.233
1335	0.4519	0.9743	2.572
1336	0.4555	0.9726	2.736
1337	0.4511	0.9749	2.510
1338	0.4553	0.9726	2.740
1339	0.4548	0.9732	2.679
1340	0.4579	0.9713	2.868
1341	0.4577	0.9722	2.781
1342	0.4550	0.9731	2.689
1343	0.4559	0.9725	2.746
1344	0.4555	0.9725	2.750
1345	0.4549	0.9726	2.744
1346	0.4504	0.9746	2.544
1347	0.4562	0.9727	2.729
1348	0.4521	0.9743	2.572
1349	0.4474	0.9758	2.416
1350	0.4565	0.9726	2.736
1351	0.4568	0.9721	2.792
1352	0.4561	0.9725	2.751
1353	0.4551	0.9728	2.724
1354	0.4518	0.9743	2.568
1355	0.4554	0.9726	2.739
1356	0.4571	0.9720	2.805
1357	0.4564	0.9721	2.787
1358	0.4563	0.9726	2.735
1359	0.4571	0.9721	2.788
1360	0.4542	0.9728	2.719
1361	0.4574	0.9719	2.813
1362	0.4571	0.9719	2.810
1363	0.4580	0.9716	2.845
1364	0.4567	0.9723	2.773
1365	0.4540	0.9733	2.668
1366	0.4540	0.9735	2.646
1367	0.4565	0.9723	2.766
1368	0.4582	0.9716	2.843
1369	0.4426	0.9783	2.168
1370	0.4528	0.9736	2.641
1371	0.4510	0.9744	2.559
1372	0.4532	0.9735	2.647
1373	0.4580	0.9714	2.861
1374	0.4519	0.9739	2.608
1375	0.4501	0.9747	2.533
1376	0.4587	0.9712	2.879
1377	0.4536	0.9732	2.678
1378	0.4412	0.9794	2.062
1379	0.4553	0.9725	2.753
1380	0.4506	0.9749	2.508
1381	0.4561	0.9722	2.783
1382	0.4523	0.9742	2.577
1383	0.4438	0.9782	2.180
1384	0.4543	0.9730	2.697
1385	0.4394	0.9799	2.010
1386	0.4560	0.9719	2.806
1387	0.4451	0.9771	2.287
1388	0.4567	0.9723	2.769
1389	0.4530	0.9735	2.646
1390	0.4548	0.9729	2.713
1391	0.4505	0.9743	2.566
1392	0.4574	0.9716	2.844
1393	0.4555	0.9727	2.731
1394	0.4551	0.9729	2.709
1395	0.4536	0.9732	2.678
1396	0.4489	0.9751	2.493
1397	0.4557	0.9728	2.720
1398	0.4564	0.9722	2.777
1399	0.4544	0.9732	2.676
1400	0.4546	0.9728	2.720
1401	0.4521	0.9745	2.549
1402	0.4514	0.9738	2.615
1403	0.4489	0.9751	2.487
1404	0.4413	0.9791	2.094
1405	0.4589	0.9709	2.907
1406	0.4568	0.9720	2.796
1407	0.4412	0.9789	2.105
1408	0.4563	0.9723	2.771
1409	0.4562	0.9725	2.746
1410	0.4552	0.9727	2.732
1411	0.4410	0.9792	2.077
1412	0.4508	0.9745	2.554
1413	0.4564	0.9719	2.813
1414	0.4568	0.9721	2.792
1415	0.4544	0.9731	2.695
1416	0.4556	0.9721	2.788
1417	0.4544	0.9732	2.677
1418	0.4543	0.9728	2.717
1419	0.4575	0.9722	2.783
1420	0.4554	0.9725	2.754
1421	0.4552	0.9729	2.714
1422	0.4551	0.9731	2.690
1423	0.4494	0.9753	2.467
1424	0.4529	0.9736	2.639
1425	0.4501	0.9746	2.544
1426	0.4520	0.9738	2.625
1427	0.4553	0.9729	2.708
1428	0.4545	0.9726	2.741
1429	0.4580	0.9714	2.862
1430	0.4570	0.9719	2.808
1431	0.4527	0.9736	2.641
1432	0.4580	0.9714	2.862
1433	0.4434	0.9777	2.233
1434	0.4571	0.9720	2.803
1435	0.4507	0.9745	2.553
1436	0.4509	0.9744	2.561
1437	0.4545	0.9728	2.720
1438	0.4567	0.9721	2.791
1439	0.4500	0.9747	2.533
1440	0.4554	0.9725	2.754
1441	0.4566	0.9723	2.772
1442	0.4568	0.9721	2.792
1443	0.4528	0.9736	2.637
1444	0.4519	0.9743	2.570
1445	0.4450	0.9771	2.285
1446	0.4520	0.9745	2.549
1447	0.4558	0.9720	2.805
1448	0.4437	0.9782	2.179
1449	0.4563	0.9723	2.775
1450	0.4534	0.9732	2.678
1451	0.4410	0.9794	2.061
1452	0.4550	0.9730	2.698
1453	0.4470	0.9761	2.387
1454	0.4545	0.9726	2.740
1455	0.4563	0.9722	2.780
1456	0.4556	0.9728	2.720
1457	0.4505	0.9749	2.511
1458	0.4539	0.9735	2.645
1459	0.4585	0.9712	2.881
1460	0.4546	0.9729	2.713
1461	0.4488	0.9751	2.494
1462	0.4409	0.9792	2.077
1463	0.4522	0.9742	2.578
1464	0.4588	0.9709	2.907
1465	0.4578	0.9714	2.858
1466	0.4545	0.9732	2.678
1467	0.4572	0.9716	2.845
1468	0.4552	0.9725	2.751
1469	0.4542	0.9728	2.719
1470	0.4516	0.9743	2.571
1471	0.4555	0.9721	2.788
1472	0.4493	0.9753	2.469
1473	0.4552	0.9726	2.740
1474	0.4392	0.9799	2.008
1475	0.4503	0.9743	2.566
1476	0.4517	0.9739	2.605
1477	0.4563	0.9719	2.813
1478	0.4411	0.9791	2.090
1479	0.4501	0.9746	2.542
1480	0.4549	0.9729	2.712
1481	0.4543	0.9730	2.696
1482	0.4528	0.9736	2.643
1483	0.4571	0.9716	2.841
1484	0.4553	0.9727	2.732
1485	0.4561	0.9726	2.743
1486	0.4500	0.9746	2.543
1487	0.4574	0.9722	2.785
1488	0.4565	0.9723	2.767
1489	0.4557	0.9725	2.751
1490	0.4530	0.9735	2.647
1491	0.4542	0.9732	2.678
1492	0.4550	0.9726	2.737
1493	0.4548	0.9728	2.721
1494	0.4423	0.9783	2.168
1495	0.4526	0.9737	2.626
1496	0.4542	0.9733	2.674
1497	0.4487	0.9751	2.488
1498	0.4560	0.9727	2.731
1499	0.4534	0.9732	2.677
1500	0.4559	0.9725	2.753
1501	0.4577	0.9715	2.847
1502	0.4552	0.9729	2.708
1503	0.4569	0.9719	2.810
1504	0.4560	0.9725	2.746
1505	0.4550	0.9729	2.713
1506	0.4562	0.9726	2.739
1507	0.4519	0.9738	2.622
1508	0.4574	0.9722	2.781
1509	0.4540	0.9728	2.723
1510	0.4546	0.9731	2.688
1511	0.4561	0.9721	2.789
1512	0.4512	0.9738	2.615
1513	0.4516	0.9743	2.572
1514	0.4508	0.9749	2.509
1515	0.4541	0.9731	2.694
1516	0.4561	0.9723	2.773
1517	0.4568	0.9721	2.789
1518	0.4410	0.9789	2.107
1519	0.4471	0.9758	2.416
1520	0.4537	0.9733	2.668
1521	0.4558	0.9722	2.781
1522	0.4571	0.9719	2.811
1523	0.4561	0.9725	2.751
1524	0.4550	0.9725	2.752
1525	0.4552	0.9727	2.730
1526	0.4545	0.9726	2.743
1527	0.4576	0.9713	2.866
1528	0.4579	0.9716	2.840
1529	0.4566	0.9721	2.795
1530	0.4550	0.9727	2.732
1531	0.4564	0.9723	2.774
1532	0.4550	0.9727	2.734
1533	0.4565	0.9721	2.791
1534	0.4525	0.9738	2.619
1535	0.4577	0.9716	2.843
1536	0.4558	0.9722	2.778
1537	0.4539	0.9728	2.718
1538	0.4576	0.9714	2.865
1539	0.4487	0.9752	2.484
1540	0.4499	0.9747	2.532
1541	0.4558	0.9727	2.726
1542	0.4423	0.9783	2.168
1543	0.4551	0.9725	2.747
1544	0.4432	0.9777	2.228
1545	0.4525	0.9736	2.642
1546	0.4515	0.9743	2.570
1547	0.4550	0.9727	2.732
1548	0.4409	0.9789	2.107
1549	0.4553	0.9721	2.787
1550	0.4545	0.9726	2.743
1551	0.4560	0.9723	2.773
1552	0.4556	0.9719	2.806
1553	0.4566	0.9721	2.791
1554	0.4498	0.9747	2.533
1555	0.4410	0.9791	2.088
1556	0.4551	0.9726	2.739
1557	0.4468	0.9761	2.387
1558	0.4515	0.9740	2.605
1559	0.4561	0.9721	2.791
1560	0.4559	0.9726	2.738
1561	0.4514	0.9743	2.568
1562	0.4540	0.9728	2.715
1563	0.4543	0.9732	2.680
1564	0.4549	0.9729	2.712
1565	0.4407	0.9792	2.080
1566	0.4543	0.9728	2.719
1567	0.4557	0.9725	2.753
1568	0.4435	0.9782	2.179
1569	0.4502	0.9743	2.566
1570	0.4573	0.9722	2.782
1571	0.4540	0.9730	2.696
1572	0.4520	0.9742	2.580
1573	0.4586	0.9709	2.906
1574	0.4577	0.9714	2.862
1575	0.4567	0.9721	2.789
1576	0.4470	0.9759	2.415
1577	0.4578	0.9716	2.838
1578	0.4551	0.9727	2.729
1579	0.4548	0.9731	2.690
1580	0.4549	0.9725	2.752
1581	0.4540	0.9732	2.676
1582	0.4568	0.9720	2.802
1583	0.4486	0.9751	2.490
1584	0.4408	0.9794	2.060
1585	0.4569	0.9719	2.813
1586	0.4506	0.9749	2.510
1587	0.4526	0.9736	2.643
1588	0.4540	0.9732	2.676
1589	0.4544	0.9729	2.712
1590	0.4554	0.9728	2.719
1591	0.4566	0.9719	2.807
1592	0.4561	0.9719	2.810
1593	0.4555	0.9726	2.744
1594	0.4502	0.9750	2.504
1595	0.4575	0.9714	2.860
1596	0.4569	0.9716	2.837
1597	0.4570	0.9716	2.844
1598	0.4567	0.9719	2.811
1599	0.4390	0.9799	2.009
1600	0.4560	0.9723	2.774
1601	0.4547	0.9729	2.707
1602	0.4447	0.9771	2.286
1603	0.4490	0.9753	2.466
1604	0.4546	0.9728	2.720
1605	0.4532	0.9733	2.675
1606	0.4582	0.9712	2.877
1607	0.4563	0.9723	2.765
1608	0.4558	0.9726	2.743
1609	0.4550	0.9725	2.752
1610	0.4564	0.9720	2.796
1611	0.4560	0.9726	2.738
1612	0.4550	0.9729	2.706
1613	0.4505	0.9744	2.560
1614	0.4517	0.9738	2.619
1615	0.4499	0.9746	2.544
1616	0.4535	0.9733	2.670
1617	0.4544	0.9731	2.691
1618	0.4516	0.9743	2.572
1619	0.4542	0.9726	2.737
1620	0.4571	0.9722	2.781
1621	0.4560	0.9723	2.768
1622	0.4550	0.9727	2.729
1623	0.4504	0.9745	2.553
1624	0.4516	0.9746	2.542
1625	0.4531	0.9732	2.679
1626	0.4559	0.9725	2.749
1627	0.4540	0.9730	2.696
1628	0.4535	0.9735	2.646
1629	0.4525	0.9737	2.632
1630	0.4528	0.9735	2.648
1631	0.4510	0.9739	2.611
1632	0.4556	0.9725	2.749
1633	0.4575	0.9714	2.861
1634	0.4408	0.9789	2.107
1635	0.4390	0.9799	2.009
1636	0.4539	0.9732	2.677
1637	0.4562	0.9723	2.767
1638	0.4559	0.9725	2.750
1639	0.4525	0.9737	2.634
1640	0.4531	0.9733	2.674
1641	0.4484	0.9751	2.485
1642	0.4543	0.9726	2.744
1643	0.4518	0.9742	2.577
1644	0.4550	0.9725	2.752
1645	0.4576	0.9716	2.839
1646	0.4581	0.9712	2.879
1647	0.4447	0.9771	2.286
1648	0.4514	0.9739	2.605
1649	0.4542	0.9732	2.679
1650	0.4547	0.9726	2.738
1651	0.4558	0.9727	2.734
1652	0.4549	0.9725	2.749
1653	0.4548	0.9725	2.752
1654	0.4535	0.9735	2.645
1655	0.4539	0.9733	2.672
1656	0.4498	0.9746	2.544
1657	0.4562	0.9721	2.791
1658	0.4574	0.9716	2.844
1659	0.4559	0.9726	2.737
1660	0.4430	0.9777	2.228
1661	0.4409	0.9791	2.088
1662	0.4504	0.9744	2.561
1663	0.4568	0.9719	2.811
1664	0.4522	0.9738	2.621
1665	0.4538	0.9731	2.694
1666	0.4553	0.9725	2.746
1667	0.4541	0.9726	2.740
1668	0.4505	0.9749	2.509
1669	0.4516	0.9745	2.546
1670	0.4534	0.9733	2.669
1671	0.4568	0.9716	2.844
1672	0.4539	0.9730	2.696
1673	0.4542	0.9729	2.712
1674	0.4512	0.9743	2.566
1675	0.4548	0.9729	2.707
1676	0.4573	0.9713	2.867
1677	0.4559	0.9723	2.772
1678	0.4566	0.9720	2.801
1679	0.4524	0.9736	2.641
1680	0.4545	0.9729	2.708
1681	0.4567	0.9717	2.831
1682	0.4541	0.9728	2.718
1683	0.4501	0.9750	2.504
1684	0.4549	0.9727	2.730
1685	0.4515	0.9743	2.572
1686	0.4548	0.9726	2.739
1687	0.4503	0.9745	2.552
1688	0.4570	0.9722	2.781
1689	0.4547	0.9729	2.709
1690	0.4497	0.9746	2.537
1691	0.4406	0.9794	2.060
1692	0.4543	0.9731	2.689
1693	0.4433	0.9782	2.179
1694	0.4556	0.9727	2.731
1695	0.4558	0.9723	2.773
1696	0.4558	0.9723	2.774
1697	0.4552	0.9728	2.718
1698	0.4466	0.9761	2.386
1699	0.4549	0.9728	2.721
1700	0.4420	0.9783	2.168
1701	0.4489	0.9753	2.466
1702	0.4559	0.9719	2.811
1703	0.4515	0.9738	2.621
1704	0.4529	0.9732	2.677
1705	0.4554	0.9720	2.804
1706	0.4522	0.9736	2.643
1707	0.4484	0.9751	2.489
1708	0.4536	0.9728	2.721
1709	0.4545	0.9731	2.690
1710	0.4544	0.9728	2.722
1711	0.4564	0.9719	2.806
1712	0.4584	0.9709	2.906
1713	0.4537	0.9729	2.715
1714	0.4467	0.9758	2.416
1715	0.4512	0.9743	2.572
1716	0.4405	0.9792	2.080
1717	0.4563	0.9721	2.792
1718	0.4560	0.9723	2.770
1719	0.4556	0.9726	2.743
1720	0.4569	0.9722	2.782
1721	0.4562	0.9720	2.797
1722	0.4550	0.9721	2.787
1723	0.4526	0.9735	2.646
1724	0.4495	0.9747	2.532
1725	0.4574	0.9714	2.861
1726	0.4546	0.9727	2.732
1727	0.4565	0.9719	2.811
1728	0.4499	0.9744	2.562
1729	0.4508	0.9738	2.615
1730	0.4564	0.9721	2.786
1731	0.4557	0.9721	2.790
1732	0.4554	0.9722	2.782
1733	0.4564	0.9719	2.810
1734	0.4538	0.9733	2.673
1735	0.4508	0.9738	2.615
1736	0.4546	0.9729	2.711
1737	0.4572	0.9713	2.866
1738	0.4514	0.9745	2.549
1739	0.4546	0.9726	2.738
1740	0.4574	0.9714	2.860
1741	0.4539	0.9726	2.741
1742	0.4540	0.9732	2.679
1743	0.4533	0.9733	2.668
1744	0.4573	0.9715	2.847
1745	0.4558	0.9719	2.810
1746	0.4497	0.9746	2.541
1747	0.4482	0.9751	2.485
1748	0.4488	0.9753	2.468
1749	0.4528	0.9733	2.675
1750	0.4521	0.9736	2.639
1751	0.4511	0.9743	2.572
1752	0.4536	0.9728	2.717
1753	0.4546	0.9725	2.755
1754	0.4535	0.9728	2.721
1755	0.4533	0.9735	2.647
1756	0.4498	0.9744	2.563
1757	0.4494	0.9747	2.532
1758	0.4561	0.9721	2.790
1759	0.4404	0.9792	2.079
1760	0.4406	0.9791	2.092
1761	0.4562	0.9720	2.796
1762	0.4579	0.9712	2.879
1763	0.4499	0.9749	2.509
1764	0.4557	0.9723	2.771
1765	0.4557	0.9725	2.752
1766	0.4557	0.9723	2.773
1767	0.4514	0.9738	2.620
1768	0.4563	0.9721	2.787
1769	0.4427	0.9777	2.232
1770	0.4464	0.9761	2.386
1771	0.4547	0.9726	2.739
1772	0.4565	0.9720	2.804
1773	0.4520	0.9738	2.624
1774	0.4539	0.9728	2.721
1775	0.4540	0.9729	2.712
1776	0.4559	0.9723	2.773
1777	0.4387	0.9799	2.009
1778	0.4547	0.9725	2.753
1779	0.4569	0.9722	2.781
1780	0.4557	0.9726	2.737
1781	0.4543	0.9728	2.721
1782	0.4554	0.9727	2.731
1783	0.4482	0.9751	2.489
1784	0.4543	0.9729	2.706
1785	0.4522	0.9736	2.643
1786	0.4560	0.9723	2.766
1787	0.4553	0.9722	2.781
1788	0.4561	0.9721	2.790
1789	0.4555	0.9726	2.736
1790	0.4546	0.9726	2.738
1791	0.4545	0.9727	2.732
1792	0.4547	0.9728	2.719
1793	0.4405	0.9789	2.107
1794	0.4513	0.9743	2.572
1795	0.4537	0.9730	2.696
1796	0.4431	0.9782	2.180
1797	0.4544	0.9731	2.691
1798	0.4502	0.9749	2.508
1799	0.4574	0.9716	2.837
1800	0.4536	0.9732	2.676
1801	0.4546	0.9729	2.708
1802	0.4510	0.9743	2.567
1803	0.4572	0.9714	2.861
1804	0.4502	0.9744	2.561
1805	0.4562	0.9720	2.804
1806	0.4556	0.9722	2.783
1807	0.4541	0.9731	2.691
1808	0.4556	0.9723	2.771
1809	0.4418	0.9783	2.168
1810	0.4582	0.9710	2.904
1811	0.4528	0.9733	2.673
1812	0.4540	0.9726	2.744
1813	0.4494	0.9746	2.537
1814	0.4522	0.9737	2.634
1815	0.4566	0.9716	2.843
1816	0.4564	0.9716	2.835
1817	0.4404	0.9794	2.060
1818	0.4550	0.9725	2.748
1819	0.4443	0.9771	2.286
1820	0.4511	0.9740	2.604
1821	0.4549	0.9728	2.720
1822	0.4535	0.9731	2.695
1823	0.4515	0.9742	2.577
1824	0.4548	0.9721	2.788
1825	0.4552	0.9725	2.751
1826	0.4500	0.9745	2.552
1827	0.4565	0.9719	2.812
1828	0.4567	0.9722	2.781
1829	0.4524	0.9736	2.644
1830	0.4546	0.9725	2.750
1831	0.4465	0.9758	2.416
1832	0.4554	0.9725	2.745
1833	0.4551	0.9720	2.804
1834	0.4560	0.9721	2.792
1835	0.4549	0.9728	2.718
1836	0.4502	0.9749	2.507
1837	0.4555	0.9721	2.786
1838	0.4506	0.9739	2.613
1839	0.4404	0.9789	2.107
1840	0.4555	0.9723	2.774
1841	0.4463	0.9761	2.386
1842	0.4562	0.9719	2.806
1843	0.4543	0.9731	2.688
1844	0.4521	0.9736	2.640
1845	0.4546	0.9728	2.719
1846	0.4542	0.9729	2.707
1847	0.4555	0.9725	2.748
1848	0.4430	0.9782	2.181
1849	0.4536	0.9731	2.695
1850	0.4545	0.9725	2.750
1851	0.4480	0.9751	2.487
1852	0.4535	0.9733	2.673
1853	0.4552	0.9725	2.749
1854	0.4514	0.9742	2.578
1855	0.4540	0.9731	2.690
1856	0.4555	0.9723	2.772
1857	0.4486	0.9754	2.462
1858	0.4499	0.9745	2.554
1859	0.4563	0.9720	2.803
1860	0.4426	0.9777	2.228
1861	0.4534	0.9731	2.694
1862	0.4564	0.9719	2.812
1863	0.4571	0.9716	2.845
1864	0.4443	0.9771	2.287
1865	0.4565	0.9716	2.843
1866	0.4403	0.9794	2.059
1867	0.4545	0.9729	2.709
1868	0.4552	0.9727	2.730
1869	0.4509	0.9743	2.571
1870	0.4553	0.9726	2.741
1871	0.4544	0.9727	2.732
1872	0.4518	0.9738	2.618
1873	0.4530	0.9733	2.670
1874	0.4570	0.9714	2.861
1875	0.4545	0.9727	2.730
1876	0.4553	0.9726	2.737
1877	0.4496	0.9744	2.563
1878	0.4501	0.9744	2.560
1879	0.4543	0.9729	2.710
1880	0.4547	0.9721	2.786
1881	0.4527	0.9733	2.674
1882	0.4567	0.9722	2.780
1883	0.4492	0.9747	2.533
1884	0.4580	0.9709	2.906
1885	0.4563	0.9717	2.834
1886	0.4494	0.9746	2.543
1887	0.4537	0.9732	2.679
1888	0.4577	0.9712	2.879
1889	0.4532	0.9728	2.721
1890	0.4512	0.9738	2.621
1891	0.4561	0.9721	2.787
1892	0.4550	0.9720	2.804
1893	0.4541	0.9728	2.723
1894	0.4558	0.9723	2.767
1895	0.4536	0.9726	2.739
1896	0.4508	0.9743	2.569
1897	0.4385	0.9799	2.008
1898	0.4537	0.9728	2.721
1899	0.4511	0.9743	2.570
1900	0.4509	0.9740	2.604
1901	0.4464	0.9759	2.414
1902	0.4559	0.9720	2.795
1903	0.4558	0.9721	2.791
1904	0.4557	0.9723	2.770
1905	0.4551	0.9722	2.782
1906	0.4518	0.9736	2.642
1907	0.4496	0.9749	2.506
1908	0.4554	0.9723	2.773
1909	0.4538	0.9726	2.744
1910	0.4572	0.9716	2.839
1911	0.4480	0.9751	2.490
1912	0.4401	0.9792	2.079
1913	0.4571	0.9714	2.862
1914	0.4530	0.9735	2.647
1915	0.4534	0.9733	2.675
1916	0.4555	0.9719	2.811
1917	0.4568	0.9713	2.867
1918	0.4566	0.9722	2.782
1919	0.4545	0.9725	2.752
1920	0.4416	0.9783	2.168
1921	0.4403	0.9791	2.089
1922	0.4537	0.9729	2.712
1923	0.4561	0.9719	2.810
1924	0.4543	0.9725	2.752
1925	0.4511	0.9745	2.548
1926	0.4542	0.9726	2.738
1927	0.4525	0.9732	2.676
1928	0.4519	0.9736	2.638
1929	0.4548	0.9725	2.748
1930	0.4544	0.9726	2.738
1931	0.4522	0.9735	2.646
1932	0.4492	0.9746	2.543
1933	0.4533	0.9728	2.717
1934	0.4554	0.9726	2.739
1935	0.4553	0.9723	2.772
1936	0.4571	0.9716	2.839
1937	0.4553	0.9721	2.788
1938	0.4402	0.9789	2.107
1939	0.4540	0.9729	2.707
1940	0.4557	0.9721	2.790
1941	0.4540	0.9728	2.721
1942	0.4558	0.9721	2.790
1943	0.4542	0.9729	2.710
1944	0.4562	0.9716	2.837
1945	0.4551	0.9727	2.731
1946	0.4529	0.9733	2.668
1947	0.4552	0.9726	2.743
1948	0.4504	0.9739	2.615
1949	0.4508	0.9740	2.604
1950	0.4563	0.9715	2.845
1951	0.4570	0.9714	2.860
1952	0.4519	0.9736	2.642
1953	0.4561	0.9720	2.801
1954	0.4533	0.9732	2.677
1955	0.4544	0.9725	2.752
1956	0.4554	0.9719	2.812
1957	0.4560	0.9719	2.811
1958	0.4498	0.9745	2.551
1959	0.4544	0.9728	2.720
1960	0.4531	0.9728	2.720
1961	0.4556	0.9723	2.766
1962	0.4534	0.9730	2.695
1963	0.4400	0.9792	2.078
1964	0.4562	0.9719	2.812
1965	0.4461	0.9762	2.383
1966	0.4532	0.9731	2.694
1967	0.4579	0.9709	2.906
1968	0.4521	0.9736	2.645
1969	0.4491	0.9746	2.541
1970	0.4550	0.9722	2.782
1971	0.4543	0.9725	2.750
1972	0.4543	0.9729	2.708
1973	0.4529	0.9736	2.645
1974	0.4490	0.9747	2.531
1975	0.4479	0.9751	2.489
1976	0.4533	0.9733	2.673
1977	0.4483	0.9753	2.465
1978	0.4553	0.9723	2.771
1979	0.4383	0.9799	2.007
1980	0.4541	0.9726	2.738
1981	0.4517	0.9736	2.641
1982	0.4509	0.9743	2.570
1983	0.4414	0.9783	2.168
1984	0.4568	0.9714	2.859
1985	0.4524	0.9732	2.676
1986	0.4535	0.9728	2.720
1987	0.4512	0.9742	2.578
1988	0.4423	0.9777	2.230
1989	0.4551	0.9726	2.741
1990	0.4541	0.9724	2.755
1991	0.4545	0.9721	2.788
1992	0.4553	0.9723	2.775
1993	0.4499	0.9749	2.511
1994	0.4543	0.9727	2.734
1995	0.4507	0.9743	2.571
1996	0.4568	0.9716	2.845
1997	0.4564	0.9722	2.781
1998	0.4542	0.9726	2.739
1999	0.4565	0.9722	2.780
