0	0.4127	0.9721	2.785
1	0.4109	0.9730	2.701
2	0.4132	0.9724	2.761
3	0.3991	0.9778	2.215
4	0.4101	0.9730	2.705
5	0.4111	0.9730	2.698
6	0.4124	0.9724	2.760
7	0.4045	0.9753	2.468
8	0.4133	0.9718	2.823
9	0.4134	0.9720	2.805
10	0.4111	0.9723	2.768
11	0.4122	0.9726	2.741
12	0.4117	0.9728	2.718
13	0.4109	0.9733	2.675
14	0.4088	0.9738	2.622
15	0.4069	0.9743	2.573
16	0.4119	0.9726	2.740
17	0.4119	0.9728	2.723
18	0.3969	0.9796	2.041
19	0.4116	0.9724	2.761
20	0.4128	0.9720	2.803
21	0.4099	0.9736	2.642
22	0.4058	0.9749	2.511
23	0.4079	0.9746	2.542
24	0.4119	0.9728	2.717
25	0.4105	0.9734	2.664
26	0.4115	0.9722	2.782
27	0.4105	0.9731	2.694
28	0.4125	0.9724	2.762
29	0.4098	0.9735	2.652
30	0.4008	0.9774	2.256
31	0.4111	0.9729	2.708
32	0.4126	0.9722	2.778
33	0.4107	0.9735	2.653
34	0.4119	0.9726	2.735
35	0.4076	0.9747	2.535
36	0.4108	0.9730	2.696
37	0.3982	0.9785	2.148
38	0.4119	0.9729	2.713
39	0.4141	0.9717	2.829
40	0.4057	0.9749	2.506
41	0.4131	0.9725	2.752
42	0.4050	0.9755	2.445
43	0.4113	0.9731	2.694
44	0.4060	0.9748	2.524
45	0.4098	0.9732	2.683
46	0.4097	0.9732	2.676
47	0.3994	0.9784	2.165
48	0.4027	0.9765	2.353
49	0.4118	0.9729	2.713
50	0.4113	0.9729	2.708
51	0.4095	0.9739	2.611
52	0.4110	0.9728	2.724
53	0.4077	0.9741	2.595
54	0.4102	0.9733	2.675
55	0.4102	0.9734	2.657
56	0.4007	0.9774	2.256
57	0.4124	0.9723	2.774
58	0.4073	0.9747	2.532
59	0.4045	0.9754	2.461
60	0.4134	0.9717	2.830
61	0.4110	0.9729	2.708
62	0.4132	0.9718	2.824
63	0.4099	0.9736	2.643
64	0.4078	0.9746	2.541
65	0.4101	0.9730	2.704
66	0.4084	0.9739	2.611
67	0.4145	0.9711	2.885
68	0.4118	0.9727	2.726
69	0.4076	0.9749	2.514
70	0.4124	0.9724	2.761
71	0.4119	0.9728	2.723
72	0.3968	0.9794	2.058
73	0.4127	0.9722	2.778
74	0.4111	0.9723	2.768
75	0.4119	0.9729	2.715
76	0.4128	0.9723	2.775
77	0.4121	0.9727	2.733
78	0.4076	0.9740	2.595
79	0.4116	0.9727	2.728
80	0.4063	0.9748	2.518
81	0.4119	0.9726	2.743
82	0.4061	0.9752	2.475
83	0.4097	0.9735	2.653
84	0.4114	0.9722	2.781
85	0.4098	0.9732	2.683
86	0.4057	0.9749	2.509
87	0.4045	0.9753	2.469
88	0.4116	0.9724	2.761
89	0.4112	0.9731	2.694
90	0.4118	0.9726	2.741
91	0.4073	0.9747	2.534
92	0.4110	0.9730	2.697
93	0.4074	0.9742	2.579
94	0.4102	0.9733	2.673
95	0.4097	0.9732	2.675
96	0.4105	0.9732	2.681
97	0.4108	0.9733	2.674
98	0.4125	0.9724	2.761
99	0.4119	0.9723	2.769
100	0.4107	0.9730	2.697
101	0.4083	0.9739	2.609
102	0.4099	0.9735	2.647
103	0.4119	0.9727	2.735
104	0.4118	0.9728	2.715
105	0.4050	0.9756	2.445
106	0.4029	0.9760	2.397
107	0.4069	0.9743	2.575
108	0.4064	0.9748	2.523
109	0.3990	0.9778	2.216
110	0.4106	0.9734	2.664
111	0.4117	0.9728	2.717
112	0.4099	0.9736	2.642
113	0.4056	0.9749	2.507
114	0.4095	0.9739	2.611
115	0.3968	0.9796	2.041
116	0.4107	0.9730	2.697
117	0.4113	0.9729	2.708
118	0.3970	0.9794	2.059
119	0.4102	0.9734	2.655
120	0.4131	0.9724	2.762
121	0.4136	0.9718	2.821
122	0.4121	0.9726	2.741
123	0.4108	0.9730	2.697
124	0.4135	0.9718	2.821
125	0.4105	0.9731	2.693
126	0.3982	0.9785	2.147
127	0.4060	0.9748	2.523
128	0.4122	0.9724	2.761
129	0.4140	0.9717	2.831
130	0.4090	0.9735	2.652
131	0.4094	0.9735	2.652
132	0.4082	0.9741	2.586
133	0.4125	0.9722	2.778
134	0.3994	0.9783	2.165
135	0.4125	0.9723	2.772
136	0.4134	0.9719	2.806
137	0.4065	0.9752	2.478
138	0.4106	0.9735	2.653
139	0.4101	0.9730	2.704
140	0.4087	0.9738	2.623
141	0.4107	0.9728	2.722
142	0.4128	0.9720	2.804
143	0.4057	0.9749	2.514
144	0.4085	0.9739	2.606
145	0.4091	0.9735	2.651
146	0.4102	0.9729	2.712
147	0.4104	0.9734	2.664
148	0.4075	0.9746	2.537
149	0.4110	0.9728	2.724
150	0.4108	0.9730	2.701
151	0.4119	0.9728	2.717
152	0.4127	0.9721	2.786
153	0.4131	0.9725	2.752
154	0.3951	0.9801	1.986
155	0.4027	0.9765	2.353
156	0.3969	0.9792	2.082
157	0.4131	0.9724	2.762
158	0.4114	0.9722	2.781
159	0.3969	0.9792	2.082
160	0.4101	0.9730	2.703
161	0.4065	0.9752	2.478
162	0.4121	0.9726	2.742
163	0.4028	0.9760	2.397
164	0.4118	0.9726	2.743
165	0.4049	0.9755	2.446
166	0.4096	0.9732	2.677
167	0.4082	0.9739	2.607
168	0.4106	0.9735	2.652
169	0.4119	0.9723	2.772
170	0.4104	0.9734	2.664
171	0.4073	0.9742	2.580
172	0.4072	0.9747	2.532
173	0.4119	0.9726	2.736
174	0.4059	0.9748	2.524
175	0.4110	0.9728	2.724
176	0.4083	0.9739	2.611
177	0.4125	0.9724	2.763
178	0.4085	0.9739	2.605
179	0.4132	0.9718	2.822
180	0.4098	0.9736	2.644
181	0.4107	0.9730	2.699
182	0.3981	0.9785	2.147
183	0.3990	0.9778	2.215
184	0.4115	0.9724	2.762
185	0.4060	0.9753	2.475
186	0.4118	0.9729	2.712
187	0.4121	0.9727	2.733
188	0.3967	0.9794	2.057
189	0.4110	0.9729	2.707
190	0.4027	0.9765	2.354
191	0.4105	0.9732	2.682
192	0.4044	0.9754	2.462
193	0.4126	0.9722	2.778
194	0.4106	0.9730	2.698
195	0.4094	0.9739	2.611
196	0.3968	0.9796	2.041
197	0.4116	0.9727	2.727
198	0.3993	0.9784	2.164
199	0.4087	0.9738	2.623
200	0.4136	0.9718	2.821
201	0.4126	0.9721	2.788
202	0.4144	0.9711	2.886
203	0.4101	0.9734	2.656
204	0.4134	0.9718	2.823
205	0.4117	0.9729	2.714
206	0.4089	0.9735	2.652
207	0.4057	0.9749	2.515
208	0.4098	0.9735	2.647
209	0.3950	0.9801	1.986
210	0.4123	0.9723	2.774
211	0.4125	0.9722	2.782
212	0.4107	0.9730	2.697
213	0.4108	0.9730	2.704
214	0.4073	0.9746	2.537
215	0.4097	0.9734	2.655
216	0.4108	0.9732	2.675
217	0.4097	0.9732	2.682
218	0.4112	0.9729	2.709
219	0.4094	0.9735	2.651
220	0.4118	0.9728	2.721
221	0.4098	0.9736	2.644
222	0.4127	0.9720	2.805
223	0.4075	0.9749	2.514
224	0.4082	0.9741	2.585
225	0.4076	0.9740	2.595
226	0.4122	0.9724	2.761
227	0.4063	0.9748	2.524
228	0.4124	0.9723	2.769
229	0.4044	0.9753	2.468
230	0.4105	0.9734	2.664
231	0.4055	0.9749	2.507
232	0.4117	0.9727	2.727
233	0.4101	0.9732	2.675
234	0.4109	0.9730	2.698
235	0.4062	0.9749	2.515
236	0.4057	0.9749	2.512
237	0.4116	0.9728	2.717
238	0.4102	0.9729	2.713
239	0.3969	0.9794	2.059
240	0.4107	0.9728	2.722
241	0.4140	0.9717	2.831
242	0.4133	0.9719	2.806
243	0.4100	0.9729	2.706
244	0.4104	0.9731	2.694
245	0.4110	0.9723	2.769
246	0.4130	0.9725	2.753
247	0.4077	0.9746	2.545
248	0.4075	0.9746	2.536
249	0.4133	0.9717	2.829
250	0.4123	0.9724	2.760
251	0.4118	0.9726	2.744
252	0.4111	0.9731	2.694
253	0.4006	0.9774	2.256
254	0.4118	0.9728	2.723
255	0.4090	0.9735	2.651
256	0.4127	0.9722	2.776
257	0.4068	0.9743	2.571
258	0.4049	0.9755	2.446
259	0.4104	0.9731	2.693
260	0.3968	0.9792	2.082
261	0.4098	0.9736	2.645
262	0.4106	0.9730	2.698
263	0.4123	0.9724	2.760
264	0.4130	0.9725	2.750
265	0.4074	0.9746	2.536
266	0.4101	0.9733	2.675
267	0.4109	0.9728	2.724
268	0.4108	0.9730	2.701
269	0.4100	0.9730	2.704
270	0.4143	0.9711	2.886
271	0.4064	0.9752	2.478
272	0.3966	0.9794	2.057
273	0.4109	0.9729	2.708
274	0.4125	0.9722	2.778
275	0.4094	0.9739	2.611
276	0.4118	0.9728	2.716
277	0.4097	0.9732	2.683
278	0.4083	0.9739	2.610
279	0.4140	0.9717	2.829
280	0.4062	0.9748	2.517
281	0.4123	0.9723	2.774
282	0.4028	0.9760	2.397
283	0.4090	0.9735	2.651
284	0.4095	0.9733	2.675
285	0.4124	0.9723	2.768
286	0.3950	0.9801	1.986
287	0.4086	0.9738	2.622
288	0.4131	0.9718	2.823
289	0.4104	0.9734	2.663
290	0.4075	0.9749	2.514
291	0.4117	0.9728	2.722
292	0.4072	0.9742	2.580
293	0.4077	0.9746	2.541
294	0.4111	0.9731	2.695
295	0.4117	0.9726	2.741
296	0.4082	0.9739	2.609
297	0.4118	0.9723	2.770
298	0.4104	0.9732	2.681
299	0.4107	0.9732	2.675
300	0.4043	0.9754	2.462
301	0.4089	0.9735	2.650
302	0.4115	0.9727	2.728
303	0.4106	0.9730	2.696
304	0.4109	0.9730	2.696
305	0.4056	0.9749	2.507
306	0.3993	0.9784	2.164
307	0.4072	0.9746	2.536
308	0.4106	0.9728	2.721
309	0.4006	0.9775	2.255
310	0.4107	0.9730	2.696
311	0.4124	0.9722	2.777
312	0.3989	0.9779	2.215
313	0.4096	0.9735	2.652
314	0.4068	0.9743	2.574
315	0.4105	0.9734	2.662
316	0.4117	0.9727	2.726
317	0.4059	0.9748	2.524
318	0.4056	0.9749	2.514
319	0.4113	0.9722	2.782
320	0.4120	0.9726	2.740
321	0.4062	0.9748	2.524
322	0.4055	0.9749	2.507
323	0.4133	0.9720	2.805
324	0.4130	0.9724	2.762
325	0.4118	0.9726	2.743
326	0.4098	0.9736	2.642
327	0.4114	0.9724	2.761
328	0.4110	0.9723	2.769
329	0.4100	0.9730	2.704
330	0.4125	0.9721	2.786
331	0.4084	0.9739	2.605
332	0.4115	0.9728	2.717
333	0.4118	0.9728	2.716
334	0.4116	0.9728	2.715
335	0.4120	0.9727	2.733
336	0.4105	0.9735	2.653
337	0.4071	0.9747	2.532
338	0.4101	0.9729	2.712
339	0.4124	0.9724	2.761
340	0.4133	0.9718	2.821
341	0.4097	0.9735	2.647
342	0.4081	0.9742	2.584
343	0.4132	0.9717	2.828
344	0.4135	0.9718	2.818
345	0.4111	0.9729	2.708
346	0.3980	0.9785	2.147
347	0.4060	0.9752	2.475
348	0.4121	0.9724	2.761
349	0.4043	0.9753	2.470
350	0.4075	0.9741	2.594
351	0.4117	0.9727	2.735
352	0.4127	0.9720	2.804
353	0.4026	0.9765	2.352
354	0.4093	0.9735	2.650
355	0.3967	0.9796	2.040
356	0.3969	0.9794	2.059
357	0.4101	0.9734	2.657
358	0.4126	0.9723	2.775
359	0.4086	0.9738	2.623
360	0.4118	0.9726	2.743
361	0.4127	0.9720	2.804
362	0.3980	0.9785	2.147
363	0.4116	0.9729	2.714
364	0.4099	0.9730	2.704
365	0.4117	0.9729	2.713
366	0.4125	0.9722	2.778
367	0.4081	0.9741	2.585
368	0.4122	0.9724	2.761
369	0.4121	0.9724	2.761
370	0.4072	0.9746	2.536
371	0.4062	0.9748	2.522
372	0.4113	0.9722	2.783
373	0.4106	0.9728	2.721
374	0.4096	0.9732	2.683
375	0.4075	0.9741	2.595
376	0.4043	0.9754	2.461
377	0.4120	0.9726	2.741
378	0.4082	0.9739	2.610
379	0.4135	0.9718	2.819
380	0.3967	0.9796	2.040
381	0.4103	0.9731	2.694
382	0.4114	0.9727	2.728
383	0.4118	0.9723	2.770
384	0.4132	0.9720	2.803
385	0.4119	0.9727	2.733
386	0.4071	0.9747	2.533
387	0.4107	0.9730	2.703
388	0.4125	0.9721	2.788
389	0.4088	0.9735	2.650
390	0.4074	0.9749	2.513
391	0.4130	0.9717	2.826
392	0.4105	0.9734	2.664
393	0.4126	0.9723	2.775
394	0.3989	0.9779	2.214
395	0.4111	0.9729	2.708
396	0.4093	0.9739	2.611
397	0.4103	0.9732	2.681
398	0.4095	0.9733	2.675
399	0.4097	0.9736	2.640
400	0.4084	0.9740	2.604
401	0.4056	0.9749	2.515
402	0.4097	0.9735	2.647
403	0.4109	0.9723	2.768
404	0.4104	0.9735	2.654
405	0.4106	0.9730	2.697
406	0.4122	0.9723	2.775
407	0.4005	0.9774	2.255
408	0.4063	0.9752	2.478
409	0.4025	0.9765	2.353
410	0.4027	0.9760	2.397
411	0.4132	0.9717	2.830
412	0.4059	0.9752	2.476
413	0.4108	0.9730	2.697
414	0.4108	0.9729	2.708
415	0.4048	0.9755	2.445
416	0.4061	0.9748	2.517
417	0.4089	0.9735	2.651
418	0.4143	0.9712	2.884
419	0.4117	0.9728	2.722
420	0.4074	0.9746	2.535
421	0.4081	0.9739	2.608
422	0.4108	0.9728	2.722
423	0.4106	0.9730	2.696
424	0.3949	0.9802	1.984
425	0.4117	0.9727	2.734
426	0.4103	0.9734	2.663
427	0.3967	0.9792	2.082
428	0.4124	0.9722	2.777
429	0.4116	0.9727	2.727
430	0.4133	0.9718	2.819
431	0.4115	0.9728	2.717
432	0.4099	0.9730	2.701
433	0.4105	0.9731	2.695
434	0.4101	0.9729	2.712
435	0.4110	0.9731	2.694
436	0.4056	0.9749	2.509
437	0.4123	0.9724	2.762
438	0.4095	0.9735	2.652
439	0.4129	0.9725	2.750
440	0.4076	0.9746	2.541
441	0.4058	0.9748	2.524
442	0.4100	0.9733	2.673
443	0.4114	0.9724	2.761
444	0.4117	0.9728	2.716
445	0.4123	0.9723	2.769
446	0.4129	0.9724	2.761
447	0.4043	0.9753	2.470
448	0.4106	0.9732	2.676
449	0.4072	0.9742	2.579
450	0.4100	0.9734	2.658
451	0.4116	0.9726	2.740
452	0.4139	0.9717	2.825
453	0.3992	0.9784	2.164
454	0.4067	0.9743	2.574
455	0.4092	0.9735	2.651
456	0.4097	0.9736	2.644
457	0.4054	0.9749	2.506
458	0.3965	0.9794	2.058
459	0.3968	0.9794	2.059
460	0.4130	0.9718	2.822
461	0.4109	0.9723	2.769
462	0.3965	0.9794	2.057
463	0.4105	0.9730	2.700
464	0.4123	0.9723	2.771
465	0.4056	0.9749	2.514
466	0.4059	0.9753	2.474
467	0.4116	0.9729	2.713
468	0.4043	0.9753	2.467
469	0.4116	0.9727	2.728
470	0.4067	0.9743	2.570
471	0.4134	0.9718	2.821
472	0.4103	0.9734	2.664
473	0.4082	0.9739	2.611
474	0.4104	0.9735	2.652
475	0.4106	0.9730	2.696
476	0.4133	0.9718	2.820
477	0.4116	0.9727	2.726
478	0.4048	0.9755	2.445
479	0.4122	0.9724	2.761
480	0.4042	0.9754	2.462
481	0.4122	0.9723	2.773
482	0.4099	0.9730	2.704
483	0.4005	0.9774	2.256
484	0.3992	0.9784	2.165
485	0.4097	0.9736	2.644
486	0.4080	0.9741	2.585
487	0.4123	0.9722	2.778
488	0.4120	0.9724	2.761
489	0.4104	0.9734	2.664
490	0.4129	0.9725	2.752
491	0.4113	0.9724	2.761
492	0.4100	0.9734	2.657
493	0.4100	0.9733	2.675
494	0.4070	0.9747	2.532
495	0.4074	0.9749	2.514
496	0.4071	0.9747	2.535
497	0.4111	0.9729	2.707
498	0.4092	0.9739	2.611
499	0.3968	0.9794	2.059
500	0.3949	0.9801	1.985
501	0.4125	0.9721	2.786
502	0.4089	0.9735	2.651
503	0.4061	0.9748	2.515
504	0.4105	0.9728	2.722
505	0.4074	0.9740	2.596
506	0.4131	0.9717	2.830
507	0.4054	0.9749	2.506
508	0.4094	0.9732	2.677
509	0.4132	0.9720	2.805
510	0.4063	0.9752	2.478
511	0.4073	0.9746	2.536
512	0.4106	0.9730	2.702
513	0.4103	0.9732	2.681
514	0.4083	0.9739	2.605
515	0.4108	0.9730	2.698
516	0.4092	0.9735	2.653
517	0.4119	0.9727	2.733
518	0.4117	0.9727	2.734
519	0.4061	0.9748	2.523
520	0.4123	0.9724	2.762
521	0.4117	0.9729	2.713
522	0.4114	0.9727	2.728
523	0.4117	0.9726	2.743
524	0.4112	0.9722	2.782
525	0.4080	0.9739	2.609
526	0.4125	0.9723	2.775
527	0.4088	0.9735	2.651
528	0.4071	0.9742	2.579
529	0.4104	0.9730	2.695
530	0.4098	0.9730	2.704
531	0.4100	0.9729	2.711
532	0.4076	0.9746	2.543
533	0.4096	0.9735	2.647
534	0.4055	0.9749	2.512
535	0.4114	0.9728	2.717
536	0.4095	0.9732	2.681
537	0.3988	0.9778	2.215
538	0.4026	0.9760	2.397
539	0.4119	0.9726	2.741
540	0.4117	0.9723	2.771
541	0.3979	0.9785	2.148
542	0.4108	0.9728	2.723
543	0.4057	0.9748	2.522
544	0.4102	0.9731	2.693
545	0.4124	0.9722	2.778
546	0.4142	0.9711	2.885
547	0.4129	0.9724	2.762
548	0.4095	0.9735	2.653
549	0.4138	0.9717	2.829
550	0.4108	0.9729	2.707
551	0.4110	0.9731	2.694
552	0.4106	0.9732	2.675
553	0.3966	0.9792	2.082
554	0.4096	0.9736	2.645
555	0.4125	0.9720	2.803
556	0.4116	0.9728	2.715
557	0.4085	0.9738	2.621
558	0.3966	0.9796	2.041
559	0.4116	0.9726	2.740
560	0.4024	0.9765	2.353
561	0.4110	0.9731	2.694
562	0.4024	0.9765	2.353
563	0.4120	0.9724	2.761
564	0.3965	0.9794	2.057
565	0.4125	0.9720	2.804
566	0.4074	0.9740	2.595
567	0.4092	0.9735	2.652
568	0.4004	0.9774	2.256
569	0.4132	0.9718	2.821
570	0.4104	0.9730	2.697
571	0.4058	0.9753	2.474
572	0.4113	0.9724	2.763
573	0.4116	0.9726	2.743
574	0.4121	0.9723	2.773
575	0.4098	0.9730	2.703
576	0.4116	0.9729	2.712
577	0.4110	0.9729	2.708
578	0.4088	0.9735	2.650
579	0.4107	0.9728	2.723
580	0.4071	0.9747	2.535
581	0.4123	0.9722	2.777
582	0.4131	0.9720	2.805
583	0.4053	0.9749	2.507
584	0.3966	0.9792	2.082
585	0.3967	0.9794	2.059
586	0.4095	0.9732	2.682
587	0.4092	0.9739	2.611
588	0.4121	0.9724	2.760
589	0.4081	0.9739	2.611
590	0.4142	0.9712	2.885
591	0.4115	0.9729	2.714
592	0.4060	0.9748	2.515
593	0.4124	0.9722	2.778
594	0.4071	0.9742	2.580
595	0.4041	0.9754	2.461
596	0.4055	0.9749	2.513
597	0.4099	0.9734	2.655
598	0.4070	0.9747	2.531
599	0.4122	0.9723	2.769
600	0.4104	0.9728	2.722
601	0.4100	0.9729	2.712
602	0.3965	0.9796	2.041
603	0.4125	0.9722	2.775
604	0.3988	0.9779	2.215
605	0.4054	0.9749	2.511
606	0.4098	0.9729	2.706
607	0.4105	0.9730	2.696
608	0.4087	0.9735	2.651
609	0.4108	0.9723	2.770
610	0.4057	0.9748	2.522
611	0.4105	0.9733	2.675
612	0.4117	0.9723	2.771
613	0.4129	0.9718	2.823
614	0.4061	0.9748	2.524
615	0.4103	0.9735	2.652
616	0.4082	0.9739	2.606
617	0.4134	0.9718	2.821
618	0.4075	0.9746	2.544
619	0.4099	0.9732	2.675
620	0.4073	0.9749	2.515
621	0.4102	0.9734	2.664
622	0.4115	0.9728	2.724
623	0.4102	0.9732	2.681
624	0.4102	0.9731	2.693
625	0.4080	0.9739	2.609
626	0.4084	0.9738	2.622
627	0.4128	0.9725	2.751
628	0.4116	0.9726	2.737
629	0.4103	0.9734	2.662
630	0.4128	0.9724	2.759
631	0.4122	0.9724	2.762
632	0.4072	0.9746	2.537
633	0.4138	0.9717	2.829
634	0.4066	0.9743	2.571
635	0.4118	0.9726	2.739
636	0.4104	0.9730	2.699
637	0.4042	0.9753	2.467
638	0.4107	0.9730	2.698
639	0.4114	0.9728	2.717
640	0.4116	0.9728	2.716
641	0.4093	0.9733	2.675
642	0.4096	0.9735	2.646
643	0.4118	0.9727	2.733
644	0.3948	0.9801	1.986
645	0.4080	0.9741	2.585
646	0.4111	0.9722	2.782
647	0.3991	0.9784	2.164
648	0.4124	0.9721	2.787
649	0.4113	0.9727	2.727
650	0.4047	0.9755	2.446
651	0.4094	0.9735	2.653
652	0.4115	0.9727	2.726
653	0.3979	0.9785	2.148
654	0.4062	0.9752	2.478
655	0.4095	0.9736	2.644
656	0.4106	0.9730	2.701
657	0.4107	0.9729	2.708
658	0.4096	0.9736	2.642
659	0.4131	0.9717	2.830
660	0.4116	0.9726	2.743
661	0.4026	0.9760	2.396
662	0.4066	0.9743	2.571
663	0.4061	0.9748	2.523
664	0.4095	0.9732	2.681
665	0.4026	0.9760	2.396
666	0.4122	0.9723	2.771
667	0.4122	0.9722	2.778
668	0.4073	0.9740	2.595
669	0.4116	0.9723	2.771
670	0.4118	0.9726	2.741
671	0.4058	0.9753	2.474
672	0.4115	0.9726	2.742
673	0.3966	0.9792	2.082
674	0.4104	0.9730	2.698
675	0.4075	0.9746	2.545
676	0.3964	0.9794	2.057
677	0.3987	0.9778	2.215
678	0.4073	0.9749	2.514
679	0.4084	0.9738	2.623
680	0.4105	0.9733	2.675
681	0.4118	0.9727	2.734
682	0.4095	0.9735	2.647
683	0.4111	0.9722	2.782
684	0.4108	0.9723	2.771
685	0.4123	0.9721	2.787
686	0.4131	0.9719	2.806
687	0.4109	0.9729	2.709
688	0.4112	0.9724	2.764
689	0.4104	0.9730	2.700
690	0.4069	0.9747	2.532
691	0.4137	0.9717	2.830
692	0.4107	0.9728	2.724
693	0.4024	0.9765	2.353
694	0.4115	0.9728	2.717
695	0.4082	0.9739	2.606
696	0.4121	0.9723	2.773
697	0.4107	0.9730	2.698
698	0.4128	0.9724	2.760
699	0.4125	0.9720	2.803
700	0.4094	0.9735	2.653
701	0.4115	0.9728	2.716
702	0.4054	0.9749	2.514
703	0.4053	0.9749	2.506
704	0.4041	0.9753	2.469
705	0.4093	0.9733	2.675
706	0.4115	0.9727	2.726
707	0.4099	0.9734	2.659
708	0.4129	0.9718	2.824
709	0.3991	0.9784	2.165
710	0.4141	0.9712	2.885
711	0.4115	0.9728	2.724
712	0.4060	0.9748	2.516
713	0.4054	0.9749	2.511
714	0.4105	0.9730	2.701
715	0.4099	0.9729	2.712
716	0.4091	0.9739	2.610
717	0.4131	0.9718	2.821
718	0.4062	0.9752	2.477
719	0.4114	0.9729	2.715
720	0.4097	0.9730	2.704
721	0.3965	0.9796	2.041
722	0.4107	0.9729	2.708
723	0.4113	0.9728	2.717
724	0.4113	0.9727	2.728
725	0.4046	0.9755	2.445
726	0.4004	0.9774	2.256
727	0.4109	0.9731	2.694
728	0.3947	0.9801	1.985
729	0.4097	0.9730	2.703
730	0.4104	0.9730	2.696
731	0.4056	0.9748	2.521
732	0.4091	0.9735	2.652
733	0.4130	0.9717	2.829
734	0.4095	0.9736	2.644
735	0.4101	0.9734	2.664
736	0.3966	0.9794	2.059
737	0.4079	0.9741	2.586
738	0.4103	0.9734	2.664
739	0.4080	0.9739	2.610
740	0.4098	0.9732	2.675
741	0.4127	0.9725	2.753
742	0.4120	0.9724	2.760
743	0.4133	0.9718	2.819
744	0.4115	0.9726	2.737
745	0.4123	0.9722	2.777
746	0.4095	0.9736	2.641
747	0.4072	0.9746	2.536
748	0.4041	0.9754	2.462
749	0.4087	0.9735	2.650
750	0.4101	0.9731	2.693
751	0.4104	0.9728	2.721
752	0.4102	0.9735	2.654
753	0.4119	0.9724	2.761
754	0.4086	0.9735	2.651
755	0.4115	0.9726	2.742
756	0.4121	0.9724	2.762
757	0.3978	0.9785	2.147
758	0.4070	0.9747	2.535
759	0.4101	0.9732	2.681
760	0.4070	0.9742	2.579
761	0.4124	0.9722	2.777
762	0.4079	0.9739	2.610
763	0.4065	0.9743	2.572
764	0.4115	0.9728	2.716
765	0.4120	0.9723	2.774
766	0.4114	0.9729	2.714
767	0.3965	0.9796	2.040
768	0.4128	0.9718	2.823
769	0.4130	0.9717	2.828
770	0.4115	0.9726	2.744
771	0.4090	0.9735	2.652
772	0.4121	0.9723	2.768
773	0.4083	0.9738	2.621
774	0.4110	0.9722	2.782
775	0.4093	0.9733	2.675
776	0.4070	0.9746	2.535
777	0.4105	0.9730	2.701
778	0.4072	0.9746	2.535
779	0.4059	0.9748	2.517
780	0.4095	0.9735	2.646
781	0.4023	0.9765	2.352
782	0.4114	0.9726	2.739
783	0.4098	0.9734	2.658
784	0.4054	0.9749	2.514
785	0.4086	0.9735	2.653
786	0.4094	0.9732	2.680
787	0.4091	0.9739	2.610
788	0.4117	0.9727	2.733
789	0.4040	0.9754	2.461
790	0.4081	0.9739	2.606
791	0.4095	0.9736	2.644
792	0.4114	0.9728	2.723
793	0.4003	0.9774	2.256
794	0.4106	0.9730	2.698
795	0.3947	0.9801	1.985
796	0.4103	0.9730	2.699
797	0.3966	0.9794	2.059
798	0.4093	0.9735	2.654
799	0.4025	0.9760	2.396
800	0.4041	0.9753	2.467
801	0.4119	0.9724	2.761
802	0.4099	0.9729	2.713
803	0.4108	0.9730	2.696
804	0.4112	0.9724	2.763
805	0.4101	0.9734	2.664
806	0.4115	0.9729	2.712
807	0.4113	0.9728	2.717
808	0.4115	0.9726	2.737
809	0.4114	0.9727	2.726
810	0.4101	0.9731	2.693
811	0.4052	0.9749	2.507
812	0.4053	0.9749	2.512
813	0.4106	0.9729	2.708
814	0.4117	0.9726	2.741
815	0.4104	0.9730	2.696
816	0.4087	0.9735	2.650
817	0.4112	0.9727	2.728
818	0.4103	0.9731	2.695
819	0.4121	0.9724	2.762
820	0.4140	0.9711	2.886
821	0.4098	0.9733	2.675
822	0.4127	0.9724	2.761
823	0.3978	0.9785	2.148
824	0.3990	0.9784	2.164
825	0.4069	0.9742	2.581
826	0.3963	0.9794	2.057
827	0.4104	0.9733	2.675
828	0.4103	0.9728	2.721
829	0.4061	0.9752	2.478
830	0.4106	0.9728	2.723
831	0.4102	0.9734	2.664
832	0.3965	0.9792	2.082
833	0.4057	0.9753	2.474
834	0.4080	0.9739	2.610
835	0.4132	0.9718	2.821
836	0.4101	0.9732	2.682
837	0.4068	0.9747	2.532
838	0.4123	0.9722	2.775
839	0.4109	0.9729	2.708
840	0.4072	0.9749	2.514
841	0.4130	0.9720	2.805
842	0.4060	0.9748	2.523
843	0.4097	0.9730	2.705
844	0.4127	0.9725	2.752
845	0.4079	0.9739	2.608
846	0.4121	0.9722	2.778
847	0.4095	0.9736	2.644
848	0.4074	0.9746	2.544
849	0.4097	0.9730	2.703
850	0.4136	0.9717	2.829
851	0.4120	0.9724	2.760
852	0.4072	0.9740	2.596
853	0.4078	0.9741	2.585
854	0.4131	0.9718	2.821
855	0.4124	0.9720	2.803
856	0.4122	0.9722	2.778
857	0.4046	0.9756	2.445
858	0.4115	0.9723	2.770
859	0.4102	0.9735	2.654
860	0.4056	0.9748	2.524
861	0.4107	0.9723	2.769
862	0.3986	0.9778	2.215
863	0.4122	0.9721	2.787
864	0.4114	0.9726	2.739
865	0.4121	0.9724	2.761
866	0.4100	0.9734	2.663
867	0.4124	0.9720	2.804
868	0.4103	0.9730	2.698
869	0.4079	0.9739	2.609
870	0.4104	0.9733	2.674
871	0.4053	0.9749	2.512
872	0.4132	0.9718	2.818
873	0.4053	0.9749	2.514
874	0.4040	0.9753	2.467
875	0.4081	0.9739	2.606
876	0.4024	0.9760	2.396
877	0.4097	0.9733	2.675
878	0.4057	0.9753	2.475
879	0.4094	0.9736	2.643
880	0.4111	0.9724	2.761
881	0.4090	0.9735	2.652
882	0.4102	0.9731	2.695
883	0.4140	0.9711	2.885
884	0.3989	0.9784	2.165
885	0.4121	0.9722	2.778
886	0.3964	0.9796	2.042
887	0.4130	0.9718	2.822
888	0.4128	0.9718	2.822
889	0.4121	0.9723	2.770
890	0.4059	0.9748	2.524
891	0.4114	0.9728	2.718
892	0.4103	0.9728	2.721
893	0.4094	0.9736	2.644
894	0.4093	0.9732	2.680
895	0.3977	0.9785	2.148
896	0.4113	0.9729	2.714
897	0.4123	0.9722	2.775
898	0.4093	0.9735	2.653
899	0.4114	0.9726	2.743
900	0.4092	0.9732	2.676
901	0.4104	0.9730	2.702
902	0.4114	0.9728	2.723
903	0.4102	0.9734	2.662
904	0.4045	0.9755	2.446
905	0.4023	0.9765	2.353
906	0.3986	0.9779	2.214
907	0.4106	0.9729	2.708
908	0.4100	0.9732	2.681
909	0.4126	0.9725	2.752
910	0.4111	0.9727	2.728
911	0.4103	0.9730	2.696
912	0.4003	0.9774	2.256
913	0.4094	0.9735	2.646
914	0.4129	0.9717	2.829
915	0.4078	0.9741	2.585
916	0.4117	0.9726	2.740
917	0.3963	0.9794	2.058
918	0.4055	0.9748	2.522
919	0.4112	0.9728	2.717
920	0.4090	0.9739	2.609
921	0.4071	0.9746	2.537
922	0.4115	0.9723	2.771
923	0.4100	0.9731	2.692
924	0.4114	0.9729	2.712
925	0.4127	0.9724	2.760
926	0.4074	0.9746	2.541
927	0.4071	0.9749	2.513
928	0.3946	0.9801	1.986
929	0.4116	0.9727	2.733
930	0.4105	0.9730	2.699
931	0.4109	0.9722	2.783
932	0.4108	0.9729	2.708
933	0.3965	0.9794	2.059
934	0.4136	0.9717	2.829
935	0.4085	0.9735	2.653
936	0.4119	0.9724	2.760
937	0.4122	0.9721	2.786
938	0.4086	0.9735	2.651
939	0.4064	0.9743	2.571
940	0.4069	0.9747	2.535
941	0.4114	0.9726	2.737
942	0.4051	0.9749	2.507
943	0.4072	0.9740	2.596
944	0.4082	0.9738	2.621
945	0.4107	0.9731	2.694
946	0.4101	0.9735	2.654
947	0.4105	0.9728	2.724
948	0.4078	0.9739	2.610
949	0.4106	0.9723	2.769
950	0.4067	0.9747	2.532
951	0.4096	0.9730	2.704
952	0.4060	0.9752	2.478
953	0.4039	0.9754	2.462
954	0.4113	0.9727	2.726
955	0.4058	0.9748	2.517
956	0.4097	0.9734	2.659
957	0.3964	0.9792	2.081
958	0.4119	0.9723	2.773
959	0.4129	0.9720	2.804
960	0.4098	0.9729	2.711
961	0.4069	0.9742	2.580
962	0.4118	0.9724	2.761
963	0.4096	0.9730	2.704
964	0.4121	0.9722	2.777
965	0.4053	0.9749	2.514
966	0.4045	0.9755	2.445
967	0.4114	0.9726	2.737
968	0.4119	0.9724	2.760
969	0.3986	0.9778	2.215
970	0.4069	0.9742	2.580
971	0.4085	0.9735	2.652
972	0.4094	0.9736	2.644
973	0.3964	0.9792	2.082
974	0.4058	0.9748	2.515
975	0.4073	0.9746	2.544
976	0.4078	0.9739	2.608
977	0.4106	0.9723	2.769
978	0.4119	0.9723	2.773
979	0.4130	0.9718	2.821
980	0.4104	0.9730	2.702
981	0.4131	0.9718	2.819
982	0.4111	0.9727	2.729
983	0.4113	0.9727	2.726
984	0.4111	0.9724	2.760
985	0.4114	0.9729	2.715
986	0.3946	0.9801	1.986
987	0.4064	0.9743	2.573
988	0.4105	0.9729	2.707
989	0.4082	0.9738	2.622
990	0.4080	0.9739	2.605
991	0.4024	0.9760	2.396
992	0.4101	0.9734	2.662
993	0.4103	0.9733	2.675
994	0.4139	0.9711	2.885
995	0.4060	0.9752	2.479
996	0.4090	0.9739	2.611
997	0.4096	0.9730	2.702
998	0.4100	0.9731	2.693
999	0.4113	0.9726	2.739
1000	0.4059	0.9748	2.522
1001	0.4102	0.9731	2.695
1002	0.4114	0.9726	2.743
1003	0.3965	0.9794	2.060
1004	0.4092	0.9735	2.652
1005	0.4077	0.9741	2.585
1006	0.4109	0.9722	2.783
1007	0.3963	0.9796	2.040
1008	0.4114	0.9729	2.712
1009	0.4097	0.9734	2.658
1010	0.4120	0.9723	2.769
1011	0.4099	0.9734	2.663
1012	0.4116	0.9726	2.741
1013	0.4022	0.9765	2.352
1014	0.4129	0.9717	2.830
1015	0.4122	0.9721	2.785
1016	0.4105	0.9730	2.698
1017	0.4114	0.9723	2.771
1018	0.4102	0.9728	2.721
1019	0.4111	0.9728	2.717
1020	0.4002	0.9775	2.255
1021	0.4052	0.9749	2.511
1022	0.4070	0.9746	2.536
1023	0.4055	0.9748	2.524
1024	0.4120	0.9722	2.778
1025	0.4097	0.9729	2.711
1026	0.4113	0.9728	2.724
1027	0.4112	0.9729	2.714
1028	0.4100	0.9732	2.681
1029	0.4117	0.9724	2.761
1030	0.4129	0.9720	2.803
1031	0.4101	0.9735	2.653
1032	0.4096	0.9730	2.703
1033	0.4102	0.9730	2.698
1034	0.4135	0.9717	2.828
1035	0.4086	0.9735	2.650
1036	0.4123	0.9720	2.803
1037	0.4116	0.9727	2.732
1038	0.3989	0.9784	2.164
1039	0.4068	0.9746	2.535
1040	0.4122	0.9722	2.776
1041	0.4071	0.9749	2.514
1042	0.4091	0.9733	2.675
1043	0.4067	0.9747	2.533
1044	0.4103	0.9731	2.695
1045	0.4126	0.9724	2.761
1046	0.4078	0.9739	2.611
1047	0.4093	0.9736	2.641
1048	0.4039	0.9754	2.462
1049	0.4096	0.9733	2.672
1050	0.4056	0.9752	2.475
1051	0.4039	0.9753	2.470
1052	0.4105	0.9728	2.722
1053	0.4107	0.9729	2.708
1054	0.4125	0.9725	2.751
1055	0.4127	0.9717	2.826
1056	0.4092	0.9732	2.683
1057	0.4071	0.9741	2.595
1058	0.4107	0.9731	2.694
1059	0.4120	0.9724	2.761
1060	0.4093	0.9735	2.647
1061	0.4121	0.9722	2.777
1062	0.3962	0.9794	2.058
1063	0.4089	0.9735	2.650
1064	0.4051	0.9749	2.506
1065	0.3976	0.9785	2.148
1066	0.4131	0.9718	2.819
1067	0.4128	0.9720	2.803
1068	0.4135	0.9717	2.828
1069	0.4095	0.9730	2.704
1070	0.4089	0.9739	2.610
1071	0.4112	0.9729	2.715
1072	0.4100	0.9732	2.680
1073	0.4117	0.9724	2.763
1074	0.4104	0.9730	2.695
1075	0.4101	0.9731	2.692
1076	0.4068	0.9742	2.578
1077	0.4103	0.9732	2.676
1078	0.4095	0.9730	2.700
1079	0.4052	0.9749	2.508
1080	0.4089	0.9735	2.650
1081	0.3988	0.9784	2.164
1082	0.4078	0.9739	2.609
1083	0.4129	0.9718	2.820
1084	0.4058	0.9748	2.516
1085	0.4093	0.9735	2.645
1086	0.4052	0.9749	2.514
1087	0.4105	0.9728	2.724
1088	0.4002	0.9774	2.256
1089	0.4113	0.9728	2.715
1090	0.4108	0.9722	2.783
1091	0.4118	0.9724	2.760
1092	0.4096	0.9734	2.659
1093	0.3976	0.9785	2.147
1094	0.4060	0.9752	2.478
1095	0.4091	0.9732	2.676
1096	0.4126	0.9718	2.824
1097	0.4081	0.9738	2.623
1098	0.4021	0.9765	2.352
1099	0.4050	0.9749	2.506
1100	0.4092	0.9732	2.681
1101	0.3945	0.9801	1.985
1102	0.4058	0.9748	2.524
1103	0.4077	0.9741	2.586
1104	0.3963	0.9796	2.042
1105	0.4110	0.9727	2.728
1106	0.4093	0.9736	2.645
1107	0.4128	0.9717	2.829
1108	0.4099	0.9731	2.694
1109	0.3963	0.9792	2.082
1110	0.4105	0.9723	2.770
1111	0.4071	0.9740	2.595
1112	0.4103	0.9730	2.703
1113	0.4122	0.9723	2.774
1114	0.4113	0.9726	2.744
1115	0.4038	0.9754	2.461
1116	0.4091	0.9735	2.655
1117	0.4104	0.9729	2.708
1118	0.4107	0.9729	2.708
1119	0.4115	0.9727	2.734
1120	0.4112	0.9726	2.742
1121	0.4044	0.9755	2.446
1122	0.4063	0.9743	2.570
1123	0.4055	0.9753	2.475
1124	0.3964	0.9794	2.061
1125	0.4023	0.9760	2.397
1126	0.4070	0.9746	2.538
1127	0.4119	0.9723	2.773
1128	0.4114	0.9723	2.771
1129	0.4122	0.9720	2.805
1130	0.4099	0.9734	2.664
1131	0.4111	0.9728	2.717
1132	0.4120	0.9722	2.779
1133	0.4100	0.9734	2.663
1134	0.4106	0.9730	2.696
1135	0.4100	0.9735	2.653
1136	0.4101	0.9728	2.722
1137	0.4070	0.9749	2.514
1138	0.4067	0.9747	2.534
1139	0.4110	0.9724	2.761
1140	0.4121	0.9721	2.786
1141	0.4115	0.9726	2.741
1142	0.4079	0.9740	2.605
1143	0.4113	0.9729	2.714
1144	0.4096	0.9733	2.673
1145	0.4120	0.9722	2.777
1146	0.4093	0.9735	2.646
1147	0.4125	0.9724	2.761
1148	0.4138	0.9712	2.884
1149	0.4039	0.9753	2.469
1150	0.4054	0.9748	2.524
1151	0.4102	0.9730	2.696
1152	0.4097	0.9729	2.711
1153	0.4113	0.9726	2.735
1154	0.4085	0.9735	2.651
1155	0.4119	0.9724	2.762
1156	0.4112	0.9728	2.722
1157	0.4072	0.9746	2.541
1158	0.3961	0.9794	2.058
1159	0.4066	0.9747	2.532
1160	0.4077	0.9739	2.609
1161	0.3984	0.9778	2.215
1162	0.4125	0.9725	2.752
1163	0.4112	0.9727	2.726
1164	0.4118	0.9723	2.774
1165	0.4084	0.9735	2.651
1166	0.4101	0.9730	2.698
1167	0.4091	0.9735	2.652
1168	0.4090	0.9733	2.675
1169	0.4055	0.9752	2.476
1170	0.4088	0.9735	2.652
1171	0.4126	0.9718	2.824
1172	0.3945	0.9801	1.985
1173	0.3984	0.9778	2.215
1174	0.4089	0.9739	2.609
1175	0.4113	0.9728	2.716
1176	0.4101	0.9730	2.699
1177	0.4098	0.9734	2.663
1178	0.4054	0.9748	2.524
1179	0.4067	0.9742	2.580
1180	0.4050	0.9749	2.506
1181	0.4116	0.9724	2.761
1182	0.4121	0.9722	2.777
1183	0.4078	0.9739	2.609
1184	0.4096	0.9729	2.712
1185	0.3963	0.9792	2.082
1186	0.3962	0.9796	2.041
1187	0.4120	0.9722	2.778
1188	0.4106	0.9731	2.695
1189	0.4103	0.9730	2.701
1190	0.4101	0.9728	2.721
1191	0.4070	0.9749	2.514
1192	0.4113	0.9729	2.712
1193	0.4128	0.9717	2.830
1194	0.4059	0.9752	2.478
1195	0.4081	0.9738	2.623
1196	0.4129	0.9718	2.821
1197	0.4130	0.9718	2.819
1198	0.4112	0.9726	2.739
1199	0.4095	0.9730	2.704
1200	0.3964	0.9794	2.060
1201	0.3975	0.9785	2.148
1202	0.4079	0.9739	2.606
1203	0.4051	0.9749	2.511
1204	0.4110	0.9728	2.717
1205	0.4138	0.9711	2.885
1206	0.4118	0.9724	2.760
1207	0.4063	0.9743	2.571
1208	0.4101	0.9731	2.695
1209	0.4106	0.9729	2.707
1210	0.4104	0.9730	2.698
1211	0.4093	0.9736	2.641
1212	0.4119	0.9723	2.768
1213	0.4067	0.9747	2.535
1214	0.4021	0.9765	2.352
1215	0.4118	0.9723	2.774
1216	0.4022	0.9760	2.396
1217	0.4084	0.9735	2.652
1218	0.4069	0.9746	2.536
1219	0.4104	0.9729	2.707
1220	0.4100	0.9735	2.654
1221	0.4102	0.9730	2.696
1222	0.4084	0.9735	2.651
1223	0.4125	0.9724	2.759
1224	0.4109	0.9724	2.760
1225	0.4115	0.9726	2.741
1226	0.4092	0.9736	2.644
1227	0.3961	0.9794	2.058
1228	0.4051	0.9749	2.513
1229	0.3988	0.9784	2.164
1230	0.4096	0.9734	2.657
1231	0.4113	0.9726	2.736
1232	0.4112	0.9728	2.724
1233	0.4110	0.9727	2.728
1234	0.4100	0.9734	2.663
1235	0.4001	0.9774	2.256
1236	0.4115	0.9727	2.733
1237	0.4092	0.9735	2.646
1238	0.4070	0.9741	2.595
1239	0.4038	0.9754	2.460
1240	0.4066	0.9747	2.532
1241	0.4043	0.9755	2.445
1242	0.4127	0.9720	2.805
1243	0.4072	0.9746	2.544
1244	0.4119	0.9722	2.777
1245	0.4076	0.9741	2.585
1246	0.4057	0.9748	2.524
1247	0.4134	0.9717	2.831
1248	0.4108	0.9722	2.781
1249	0.4113	0.9723	2.771
1250	0.4121	0.9720	2.804
1251	0.4094	0.9730	2.703
1252	0.4095	0.9732	2.675
1253	0.4104	0.9728	2.724
1254	0.4104	0.9723	2.770
1255	0.4111	0.9729	2.714
1256	0.4120	0.9721	2.785
1257	0.4124	0.9725	2.751
1258	0.4118	0.9724	2.761
1259	0.4111	0.9727	2.726
1260	0.4076	0.9739	2.610
1261	0.4102	0.9733	2.674
1262	0.4038	0.9753	2.468
1263	0.4098	0.9731	2.692
1264	0.4098	0.9732	2.681
1265	0.4091	0.9732	2.682
1266	0.4057	0.9748	2.516
1267	0.4112	0.9726	2.742
1268	0.3962	0.9792	2.082
1269	0.4120	0.9721	2.786
1270	0.4084	0.9735	2.649
1271	0.4092	0.9736	2.644
1272	0.4098	0.9734	2.663
1273	0.4054	0.9753	2.475
1274	0.4119	0.9722	2.776
1275	0.4094	0.9730	2.703
1276	0.4096	0.9729	2.712
1277	0.4102	0.9733	2.673
1278	0.4125	0.9718	2.822
1279	0.3984	0.9778	2.215
1280	0.4067	0.9742	2.580
1281	0.4098	0.9732	2.680
1282	0.4062	0.9743	2.570
1283	0.4106	0.9729	2.709
1284	0.4066	0.9747	2.532
1285	0.4095	0.9732	2.676
1286	0.3961	0.9796	2.043
1287	0.4072	0.9745	2.546
1288	0.4100	0.9730	2.698
1289	0.4099	0.9735	2.653
1290	0.4112	0.9727	2.726
1291	0.4134	0.9717	2.831
1292	0.4109	0.9724	2.761
1293	0.4101	0.9731	2.695
1294	0.4107	0.9722	2.781
1295	0.4000	0.9774	2.256
1296	0.4056	0.9749	2.515
1297	0.4098	0.9731	2.694
1298	0.4051	0.9749	2.511
1299	0.4094	0.9729	2.706
1300	0.4103	0.9730	2.696
1301	0.4058	0.9752	2.477
1302	0.4043	0.9755	2.446
1303	0.4112	0.9729	2.713
1304	0.4124	0.9725	2.752
1305	0.4111	0.9729	2.714
1306	0.4053	0.9748	2.523
1307	0.4099	0.9734	2.664
1308	0.4111	0.9727	2.726
1309	0.4051	0.9749	2.514
1310	0.4102	0.9730	2.702
1311	0.4090	0.9732	2.679
1312	0.4112	0.9728	2.717
1313	0.3944	0.9801	1.985
1314	0.4116	0.9724	2.762
1315	0.4078	0.9739	2.605
1316	0.4121	0.9723	2.775
1317	0.4100	0.9730	2.699
1318	0.4128	0.9718	2.821
1319	0.4077	0.9739	2.610
1320	0.4080	0.9738	2.623
1321	0.4069	0.9749	2.514
1322	0.4057	0.9748	2.523
1323	0.4109	0.9727	2.728
1324	0.4112	0.9726	2.743
1325	0.4118	0.9724	2.761
1326	0.4118	0.9723	2.768
1327	0.4069	0.9740	2.597
1328	0.4104	0.9723	2.770
1329	0.4092	0.9736	2.641
1330	0.4129	0.9718	2.818
1331	0.4087	0.9735	2.652
1332	0.4105	0.9731	2.694
1333	0.4112	0.9723	2.771
1334	0.3975	0.9785	2.147
1335	0.4076	0.9739	2.609
1336	0.4127	0.9717	2.830
1337	0.4076	0.9741	2.585
1338	0.4127	0.9720	2.803
1339	0.4088	0.9739	2.610
1340	0.4121	0.9720	2.802
1341	0.3963	0.9794	2.060
1342	0.4103	0.9728	2.722
1343	0.4103	0.9729	2.708
1344	0.4100	0.9728	2.721
1345	0.4038	0.9753	2.469
1346	0.4095	0.9734	2.660
1347	0.4090	0.9735	2.652
1348	0.4066	0.9747	2.534
1349	0.4114	0.9726	2.741
1350	0.4117	0.9724	2.761
1351	0.4092	0.9735	2.647
1352	0.4111	0.9726	2.739
1353	0.3960	0.9794	2.058
1354	0.4049	0.9749	2.506
1355	0.4117	0.9723	2.774
1356	0.4112	0.9727	2.733
1357	0.4119	0.9722	2.777
1358	0.3987	0.9784	2.164
1359	0.4022	0.9760	2.396
1360	0.4020	0.9765	2.352
1361	0.4068	0.9746	2.537
1362	0.4083	0.9735	2.653
1363	0.4109	0.9728	2.717
1364	0.4137	0.9711	2.885
1365	0.4091	0.9732	2.682
1366	0.4114	0.9727	2.733
1367	0.4124	0.9724	2.759
1368	0.4037	0.9754	2.461
1369	0.4121	0.9720	2.804
1370	0.4069	0.9740	2.596
1371	0.4071	0.9746	2.541
1372	0.4084	0.9735	2.651
1373	0.4091	0.9736	2.644
1374	0.4118	0.9723	2.769
1375	0.4106	0.9729	2.708
1376	0.4022	0.9760	2.396
1377	0.4089	0.9732	2.675
1378	0.4103	0.9728	2.723
1379	0.3944	0.9801	1.985
1380	0.4112	0.9728	2.715
1381	0.3987	0.9784	2.164
1382	0.4090	0.9735	2.652
1383	0.4095	0.9734	2.658
1384	0.4094	0.9730	2.703
1385	0.4087	0.9735	2.651
1386	0.4119	0.9722	2.778
1387	0.4109	0.9727	2.728
1388	0.4112	0.9729	2.712
1389	0.4097	0.9731	2.692
1390	0.4137	0.9711	2.886
1391	0.3961	0.9796	2.041
1392	0.4117	0.9723	2.774
1393	0.4052	0.9748	2.523
1394	0.4111	0.9727	2.726
1395	0.4100	0.9731	2.695
1396	0.4069	0.9749	2.514
1397	0.3983	0.9778	2.215
1398	0.4080	0.9738	2.623
1399	0.4111	0.9726	2.741
1400	0.4087	0.9739	2.610
1401	0.4090	0.9732	2.682
1402	0.4075	0.9739	2.609
1403	0.4133	0.9717	2.828
1404	0.4118	0.9722	2.776
1405	0.4101	0.9730	2.701
1406	0.4058	0.9752	2.478
1407	0.4108	0.9724	2.760
1408	0.3960	0.9794	2.058
1409	0.4099	0.9734	2.663
1410	0.4037	0.9753	2.467
1411	0.4066	0.9742	2.580
1412	0.4123	0.9725	2.752
1413	0.4112	0.9723	2.770
1414	0.4091	0.9736	2.642
1415	0.4061	0.9743	2.570
1416	0.4129	0.9718	2.819
1417	0.4114	0.9727	2.733
1418	0.4020	0.9765	2.353
1419	0.4068	0.9746	2.536
1420	0.4105	0.9731	2.694
1421	0.4109	0.9728	2.717
1422	0.3961	0.9792	2.082
1423	0.4110	0.9729	2.714
1424	0.4056	0.9748	2.522
1425	0.4127	0.9718	2.821
1426	0.4116	0.9724	2.759
1427	0.4042	0.9755	2.445
1428	0.4050	0.9749	2.511
1429	0.4115	0.9724	2.761
1430	0.4050	0.9749	2.513
1431	0.4111	0.9726	2.743
1432	0.4066	0.9747	2.534
1433	0.4103	0.9723	2.769
1434	0.4100	0.9730	2.699
1435	0.4119	0.9721	2.787
1436	0.4099	0.9735	2.655
1437	0.4107	0.9722	2.782
1438	0.4065	0.9747	2.532
1439	0.4091	0.9735	2.646
1440	0.4117	0.9724	2.761
1441	0.3974	0.9785	2.149
1442	0.4114	0.9726	2.739
1443	0.4094	0.9733	2.675
1444	0.4097	0.9734	2.663
1445	0.4000	0.9774	2.256
1446	0.4075	0.9742	2.585
1447	0.4111	0.9726	2.736
1448	0.4049	0.9749	2.506
1449	0.4078	0.9740	2.605
1450	0.4120	0.9722	2.776
1451	0.4124	0.9724	2.759
1452	0.4126	0.9717	2.829
1453	0.4037	0.9754	2.462
1454	0.4124	0.9718	2.825
1455	0.4111	0.9728	2.721
1456	0.4082	0.9735	2.651
1457	0.4097	0.9732	2.681
1458	0.3962	0.9794	2.060
1459	0.4055	0.9748	2.515
1460	0.4102	0.9729	2.707
1461	0.4095	0.9729	2.712
1462	0.4100	0.9728	2.723
1463	0.4076	0.9739	2.609
1464	0.4101	0.9733	2.674
1465	0.4126	0.9720	2.804
1466	0.4093	0.9730	2.704
1467	0.4100	0.9730	2.696
1468	0.4053	0.9752	2.475
1469	0.4102	0.9730	2.698
1470	0.4111	0.9727	2.734
1471	0.4037	0.9754	2.461
1472	0.4137	0.9712	2.884
1473	0.3962	0.9794	2.060
1474	0.4127	0.9718	2.821
1475	0.4117	0.9724	2.761
1476	0.4075	0.9739	2.608
1477	0.4123	0.9725	2.752
1478	0.4103	0.9723	2.769
1479	0.3961	0.9792	2.082
1480	0.4087	0.9739	2.609
1481	0.4089	0.9735	2.652
1482	0.4066	0.9747	2.535
1483	0.4037	0.9753	2.468
1484	0.4050	0.9749	2.511
1485	0.4102	0.9728	2.724
1486	0.4119	0.9721	2.786
1487	0.4061	0.9743	2.571
1488	0.4098	0.9734	2.663
1489	0.3943	0.9801	1.985
1490	0.4108	0.9724	2.762
1491	0.4116	0.9724	2.760
1492	0.4114	0.9726	2.739
1493	0.4120	0.9722	2.776
1494	0.4129	0.9718	2.819
1495	0.4102	0.9729	2.707
1496	0.4097	0.9731	2.693
1497	0.4112	0.9723	2.770
1498	0.4019	0.9765	2.352
1499	0.4106	0.9722	2.782
1500	0.3960	0.9794	2.057
1501	0.4102	0.9730	2.697
1502	0.4110	0.9727	2.726
1503	0.4094	0.9734	2.659
1504	0.4083	0.9735	2.650
1505	0.4116	0.9723	2.774
1506	0.4068	0.9749	2.514
1507	0.4101	0.9730	2.701
1508	0.4082	0.9735	2.651
1509	0.4064	0.9747	2.532
1510	0.4109	0.9728	2.717
1511	0.4053	0.9752	2.475
1512	0.3960	0.9796	2.040
1513	0.4086	0.9735	2.651
1514	0.4110	0.9729	2.714
1515	0.4055	0.9748	2.516
1516	0.4100	0.9733	2.674
1517	0.4108	0.9727	2.729
1518	0.4118	0.9722	2.777
1519	0.4042	0.9755	2.446
1520	0.4056	0.9748	2.522
1521	0.4050	0.9749	2.514
1522	0.4123	0.9724	2.760
1523	0.4097	0.9734	2.663
1524	0.4065	0.9742	2.580
1525	0.4093	0.9730	2.704
1526	0.4067	0.9746	2.537
1527	0.4077	0.9740	2.604
1528	0.4079	0.9738	2.623
1529	0.3982	0.9778	2.215
1530	0.4076	0.9739	2.610
1531	0.4099	0.9730	2.699
1532	0.4021	0.9760	2.397
1533	0.4091	0.9736	2.643
1534	0.4057	0.9752	2.478
1535	0.4068	0.9740	2.596
1536	0.4052	0.9748	2.524
1537	0.4090	0.9736	2.645
1538	0.4090	0.9736	2.643
1539	0.4100	0.9730	2.696
1540	0.4097	0.9732	2.680
1541	0.4094	0.9732	2.675
1542	0.3999	0.9774	2.255
1543	0.4120	0.9720	2.804
1544	0.4104	0.9731	2.695
1545	0.4090	0.9732	2.682
1546	0.4110	0.9728	2.723
1547	0.4111	0.9728	2.715
1548	0.3973	0.9785	2.149
1549	0.4099	0.9728	2.721
1550	0.4124	0.9718	2.822
1551	0.4088	0.9732	2.677
1552	0.4074	0.9741	2.585
1553	0.4113	0.9727	2.733
1554	0.4118	0.9722	2.777
1555	0.4126	0.9720	2.803
1556	0.4048	0.9749	2.506
1557	0.4114	0.9724	2.762
1558	0.4070	0.9746	2.540
1559	0.4098	0.9735	2.653
1560	0.4094	0.9729	2.711
1561	0.4110	0.9726	2.738
1562	0.4117	0.9723	2.768
1563	0.4093	0.9730	2.701
1564	0.4132	0.9717	2.828
1565	0.4125	0.9717	2.828
1566	0.4099	0.9731	2.694
1567	0.4111	0.9729	2.715
1568	0.3986	0.9784	2.164
1569	0.4104	0.9729	2.707
1570	0.4111	0.9726	2.743
1571	0.4090	0.9735	2.647
1572	0.4104	0.9731	2.693
1573	0.4124	0.9717	2.826
1574	0.4114	0.9724	2.762
1575	0.4098	0.9734	2.663
1576	0.4115	0.9724	2.760
1577	0.4094	0.9734	2.659
1578	0.4118	0.9722	2.776
1579	0.4037	0.9753	2.469
1580	0.4117	0.9723	2.768
1581	0.4110	0.9727	2.727
1582	0.4102	0.9730	2.695
1583	0.4041	0.9756	2.445
1584	0.4110	0.9729	2.715
1585	0.4125	0.9720	2.800
1586	0.4096	0.9731	2.694
1587	0.3943	0.9802	1.984
1588	0.4079	0.9738	2.621
1589	0.4108	0.9728	2.717
1590	0.4089	0.9735	2.651
1591	0.4128	0.9718	2.819
1592	0.4082	0.9735	2.651
1593	0.3999	0.9775	2.254
1594	0.4098	0.9735	2.653
1595	0.3986	0.9784	2.164
1596	0.4090	0.9736	2.643
1597	0.4117	0.9724	2.762
1598	0.4123	0.9724	2.759
1599	0.4106	0.9722	2.783
1600	0.4036	0.9754	2.460
1601	0.3959	0.9794	2.058
1602	0.4108	0.9727	2.729
1603	0.4092	0.9730	2.703
1604	0.4109	0.9729	2.714
1605	0.4048	0.9749	2.506
1606	0.4111	0.9723	2.769
1607	0.4119	0.9722	2.776
1608	0.4107	0.9724	2.760
1609	0.4096	0.9732	2.681
1610	0.4104	0.9729	2.707
1611	0.4086	0.9735	2.652
1612	0.4090	0.9736	2.640
1613	0.4067	0.9749	2.513
1614	0.4052	0.9752	2.475
1615	0.4118	0.9721	2.786
1616	0.4110	0.9726	2.742
1617	0.3960	0.9796	2.040
1618	0.4112	0.9727	2.733
1619	0.3982	0.9779	2.215
1620	0.4049	0.9749	2.514
1621	0.4110	0.9726	2.735
1622	0.4099	0.9730	2.698
1623	0.4070	0.9746	2.541
1624	0.4055	0.9748	2.516
1625	0.4100	0.9733	2.674
1626	0.4094	0.9729	2.712
1627	0.4057	0.9752	2.477
1628	0.4119	0.9720	2.804
1629	0.4075	0.9739	2.610
1630	0.4100	0.9730	2.701
1631	0.4110	0.9728	2.722
1632	0.3961	0.9794	2.060
1633	0.4064	0.9747	2.532
1634	0.4101	0.9728	2.724
1635	0.4018	0.9765	2.352
1636	0.3973	0.9785	2.148
1637	0.4082	0.9735	2.650
1638	0.4125	0.9717	2.829
1639	0.4060	0.9743	2.570
1640	0.4067	0.9746	2.537
1641	0.4102	0.9723	2.770
1642	0.4136	0.9711	2.886
1643	0.4074	0.9739	2.608
1644	0.4096	0.9734	2.663
1645	0.4099	0.9728	2.721
1646	0.4113	0.9726	2.741
1647	0.4117	0.9722	2.776
1648	0.4055	0.9748	2.523
1649	0.4115	0.9723	2.774
1650	0.4049	0.9749	2.511
1651	0.4126	0.9718	2.820
1652	0.4086	0.9739	2.611
1653	0.4074	0.9742	2.585
1654	0.4068	0.9741	2.595
1655	0.4093	0.9733	2.672
1656	0.4065	0.9747	2.533
1657	0.4098	0.9731	2.694
1658	0.4132	0.9717	2.828
1659	0.4088	0.9733	2.674
1660	0.4092	0.9730	2.704
1661	0.4101	0.9729	2.708
1662	0.4122	0.9725	2.750
1663	0.4065	0.9742	2.579
1664	0.4089	0.9732	2.683
1665	0.4109	0.9726	2.740
1666	0.4020	0.9760	2.398
1667	0.4099	0.9731	2.695
1668	0.3960	0.9792	2.082
1669	0.4076	0.9739	2.605
1670	0.4110	0.9728	2.715
1671	0.4051	0.9748	2.525
1672	0.4117	0.9722	2.777
1673	0.4067	0.9741	2.594
1674	0.4089	0.9732	2.682
1675	0.4125	0.9720	2.800
1676	0.4109	0.9728	2.722
1677	0.4092	0.9730	2.702
1678	0.4049	0.9749	2.513
1679	0.4036	0.9753	2.469
1680	0.4108	0.9728	2.717
1681	0.4110	0.9728	2.715
1682	0.4112	0.9726	2.740
1683	0.4020	0.9760	2.398
1684	0.4110	0.9723	2.772
1685	0.4099	0.9732	2.677
1686	0.4109	0.9729	2.715
1687	0.4115	0.9724	2.760
1688	0.3959	0.9796	2.041
1689	0.4069	0.9746	2.540
1690	0.4135	0.9712	2.884
1691	0.4075	0.9739	2.609
1692	0.4066	0.9746	2.535
1693	0.4098	0.9730	2.698
1694	0.4104	0.9729	2.708
1695	0.4131	0.9717	2.828
1696	0.4101	0.9729	2.707
1697	0.4116	0.9723	2.768
1698	0.4090	0.9736	2.644
1699	0.4127	0.9718	2.818
1700	0.4109	0.9727	2.727
1701	0.4093	0.9733	2.672
1702	0.4081	0.9735	2.651
1703	0.4110	0.9729	2.713
1704	0.4088	0.9735	2.651
1705	0.4078	0.9738	2.620
1706	0.4122	0.9725	2.749
1707	0.3958	0.9794	2.056
1708	0.4074	0.9739	2.607
1709	0.3961	0.9794	2.061
1710	0.4101	0.9730	2.695
1711	0.4110	0.9727	2.734
1712	0.3981	0.9779	2.214
1713	0.4093	0.9729	2.710
1714	0.4082	0.9735	2.650
1715	0.4110	0.9726	2.742
1716	0.4089	0.9735	2.646
1717	0.4085	0.9735	2.651
1718	0.4018	0.9765	2.353
1719	0.4087	0.9733	2.674
1720	0.4113	0.9724	2.763
1721	0.4096	0.9732	2.678
1722	0.4056	0.9752	2.478
1723	0.4112	0.9727	2.732
1724	0.4073	0.9742	2.584
1725	0.3960	0.9792	2.081
1726	0.4116	0.9724	2.761
1727	0.4085	0.9739	2.610
1728	0.4118	0.9721	2.787
1729	0.4095	0.9731	2.694
1730	0.4125	0.9717	2.828
1731	0.4116	0.9722	2.776
1732	0.4123	0.9717	2.827
1733	0.4041	0.9756	2.445
1734	0.4064	0.9747	2.533
1735	0.4035	0.9754	2.460
1736	0.3998	0.9775	2.255
1737	0.4119	0.9720	2.804
1738	0.4101	0.9728	2.722
1739	0.4047	0.9749	2.507
1740	0.4063	0.9747	2.532
1741	0.4092	0.9730	2.702
1742	0.4076	0.9740	2.605
1743	0.4098	0.9728	2.721
1744	0.4090	0.9736	2.641
1745	0.4105	0.9722	2.779
1746	0.4097	0.9734	2.664
1747	0.4067	0.9749	2.513
1748	0.4054	0.9748	2.518
1749	0.4060	0.9743	2.574
1750	0.3942	0.9802	1.984
1751	0.4122	0.9724	2.759
1752	0.4064	0.9742	2.579
1753	0.3985	0.9784	2.164
1754	0.4107	0.9727	2.729
1755	0.4097	0.9731	2.694
1756	0.4099	0.9730	2.695
1757	0.4097	0.9735	2.655
1758	0.4109	0.9726	2.739
1759	0.4052	0.9753	2.474
1760	0.4106	0.9724	2.760
1761	0.4054	0.9748	2.522
1762	0.4114	0.9723	2.774
1763	0.4048	0.9749	2.511
1764	0.4101	0.9723	2.770
1765	0.4118	0.9722	2.776
1766	0.4099	0.9730	2.700
1767	0.4050	0.9748	2.524
1768	0.3972	0.9785	2.149
1769	0.4125	0.9718	2.822
1770	0.4095	0.9734	2.663
1771	0.4103	0.9731	2.693
1772	0.4092	0.9734	2.658
1773	0.4103	0.9729	2.707
1774	0.4106	0.9724	2.760
1775	0.4089	0.9736	2.644
1776	0.4093	0.9729	2.712
1777	0.4064	0.9747	2.534
1778	0.4101	0.9728	2.723
1779	0.4018	0.9765	2.352
1780	0.4063	0.9747	2.532
1781	0.4109	0.9728	2.716
1782	0.4019	0.9760	2.397
1783	0.4109	0.9727	2.734
1784	0.4121	0.9725	2.751
1785	0.4035	0.9753	2.469
1786	0.4095	0.9732	2.681
1787	0.4054	0.9748	2.516
1788	0.3941	0.9801	1.985
1789	0.4073	0.9739	2.609
1790	0.4115	0.9723	2.769
1791	0.4097	0.9735	2.654
1792	0.4101	0.9729	2.708
1793	0.3959	0.9792	2.081
1794	0.4085	0.9739	2.611
1795	0.4108	0.9729	2.714
1796	0.4116	0.9722	2.776
1797	0.4095	0.9731	2.694
1798	0.4087	0.9733	2.675
1799	0.4089	0.9735	2.646
1800	0.4111	0.9727	2.732
1801	0.4091	0.9730	2.702
1802	0.4051	0.9753	2.475
1803	0.4117	0.9721	2.786
1804	0.4122	0.9724	2.758
1805	0.4066	0.9746	2.535
1806	0.4107	0.9728	2.716
1807	0.4081	0.9735	2.650
1808	0.4118	0.9722	2.775
1809	0.3984	0.9784	2.164
1810	0.4101	0.9723	2.769
1811	0.4076	0.9740	2.604
1812	0.4100	0.9730	2.698
1813	0.4040	0.9755	2.446
1814	0.4085	0.9735	2.652
1815	0.4098	0.9730	2.698
1816	0.4109	0.9728	2.722
1817	0.4066	0.9749	2.513
1818	0.4048	0.9749	2.511
1819	0.4131	0.9717	2.827
1820	0.4050	0.9748	2.523
1821	0.4099	0.9730	2.701
1822	0.4067	0.9740	2.596
1823	0.4118	0.9720	2.804
1824	0.4068	0.9746	2.541
1825	0.4088	0.9732	2.682
1826	0.4113	0.9724	2.763
1827	0.4073	0.9741	2.585
1828	0.4124	0.9717	2.829
1829	0.4087	0.9735	2.651
1830	0.4109	0.9729	2.714
1831	0.4035	0.9754	2.461
1832	0.4108	0.9727	2.727
1833	0.4095	0.9734	2.663
1834	0.4102	0.9731	2.694
1835	0.4097	0.9728	2.720
1836	0.3981	0.9779	2.215
1837	0.4109	0.9726	2.740
1838	0.4098	0.9732	2.677
1839	0.4125	0.9718	2.817
1840	0.4092	0.9733	2.672
1841	0.4108	0.9726	2.739
1842	0.4124	0.9720	2.800
1843	0.4091	0.9730	2.701
1844	0.4059	0.9743	2.574
1845	0.4097	0.9731	2.691
1846	0.4134	0.9712	2.884
1847	0.4126	0.9718	2.817
1848	0.4064	0.9742	2.580
1849	0.4046	0.9749	2.507
1850	0.4122	0.9717	2.826
1851	0.3997	0.9775	2.254
1852	0.4111	0.9726	2.742
1853	0.4074	0.9739	2.611
1854	0.4114	0.9724	2.760
1855	0.3958	0.9794	2.058
1856	0.4048	0.9749	2.512
1857	0.4104	0.9722	2.780
1858	0.3972	0.9785	2.147
1859	0.4096	0.9734	2.663
1860	0.3960	0.9794	2.060
1861	0.4089	0.9736	2.641
1862	0.4106	0.9727	2.730
1863	0.4055	0.9752	2.477
1864	0.4077	0.9738	2.623
1865	0.4054	0.9748	2.523
1866	0.3958	0.9796	2.041
1867	0.4092	0.9734	2.656
1868	0.4114	0.9723	2.774
1869	0.4098	0.9730	2.695
1870	0.4109	0.9723	2.770
1871	0.4080	0.9735	2.653
1872	0.4115	0.9724	2.762
1873	0.4116	0.9722	2.778
1874	0.4097	0.9730	2.700
1875	0.4121	0.9725	2.752
1876	0.3984	0.9784	2.164
1877	0.4066	0.9740	2.595
1878	0.4066	0.9749	2.514
1879	0.4102	0.9731	2.695
1880	0.3997	0.9774	2.255
1881	0.4109	0.9729	2.712
1882	0.4059	0.9743	2.569
1883	0.4080	0.9735	2.652
1884	0.4046	0.9749	2.505
1885	0.4092	0.9732	2.675
1886	0.4106	0.9724	2.762
1887	0.4040	0.9755	2.445
1888	0.4091	0.9730	2.703
1889	0.4095	0.9734	2.663
1890	0.4100	0.9729	2.707
1891	0.4130	0.9717	2.829
1892	0.4126	0.9718	2.819
1893	0.4099	0.9730	2.700
1894	0.4047	0.9749	2.511
1895	0.3959	0.9792	2.082
1896	0.4115	0.9722	2.777
1897	0.4117	0.9721	2.787
1898	0.4116	0.9722	2.778
1899	0.4108	0.9728	2.725
1900	0.4063	0.9742	2.580
1901	0.4100	0.9730	2.697
1902	0.3960	0.9794	2.060
1903	0.4121	0.9724	2.761
1904	0.4047	0.9749	2.514
1905	0.4124	0.9717	2.829
1906	0.4084	0.9739	2.609
1907	0.4124	0.9720	2.805
1908	0.4118	0.9720	2.804
1909	0.4077	0.9738	2.623
1910	0.4050	0.9748	2.523
1911	0.4101	0.9723	2.770
1912	0.4018	0.9760	2.396
1913	0.3941	0.9801	1.986
1914	0.4109	0.9726	2.743
1915	0.4095	0.9732	2.680
1916	0.4072	0.9741	2.587
1917	0.3971	0.9785	2.148
1918	0.4109	0.9726	2.736
1919	0.4098	0.9730	2.696
1920	0.4094	0.9731	2.694
1921	0.4017	0.9765	2.353
1922	0.4114	0.9723	2.772
1923	0.4112	0.9724	2.762
1924	0.4125	0.9718	2.822
1925	0.4090	0.9729	2.705
1926	0.4087	0.9732	2.682
1927	0.4088	0.9736	2.644
1928	0.4109	0.9723	2.770
1929	0.4111	0.9727	2.733
1930	0.4113	0.9724	2.759
1931	0.4084	0.9735	2.650
1932	0.4122	0.9718	2.822
1933	0.4072	0.9739	2.607
1934	0.3980	0.9778	2.215
1935	0.4034	0.9754	2.460
1936	0.4098	0.9733	2.674
1937	0.4115	0.9723	2.770
1938	0.4108	0.9728	2.723
1939	0.4108	0.9728	2.715
1940	0.4134	0.9711	2.885
1941	0.4073	0.9739	2.610
1942	0.4102	0.9729	2.707
1943	0.4111	0.9726	2.741
1944	0.4092	0.9729	2.712
1945	0.4104	0.9722	2.782
1946	0.4088	0.9736	2.642
1947	0.4096	0.9734	2.663
1948	0.4065	0.9746	2.537
1949	0.4097	0.9728	2.721
1950	0.4063	0.9747	2.534
1951	0.4088	0.9736	2.644
1952	0.4114	0.9724	2.762
1953	0.4062	0.9747	2.532
1954	0.4108	0.9726	2.739
1955	0.4080	0.9735	2.649
1956	0.4107	0.9728	2.715
1957	0.4053	0.9748	2.523
1958	0.4096	0.9735	2.654
1959	0.4050	0.9753	2.474
1960	0.3957	0.9794	2.057
1961	0.4100	0.9728	2.724
1962	0.4086	0.9732	2.677
1963	0.4055	0.9752	2.478
1964	0.4068	0.9746	2.541
1965	0.4096	0.9731	2.693
1966	0.4091	0.9734	2.659
1967	0.4075	0.9740	2.605
1968	0.4087	0.9735	2.651
1969	0.4106	0.9728	2.716
1970	0.3958	0.9796	2.039
1971	0.4034	0.9753	2.469
1972	0.4117	0.9722	2.776
1973	0.4105	0.9727	2.730
1974	0.4053	0.9748	2.516
1975	0.4108	0.9726	2.739
1976	0.4114	0.9724	2.761
1977	0.4049	0.9748	2.523
1978	0.4121	0.9724	2.760
1979	0.4065	0.9746	2.537
1980	0.4075	0.9740	2.605
1981	0.4050	0.9753	2.474
1982	0.4092	0.9729	2.712
1983	0.4095	0.9735	2.654
1984	0.4099	0.9730	2.698
1985	0.4068	0.9746	2.541
1986	0.4102	0.9731	2.693
1987	0.4099	0.9728	2.722
1988	0.4086	0.9733	2.674
1989	0.4124	0.9718	2.820
1990	0.4113	0.9724	2.760
1991	0.4121	0.9717	2.827
1992	0.4105	0.9724	2.757
1993	0.4126	0.9718	2.818
1994	0.4096	0.9731	2.691
1995	0.3996	0.9775	2.254
1996	0.4065	0.9749	2.513
1997	0.4072	0.9739	2.607
1998	0.4090	0.9730	2.702
1999	0.4115	0.9723	2.775
