0	0.4145	0.9735	2.655
1	0.4115	0.9740	2.597
2	0.4121	0.9739	2.610
3	0.4046	0.9774	2.256
4	0.4158	0.9729	2.714
5	0.4020	0.9785	2.149
6	0.4149	0.9727	2.728
7	0.4160	0.9725	2.746
8	0.4163	0.9722	2.775
9	0.4100	0.9752	2.480
10	0.4149	0.9723	2.766
11	0.4165	0.9722	2.781
12	0.4032	0.9783	2.169
13	0.4107	0.9743	2.571
14	0.4096	0.9749	2.512
15	0.4147	0.9729	2.708
16	0.4158	0.9726	2.744
17	0.4095	0.9749	2.508
18	0.4133	0.9735	2.654
19	0.4170	0.9723	2.766
20	0.4157	0.9727	2.731
21	0.4160	0.9726	2.736
22	0.4169	0.9724	2.756
23	0.4065	0.9765	2.352
24	0.4183	0.9711	2.887
25	0.4145	0.9730	2.701
26	0.4143	0.9733	2.668
27	0.4172	0.9717	2.833
28	0.4162	0.9724	2.763
29	0.4179	0.9717	2.835
30	0.4166	0.9720	2.805
31	0.4136	0.9734	2.659
32	0.4115	0.9748	2.516
33	0.4088	0.9756	2.445
34	0.4139	0.9730	2.703
35	0.4155	0.9728	2.720
36	0.4147	0.9730	2.701
37	0.4140	0.9732	2.678
38	0.4156	0.9729	2.713
39	0.4149	0.9729	2.709
40	0.4145	0.9733	2.668
41	0.4083	0.9754	2.464
42	0.4147	0.9733	2.675
43	0.4143	0.9730	2.695
44	0.4154	0.9727	2.729
45	0.4083	0.9753	2.469
46	0.4007	0.9792	2.084
47	0.4137	0.9735	2.652
48	0.4029	0.9778	2.216
49	0.4098	0.9747	2.526
50	0.4157	0.9726	2.737
51	0.4164	0.9722	2.783
52	0.4129	0.9735	2.652
53	0.4139	0.9729	2.705
54	0.4143	0.9731	2.687
55	0.4148	0.9730	2.701
56	0.4133	0.9738	2.616
57	0.4104	0.9752	2.479
58	0.4151	0.9730	2.698
59	0.4140	0.9734	2.660
60	0.4122	0.9739	2.612
61	0.4096	0.9749	2.515
62	0.4157	0.9727	2.732
63	0.4112	0.9742	2.583
64	0.4137	0.9735	2.648
65	0.4151	0.9729	2.709
66	0.4170	0.9718	2.825
67	0.4175	0.9718	2.825
68	0.4114	0.9746	2.538
69	0.4125	0.9738	2.625
70	0.4173	0.9718	2.825
71	0.4157	0.9728	2.723
72	0.4008	0.9794	2.061
73	0.4102	0.9747	2.530
74	0.4123	0.9739	2.608
75	0.4135	0.9732	2.680
76	0.4146	0.9730	2.699
77	0.4163	0.9723	2.775
78	0.4161	0.9724	2.764
79	0.4136	0.9732	2.683
80	0.4116	0.9745	2.547
81	0.4156	0.9725	2.747
82	0.4172	0.9719	2.809
83	0.4006	0.9796	2.041
84	0.4141	0.9728	2.716
85	0.4067	0.9760	2.398
86	0.4163	0.9724	2.761
87	0.4110	0.9746	2.537
88	0.3989	0.9801	1.987
89	0.4145	0.9728	2.724
90	0.4101	0.9749	2.515
91	0.4165	0.9721	2.790
92	0.4158	0.9723	2.773
93	0.4166	0.9722	2.778
94	0.4154	0.9723	2.765
95	0.4137	0.9735	2.647
96	0.4128	0.9735	2.652
97	0.4020	0.9785	2.149
98	0.4162	0.9722	2.775
99	0.4111	0.9742	2.583
100	0.4140	0.9732	2.679
101	0.4157	0.9728	2.724
102	0.4099	0.9752	2.479
103	0.3989	0.9801	1.987
104	0.4140	0.9734	2.659
105	0.4045	0.9774	2.256
106	0.4147	0.9729	2.708
107	0.4098	0.9747	2.526
108	0.4169	0.9724	2.756
109	0.4008	0.9794	2.061
110	0.4150	0.9730	2.701
111	0.4170	0.9718	2.825
112	0.4155	0.9728	2.720
113	0.4137	0.9735	2.652
114	0.4143	0.9733	2.669
115	0.4088	0.9756	2.445
116	0.4163	0.9721	2.785
117	0.4145	0.9730	2.699
118	0.4032	0.9783	2.168
119	0.4136	0.9732	2.684
120	0.4166	0.9723	2.774
121	0.4145	0.9730	2.702
122	0.4082	0.9754	2.464
123	0.4174	0.9717	2.829
124	0.4157	0.9726	2.744
125	0.4132	0.9735	2.654
126	0.4107	0.9743	2.572
127	0.4137	0.9735	2.647
128	0.4094	0.9749	2.508
129	0.4139	0.9730	2.704
130	0.4114	0.9748	2.518
131	0.4154	0.9723	2.765
132	0.4140	0.9728	2.716
133	0.4146	0.9730	2.700
134	0.4166	0.9719	2.806
135	0.4145	0.9728	2.724
136	0.4144	0.9733	2.669
137	0.4163	0.9722	2.776
138	0.4065	0.9765	2.353
139	0.4162	0.9724	2.762
140	0.4157	0.9726	2.738
141	0.4163	0.9724	2.761
142	0.4160	0.9723	2.765
143	0.4116	0.9745	2.548
144	0.4149	0.9723	2.766
145	0.4121	0.9739	2.612
146	0.4066	0.9760	2.398
147	0.4172	0.9719	2.811
148	0.4164	0.9722	2.780
149	0.4148	0.9730	2.700
150	0.4142	0.9731	2.695
151	0.4159	0.9726	2.736
152	0.4123	0.9739	2.608
153	0.4028	0.9778	2.216
154	0.4148	0.9727	2.728
155	0.4114	0.9740	2.597
156	0.4103	0.9752	2.479
157	0.4182	0.9711	2.888
158	0.4157	0.9723	2.773
159	0.4150	0.9729	2.710
160	0.4156	0.9727	2.730
161	0.4156	0.9725	2.747
162	0.4111	0.9746	2.540
163	0.4128	0.9735	2.654
164	0.4082	0.9753	2.469
165	0.4164	0.9721	2.789
166	0.4110	0.9746	2.537
167	0.4169	0.9723	2.768
168	0.4128	0.9735	2.652
169	0.4120	0.9739	2.612
170	0.4148	0.9729	2.709
171	0.4171	0.9717	2.831
172	0.4155	0.9727	2.731
173	0.4159	0.9726	2.743
174	0.4006	0.9792	2.084
175	0.4144	0.9734	2.655
176	0.4005	0.9794	2.057
177	0.4172	0.9718	2.823
178	0.4006	0.9796	2.041
179	0.4101	0.9747	2.528
180	0.4125	0.9738	2.625
181	0.4113	0.9746	2.538
182	0.4178	0.9717	2.835
183	0.4101	0.9749	2.515
184	0.4143	0.9731	2.686
185	0.4138	0.9730	2.705
186	0.4132	0.9739	2.614
187	0.4153	0.9727	2.729
188	0.4136	0.9735	2.649
189	0.4156	0.9729	2.712
190	0.4095	0.9749	2.511
191	0.4155	0.9729	2.714
192	0.4120	0.9741	2.588
193	0.4095	0.9748	2.516
194	0.4134	0.9732	2.678
195	0.4135	0.9734	2.659
196	0.4151	0.9722	2.783
197	0.4146	0.9733	2.675
198	0.4113	0.9746	2.539
199	0.4127	0.9735	2.653
200	0.4005	0.9794	2.058
201	0.4145	0.9730	2.699
202	0.4146	0.9733	2.675
203	0.4147	0.9727	2.728
204	0.4156	0.9726	2.743
205	0.4148	0.9723	2.767
206	0.4158	0.9726	2.735
207	0.4145	0.9730	2.702
208	0.4110	0.9746	2.537
209	0.4006	0.9792	2.084
210	0.4142	0.9734	2.665
211	0.4153	0.9727	2.727
212	0.4165	0.9720	2.804
213	0.4168	0.9724	2.765
214	0.4147	0.9730	2.697
215	0.4102	0.9752	2.480
216	0.4111	0.9746	2.541
217	0.4082	0.9753	2.471
218	0.4178	0.9717	2.828
219	0.4097	0.9748	2.525
220	0.4132	0.9738	2.616
221	0.4144	0.9730	2.699
222	0.4007	0.9794	2.060
223	0.4136	0.9735	2.652
224	0.4101	0.9747	2.530
225	0.4135	0.9732	2.683
226	0.4095	0.9749	2.511
227	0.4136	0.9735	2.647
228	0.4136	0.9735	2.645
229	0.4154	0.9728	2.718
230	0.4005	0.9796	2.041
231	0.4122	0.9739	2.607
232	0.4150	0.9729	2.710
233	0.4171	0.9717	2.832
234	0.4106	0.9743	2.574
235	0.4165	0.9722	2.776
236	0.4064	0.9765	2.353
237	0.4146	0.9729	2.707
238	0.4164	0.9721	2.790
239	0.4149	0.9730	2.699
240	0.4027	0.9778	2.216
241	0.4066	0.9760	2.398
242	0.4181	0.9711	2.887
243	0.4139	0.9734	2.658
244	0.4155	0.9729	2.712
245	0.4095	0.9749	2.515
246	0.4171	0.9719	2.811
247	0.4163	0.9722	2.782
248	0.4161	0.9723	2.775
249	0.4138	0.9730	2.703
250	0.4098	0.9752	2.480
251	0.4140	0.9729	2.715
252	0.4169	0.9717	2.825
253	0.4159	0.9723	2.765
254	0.4081	0.9754	2.463
255	0.4156	0.9729	2.714
256	0.4131	0.9735	2.653
257	0.4100	0.9748	2.515
258	0.4151	0.9722	2.785
259	0.4155	0.9725	2.747
260	0.4124	0.9738	2.625
261	0.4134	0.9734	2.660
262	0.4172	0.9718	2.825
263	0.4156	0.9728	2.723
264	0.4138	0.9730	2.705
265	0.4143	0.9733	2.668
266	0.4113	0.9748	2.517
267	0.4093	0.9749	2.507
268	0.4144	0.9728	2.724
269	0.4162	0.9724	2.761
270	0.4162	0.9722	2.775
271	0.4113	0.9740	2.597
272	0.4155	0.9727	2.732
273	0.4110	0.9742	2.583
274	0.4018	0.9785	2.149
275	0.4153	0.9723	2.765
276	0.4155	0.9727	2.730
277	0.4115	0.9745	2.546
278	0.4142	0.9730	2.695
279	0.4168	0.9724	2.757
280	0.4142	0.9731	2.686
281	0.4119	0.9741	2.588
282	0.4161	0.9724	2.762
283	0.4133	0.9732	2.677
284	0.4031	0.9783	2.168
285	0.4120	0.9739	2.611
286	0.4156	0.9726	2.736
287	0.4156	0.9723	2.773
288	0.4086	0.9756	2.445
289	0.4158	0.9726	2.744
290	0.4163	0.9722	2.780
291	0.4121	0.9739	2.613
292	0.3988	0.9801	1.987
293	0.4128	0.9735	2.652
294	0.4173	0.9718	2.822
295	0.4143	0.9735	2.655
296	0.4138	0.9732	2.678
297	0.4044	0.9774	2.256
298	0.4147	0.9729	2.709
299	0.4065	0.9760	2.398
300	0.4127	0.9735	2.651
301	0.4144	0.9730	2.699
302	0.4096	0.9747	2.525
303	0.4119	0.9741	2.589
304	0.4141	0.9730	2.695
305	0.4177	0.9717	2.835
306	0.4110	0.9746	2.540
307	0.4094	0.9748	2.516
308	0.4115	0.9745	2.546
309	0.4113	0.9748	2.516
310	0.4156	0.9723	2.770
311	0.4170	0.9717	2.831
312	0.3987	0.9801	1.988
313	0.4122	0.9739	2.606
314	0.4142	0.9732	2.685
315	0.4162	0.9724	2.762
316	0.4106	0.9743	2.574
317	0.4134	0.9732	2.683
318	0.4137	0.9729	2.706
319	0.4147	0.9727	2.728
320	0.4044	0.9774	2.256
321	0.4064	0.9765	2.353
322	0.4147	0.9723	2.766
323	0.4004	0.9794	2.059
324	0.4102	0.9752	2.479
325	0.4154	0.9729	2.713
326	0.4168	0.9723	2.768
327	0.4137	0.9730	2.703
328	0.4113	0.9740	2.598
329	0.4143	0.9730	2.701
330	0.4167	0.9724	2.757
331	0.4135	0.9735	2.647
332	0.4164	0.9722	2.776
333	0.4152	0.9727	2.728
334	0.4155	0.9728	2.723
335	0.4155	0.9729	2.714
336	0.4149	0.9730	2.696
337	0.4157	0.9727	2.734
338	0.4149	0.9729	2.711
339	0.4144	0.9730	2.700
340	0.4126	0.9735	2.655
341	0.4093	0.9749	2.508
342	0.4155	0.9725	2.746
343	0.4145	0.9730	2.705
344	0.4141	0.9734	2.664
345	0.4146	0.9729	2.710
346	0.4027	0.9778	2.216
347	0.4131	0.9735	2.651
348	0.4123	0.9738	2.624
349	0.4006	0.9794	2.060
350	0.4159	0.9724	2.763
351	0.4109	0.9746	2.537
352	0.4120	0.9739	2.614
353	0.4018	0.9785	2.148
354	0.4154	0.9727	2.730
355	0.4094	0.9749	2.510
356	0.4155	0.9726	2.743
357	0.4139	0.9728	2.716
358	0.4030	0.9783	2.168
359	0.4135	0.9735	2.647
360	0.4163	0.9721	2.789
361	0.4097	0.9752	2.478
362	0.4100	0.9747	2.530
363	0.4164	0.9720	2.805
364	0.4142	0.9733	2.669
365	0.4162	0.9722	2.784
366	0.4133	0.9732	2.681
367	0.4163	0.9722	2.780
368	0.4081	0.9753	2.468
369	0.4131	0.9739	2.614
370	0.4119	0.9739	2.610
371	0.4110	0.9741	2.586
372	0.4152	0.9723	2.765
373	0.4153	0.9728	2.721
374	0.4168	0.9717	2.825
375	0.4160	0.9723	2.775
376	0.4143	0.9728	2.724
377	0.4135	0.9735	2.653
378	0.4146	0.9730	2.699
379	0.4004	0.9796	2.040
380	0.4158	0.9726	2.744
381	0.4080	0.9754	2.463
382	0.4099	0.9749	2.515
383	0.4170	0.9719	2.811
384	0.4112	0.9746	2.537
385	0.4161	0.9723	2.775
386	0.4138	0.9732	2.678
387	0.4142	0.9734	2.655
388	0.4133	0.9734	2.658
389	0.4160	0.9724	2.762
390	0.4171	0.9718	2.822
391	0.4180	0.9711	2.887
392	0.4144	0.9732	2.676
393	0.4154	0.9727	2.729
394	0.4086	0.9755	2.445
395	0.4155	0.9726	2.737
396	0.4138	0.9734	2.660
397	0.4172	0.9718	2.820
398	0.4150	0.9722	2.781
399	0.4005	0.9792	2.083
400	0.4134	0.9732	2.682
401	0.4131	0.9739	2.614
402	0.4080	0.9754	2.463
403	0.4167	0.9723	2.766
404	0.4135	0.9735	2.652
405	0.4138	0.9734	2.661
406	0.4093	0.9749	2.511
407	0.4157	0.9726	2.744
408	0.4153	0.9728	2.719
409	0.4096	0.9747	2.525
410	0.4164	0.9722	2.776
411	0.4127	0.9735	2.651
412	0.4155	0.9728	2.722
413	0.4160	0.9722	2.775
414	0.4158	0.9724	2.761
415	0.4180	0.9711	2.886
416	0.4138	0.9732	2.677
417	0.4043	0.9774	2.258
418	0.4006	0.9794	2.060
419	0.4154	0.9725	2.747
420	0.4142	0.9733	2.667
421	0.4160	0.9724	2.762
422	0.4143	0.9727	2.726
423	0.4161	0.9723	2.774
424	0.4154	0.9727	2.726
425	0.4154	0.9727	2.730
426	0.4081	0.9753	2.470
427	0.4003	0.9794	2.055
428	0.4144	0.9732	2.676
429	0.4155	0.9726	2.736
430	0.4164	0.9720	2.804
431	0.4141	0.9731	2.694
432	0.4161	0.9722	2.781
433	0.4119	0.9739	2.612
434	0.4112	0.9749	2.515
435	0.4152	0.9727	2.727
436	0.4135	0.9735	2.645
437	0.4118	0.9741	2.586
438	0.4101	0.9752	2.479
439	0.4030	0.9783	2.167
440	0.4155	0.9723	2.770
441	0.4004	0.9796	2.041
442	0.4109	0.9742	2.581
443	0.4121	0.9740	2.604
444	0.4144	0.9730	2.702
445	0.4111	0.9746	2.538
446	0.4112	0.9740	2.598
447	0.3987	0.9801	1.988
448	0.4147	0.9723	2.766
449	0.4155	0.9729	2.713
450	0.4105	0.9743	2.574
451	0.4140	0.9734	2.664
452	0.4146	0.9727	2.726
453	0.4004	0.9792	2.083
454	0.4148	0.9730	2.696
455	0.4169	0.9717	2.831
456	0.4017	0.9785	2.149
457	0.4155	0.9726	2.743
458	0.4097	0.9752	2.478
459	0.4064	0.9760	2.400
460	0.4142	0.9735	2.655
461	0.4148	0.9729	2.710
462	0.4151	0.9723	2.765
463	0.4108	0.9746	2.537
464	0.4141	0.9732	2.684
465	0.4109	0.9746	2.540
466	0.4099	0.9748	2.519
467	0.4092	0.9749	2.508
468	0.4146	0.9729	2.709
469	0.4138	0.9729	2.715
470	0.4099	0.9747	2.529
471	0.4136	0.9729	2.705
472	0.4170	0.9718	2.824
473	0.4144	0.9729	2.707
474	0.4130	0.9735	2.652
475	0.4142	0.9730	2.700
476	0.4093	0.9748	2.516
477	0.4062	0.9765	2.353
478	0.4119	0.9739	2.612
479	0.4123	0.9738	2.625
480	0.4168	0.9717	2.825
481	0.4145	0.9730	2.700
482	0.4169	0.9719	2.811
483	0.4132	0.9732	2.678
484	0.4114	0.9745	2.546
485	0.4026	0.9779	2.215
486	0.4133	0.9734	2.659
487	0.4150	0.9722	2.785
488	0.4162	0.9721	2.789
489	0.4172	0.9718	2.822
490	0.4160	0.9724	2.762
491	0.4176	0.9717	2.835
492	0.4136	0.9730	2.704
493	0.4153	0.9729	2.714
494	0.4162	0.9722	2.781
495	0.4134	0.9735	2.647
496	0.4156	0.9727	2.735
497	0.4166	0.9724	2.756
498	0.4085	0.9756	2.445
499	0.4125	0.9735	2.653
500	0.4143	0.9730	2.698
501	0.4042	0.9774	2.256
502	0.4145	0.9730	2.701
503	0.4160	0.9722	2.775
504	0.4140	0.9731	2.686
505	0.4026	0.9778	2.215
506	0.4004	0.9792	2.083
507	0.4112	0.9740	2.597
508	0.4137	0.9732	2.678
509	0.4154	0.9726	2.737
510	0.4145	0.9727	2.728
511	0.4133	0.9732	2.683
512	0.4080	0.9753	2.469
513	0.4141	0.9735	2.655
514	0.4140	0.9734	2.665
515	0.4095	0.9748	2.525
516	0.4149	0.9722	2.784
517	0.4126	0.9735	2.651
518	0.4144	0.9733	2.674
519	0.4155	0.9723	2.772
520	0.4113	0.9745	2.546
521	0.4130	0.9739	2.615
522	0.4143	0.9730	2.698
523	0.4140	0.9730	2.695
524	0.4144	0.9729	2.706
525	0.4154	0.9727	2.729
526	0.4151	0.9724	2.764
527	0.4005	0.9794	2.060
528	0.4153	0.9725	2.747
529	0.4148	0.9729	2.711
530	0.4120	0.9739	2.605
531	0.4062	0.9765	2.353
532	0.4104	0.9743	2.573
533	0.4153	0.9727	2.730
534	0.4118	0.9739	2.612
535	0.4161	0.9722	2.781
536	0.4141	0.9733	2.667
537	0.4170	0.9718	2.824
538	0.4147	0.9730	2.697
539	0.4156	0.9726	2.735
540	0.4136	0.9730	2.703
541	0.4064	0.9760	2.399
542	0.4151	0.9727	2.729
543	0.4171	0.9718	2.822
544	0.4166	0.9723	2.765
545	0.4092	0.9749	2.511
546	0.4085	0.9756	2.445
547	0.4125	0.9735	2.652
548	0.4118	0.9741	2.588
549	0.4132	0.9734	2.658
550	0.4098	0.9748	2.517
551	0.4129	0.9735	2.651
552	0.4136	0.9730	2.705
553	0.4134	0.9736	2.645
554	0.4167	0.9718	2.824
555	0.4179	0.9711	2.888
556	0.4096	0.9752	2.479
557	0.4016	0.9785	2.148
558	0.4152	0.9728	2.720
559	0.4099	0.9747	2.528
560	0.4079	0.9754	2.463
561	0.4142	0.9728	2.724
562	0.4154	0.9729	2.714
563	0.4110	0.9746	2.537
564	0.4163	0.9722	2.776
565	0.4159	0.9724	2.762
566	0.4107	0.9746	2.538
567	0.4154	0.9726	2.743
568	0.4091	0.9749	2.508
569	0.4137	0.9734	2.660
570	0.4111	0.9748	2.516
571	0.4153	0.9729	2.712
572	0.4145	0.9729	2.710
573	0.4161	0.9722	2.778
574	0.4159	0.9723	2.774
575	0.3986	0.9801	1.989
576	0.4134	0.9735	2.651
577	0.4157	0.9724	2.761
578	0.4162	0.9721	2.789
579	0.4092	0.9748	2.515
580	0.4154	0.9728	2.720
581	0.4143	0.9730	2.699
582	0.4166	0.9724	2.755
583	0.4029	0.9783	2.167
584	0.4002	0.9794	2.056
585	0.4003	0.9796	2.041
586	0.4160	0.9724	2.762
587	0.4156	0.9726	2.744
588	0.4163	0.9719	2.806
589	0.4100	0.9752	2.478
590	0.4108	0.9742	2.582
591	0.4119	0.9739	2.613
592	0.4122	0.9738	2.625
593	0.4169	0.9719	2.811
594	0.4133	0.9735	2.648
595	0.4137	0.9728	2.715
596	0.4108	0.9746	2.541
597	0.4175	0.9717	2.835
598	0.4142	0.9730	2.700
599	0.4131	0.9732	2.677
600	0.4168	0.9717	2.832
601	0.4146	0.9723	2.767
602	0.4132	0.9732	2.683
603	0.4125	0.9735	2.651
604	0.4154	0.9726	2.743
605	0.4079	0.9753	2.469
606	0.4079	0.9754	2.463
607	0.4062	0.9765	2.353
608	0.4145	0.9727	2.727
609	0.4104	0.9743	2.572
610	0.4170	0.9717	2.825
611	0.4153	0.9726	2.738
612	0.4113	0.9745	2.547
613	0.4141	0.9734	2.655
614	0.4135	0.9730	2.703
615	0.4098	0.9748	2.516
616	0.4084	0.9756	2.445
617	0.4025	0.9778	2.215
618	0.4153	0.9729	2.715
619	0.4145	0.9723	2.766
620	0.4120	0.9739	2.607
621	0.4142	0.9730	2.699
622	0.4169	0.9719	2.811
623	0.4140	0.9731	2.686
624	0.4042	0.9774	2.256
625	0.4094	0.9747	2.526
626	0.4108	0.9742	2.583
627	0.4156	0.9726	2.737
628	0.4139	0.9731	2.695
629	0.4162	0.9722	2.777
630	0.4153	0.9725	2.747
631	0.4156	0.9725	2.746
632	0.4168	0.9717	2.833
633	0.4129	0.9739	2.613
634	0.4160	0.9722	2.781
635	0.4144	0.9730	2.700
636	0.4129	0.9735	2.650
637	0.4133	0.9735	2.648
638	0.4158	0.9722	2.775
639	0.4154	0.9723	2.771
640	0.4135	0.9729	2.706
641	0.4151	0.9728	2.719
642	0.4004	0.9794	2.061
643	0.3985	0.9801	1.988
644	0.4124	0.9735	2.653
645	0.4153	0.9728	2.723
646	0.4016	0.9785	2.148
647	0.4165	0.9724	2.757
648	0.4159	0.9723	2.775
649	0.4152	0.9729	2.713
650	0.4003	0.9792	2.083
651	0.4092	0.9748	2.515
652	0.4150	0.9723	2.765
653	0.4092	0.9749	2.512
654	0.4141	0.9730	2.700
655	0.4165	0.9723	2.768
656	0.4171	0.9718	2.822
657	0.4150	0.9727	2.727
658	0.4118	0.9739	2.614
659	0.4137	0.9728	2.717
660	0.4099	0.9752	2.479
661	0.4108	0.9746	2.539
662	0.4111	0.9740	2.598
663	0.4141	0.9733	2.667
664	0.4131	0.9734	2.657
665	0.4002	0.9794	2.057
666	0.4131	0.9732	2.677
667	0.4133	0.9735	2.645
668	0.4179	0.9711	2.887
669	0.4143	0.9729	2.705
670	0.4133	0.9735	2.651
671	0.4147	0.9729	2.710
672	0.4153	0.9727	2.730
673	0.4161	0.9721	2.789
674	0.4141	0.9728	2.725
675	0.4028	0.9783	2.168
676	0.4152	0.9727	2.731
677	0.4139	0.9733	2.665
678	0.4090	0.9749	2.508
679	0.4117	0.9739	2.611
680	0.4161	0.9722	2.781
681	0.4146	0.9730	2.696
682	0.4110	0.9749	2.515
683	0.4121	0.9738	2.625
684	0.4166	0.9718	2.824
685	0.4117	0.9741	2.588
686	0.4158	0.9724	2.762
687	0.4162	0.9720	2.804
688	0.4109	0.9746	2.537
689	0.4148	0.9722	2.782
690	0.4175	0.9717	2.830
691	0.4098	0.9747	2.529
692	0.4142	0.9732	2.675
693	0.4002	0.9796	2.041
694	0.4136	0.9732	2.677
695	0.4159	0.9724	2.762
696	0.4063	0.9760	2.397
697	0.4106	0.9746	2.537
698	0.4144	0.9729	2.709
699	0.4136	0.9734	2.659
700	0.4156	0.9724	2.764
701	0.4142	0.9730	2.701
702	0.4095	0.9752	2.479
703	0.4110	0.9740	2.598
704	0.4110	0.9748	2.516
705	0.4129	0.9739	2.615
706	0.4095	0.9752	2.479
707	0.4142	0.9732	2.675
708	0.4160	0.9722	2.778
709	0.4152	0.9727	2.728
710	0.4152	0.9729	2.712
711	0.4130	0.9732	2.677
712	0.4162	0.9720	2.804
713	0.4141	0.9730	2.699
714	0.4003	0.9792	2.083
715	0.4116	0.9741	2.589
716	0.4168	0.9717	2.830
717	0.4142	0.9730	2.700
718	0.4078	0.9754	2.464
719	0.4002	0.9796	2.041
720	0.4145	0.9723	2.766
721	0.4174	0.9717	2.830
722	0.3985	0.9801	1.988
723	0.4161	0.9721	2.789
724	0.4132	0.9735	2.647
725	0.4148	0.9722	2.782
726	0.4168	0.9719	2.810
727	0.4132	0.9732	2.682
728	0.4158	0.9723	2.775
729	0.4136	0.9734	2.660
730	0.4153	0.9726	2.735
731	0.4119	0.9740	2.605
732	0.4091	0.9749	2.515
733	0.4146	0.9730	2.696
734	0.4107	0.9742	2.581
735	0.4141	0.9730	2.698
736	0.4109	0.9746	2.537
737	0.4084	0.9756	2.445
738	0.4099	0.9752	2.480
739	0.4112	0.9745	2.546
740	0.4170	0.9718	2.821
741	0.4159	0.9724	2.764
742	0.4091	0.9749	2.509
743	0.4139	0.9732	2.683
744	0.4001	0.9794	2.056
745	0.4152	0.9727	2.730
746	0.4146	0.9729	2.711
747	0.4061	0.9765	2.353
748	0.4136	0.9728	2.715
749	0.4097	0.9748	2.516
750	0.4178	0.9711	2.888
751	0.4128	0.9735	2.651
752	0.4150	0.9727	2.728
753	0.4140	0.9733	2.666
754	0.4138	0.9733	2.665
755	0.4116	0.9739	2.611
756	0.4150	0.9728	2.719
757	0.4015	0.9785	2.148
758	0.4124	0.9735	2.651
759	0.4144	0.9729	2.709
760	0.4153	0.9726	2.743
761	0.4142	0.9729	2.706
762	0.4165	0.9723	2.767
763	0.4106	0.9746	2.537
764	0.4138	0.9731	2.695
765	0.4152	0.9729	2.713
766	0.4155	0.9727	2.734
767	0.4156	0.9724	2.762
768	0.4134	0.9730	2.705
769	0.4166	0.9717	2.827
770	0.4117	0.9739	2.614
771	0.4093	0.9748	2.525
772	0.4124	0.9735	2.653
773	0.4024	0.9778	2.215
774	0.4141	0.9728	2.725
775	0.4143	0.9730	2.699
776	0.4027	0.9783	2.168
777	0.4131	0.9734	2.658
778	0.4158	0.9723	2.775
779	0.4152	0.9725	2.747
780	0.4149	0.9723	2.765
781	0.4155	0.9726	2.743
782	0.4132	0.9735	2.652
783	0.4041	0.9774	2.256
784	0.4157	0.9724	2.762
785	0.4121	0.9738	2.625
786	0.4107	0.9746	2.541
787	0.4097	0.9747	2.528
788	0.4102	0.9743	2.574
789	0.4062	0.9760	2.397
790	0.4152	0.9728	2.722
791	0.4144	0.9727	2.727
792	0.4161	0.9722	2.776
793	0.4003	0.9794	2.061
794	0.4078	0.9753	2.469
795	0.4135	0.9732	2.679
796	0.4132	0.9735	2.646
797	0.4134	0.9730	2.703
798	0.4164	0.9724	2.756
799	0.4168	0.9718	2.823
800	0.4159	0.9722	2.781
801	0.4153	0.9723	2.772
802	0.4089	0.9749	2.508
803	0.4139	0.9734	2.655
804	0.4130	0.9732	2.677
805	0.4060	0.9765	2.353
806	0.4120	0.9738	2.625
807	0.4158	0.9724	2.762
808	0.4143	0.9727	2.727
809	0.4091	0.9749	2.515
810	0.4143	0.9730	2.701
811	0.4146	0.9730	2.698
812	0.4091	0.9749	2.511
813	0.4132	0.9735	2.646
814	0.4156	0.9724	2.764
815	0.4024	0.9779	2.215
816	0.4142	0.9733	2.674
817	0.4152	0.9726	2.743
818	0.4138	0.9731	2.695
819	0.4147	0.9722	2.782
820	0.4165	0.9718	2.824
821	0.4149	0.9727	2.728
822	0.4141	0.9730	2.702
823	0.4109	0.9749	2.515
824	0.4116	0.9741	2.589
825	0.4152	0.9728	2.720
826	0.4160	0.9721	2.789
827	0.4138	0.9732	2.684
828	0.4151	0.9725	2.745
829	0.4117	0.9739	2.615
830	0.4096	0.9748	2.519
831	0.4106	0.9746	2.541
832	0.4174	0.9717	2.829
833	0.4152	0.9727	2.726
834	0.4157	0.9723	2.774
835	0.4135	0.9732	2.676
836	0.4151	0.9727	2.730
837	0.4157	0.9724	2.762
838	0.4144	0.9723	2.768
839	0.4105	0.9746	2.535
840	0.4027	0.9783	2.167
841	0.4136	0.9729	2.714
842	0.4094	0.9752	2.478
843	0.4001	0.9796	2.041
844	0.4146	0.9729	2.711
845	0.4152	0.9723	2.771
846	0.4089	0.9749	2.507
847	0.4124	0.9735	2.651
848	0.4161	0.9720	2.805
849	0.4138	0.9734	2.665
850	0.4083	0.9756	2.445
851	0.4154	0.9727	2.734
852	0.4134	0.9729	2.706
853	0.4078	0.9753	2.469
854	0.4167	0.9719	2.811
855	0.4132	0.9735	2.651
856	0.4152	0.9729	2.714
857	0.4097	0.9747	2.527
858	0.4159	0.9722	2.781
859	0.3984	0.9801	1.988
860	0.4167	0.9717	2.832
861	0.4062	0.9760	2.397
862	0.4123	0.9735	2.653
863	0.4142	0.9729	2.708
864	0.4002	0.9792	2.084
865	0.4140	0.9730	2.699
866	0.4109	0.9740	2.596
867	0.4118	0.9739	2.609
868	0.4143	0.9729	2.708
869	0.4135	0.9734	2.659
870	0.4177	0.9711	2.887
871	0.4127	0.9735	2.652
872	0.4158	0.9722	2.775
873	0.4131	0.9735	2.649
874	0.4131	0.9732	2.682
875	0.4160	0.9722	2.776
876	0.4140	0.9730	2.701
877	0.4111	0.9745	2.547
878	0.4014	0.9785	2.149
879	0.4106	0.9742	2.582
880	0.4152	0.9726	2.737
881	0.4130	0.9734	2.658
882	0.4149	0.9728	2.719
883	0.4140	0.9728	2.725
884	0.4040	0.9774	2.257
885	0.4127	0.9739	2.614
886	0.4000	0.9794	2.057
887	0.4108	0.9746	2.537
888	0.4134	0.9730	2.703
889	0.4150	0.9729	2.714
890	0.4164	0.9723	2.768
891	0.4116	0.9739	2.611
892	0.4159	0.9722	2.780
893	0.4093	0.9748	2.524
894	0.4168	0.9718	2.824
895	0.4139	0.9735	2.655
896	0.4003	0.9794	2.061
897	0.4148	0.9724	2.764
898	0.4102	0.9743	2.573
899	0.4077	0.9754	2.463
900	0.4098	0.9752	2.479
901	0.4169	0.9718	2.822
902	0.4139	0.9733	2.666
903	0.4164	0.9724	2.757
904	0.4154	0.9726	2.743
905	0.4152	0.9723	2.773
906	0.4129	0.9732	2.677
907	0.4131	0.9735	2.647
908	0.4023	0.9779	2.215
909	0.4135	0.9734	2.660
910	0.4096	0.9747	2.528
911	0.4089	0.9749	2.507
912	0.4167	0.9718	2.825
913	0.4159	0.9722	2.781
914	0.4141	0.9729	2.706
915	0.4160	0.9722	2.776
916	0.4000	0.9794	2.058
917	0.4163	0.9724	2.757
918	0.4166	0.9717	2.833
919	0.4145	0.9729	2.709
920	0.4108	0.9746	2.539
921	0.4109	0.9748	2.517
922	0.4169	0.9718	2.822
923	0.4151	0.9726	2.736
924	0.4061	0.9760	2.399
925	0.4156	0.9722	2.775
926	0.4156	0.9724	2.761
927	0.4155	0.9724	2.762
928	0.4106	0.9742	2.582
929	0.4165	0.9718	2.824
930	0.4147	0.9722	2.782
931	0.4090	0.9749	2.511
932	0.4139	0.9730	2.699
933	0.4127	0.9735	2.650
934	0.4111	0.9745	2.546
935	0.4002	0.9794	2.061
936	0.4133	0.9730	2.705
937	0.4092	0.9748	2.525
938	0.4140	0.9730	2.699
939	0.4039	0.9774	2.256
940	0.4090	0.9749	2.515
941	0.4154	0.9725	2.746
942	0.4142	0.9730	2.701
943	0.4148	0.9724	2.765
944	0.4001	0.9792	2.083
945	0.4150	0.9727	2.730
946	0.4157	0.9723	2.774
947	0.4140	0.9728	2.724
948	0.4014	0.9785	2.148
949	0.4139	0.9734	2.655
950	0.4093	0.9752	2.478
951	0.4127	0.9739	2.614
952	0.4059	0.9765	2.353
953	0.4131	0.9735	2.646
954	0.4177	0.9711	2.888
955	0.4150	0.9729	2.713
956	0.4159	0.9721	2.789
957	0.4151	0.9726	2.743
958	0.4129	0.9734	2.658
959	0.4151	0.9729	2.713
960	0.4123	0.9735	2.653
961	0.4130	0.9732	2.682
962	0.4116	0.9739	2.613
963	0.4119	0.9738	2.625
964	0.4095	0.9748	2.516
965	0.4173	0.9717	2.832
966	0.4122	0.9735	2.652
967	0.4137	0.9734	2.665
968	0.4148	0.9727	2.728
969	0.4101	0.9743	2.573
970	0.4158	0.9722	2.780
971	0.4026	0.9783	2.168
972	0.4151	0.9727	2.730
973	0.4097	0.9752	2.479
974	0.4149	0.9728	2.720
975	0.4133	0.9730	2.704
976	0.4082	0.9756	2.444
977	0.4117	0.9739	2.607
978	0.3983	0.9801	1.988
979	0.4105	0.9746	2.540
980	0.4137	0.9731	2.695
981	0.4115	0.9741	2.589
982	0.4139	0.9730	2.698
983	0.4138	0.9733	2.666
984	0.4077	0.9753	2.468
985	0.4108	0.9740	2.598
986	0.4137	0.9731	2.685
987	0.4142	0.9729	2.708
988	0.4104	0.9746	2.537
989	0.4135	0.9728	2.715
990	0.4153	0.9726	2.736
991	0.4166	0.9719	2.811
992	0.4131	0.9735	2.651
993	0.4143	0.9723	2.766
994	0.4000	0.9796	2.040
995	0.4160	0.9719	2.805
996	0.4115	0.9739	2.611
997	0.4144	0.9730	2.699
998	0.4150	0.9725	2.746
999	0.4140	0.9733	2.674
1000	0.4163	0.9723	2.768
1001	0.4157	0.9724	2.763
1002	0.4134	0.9732	2.678
1003	0.4151	0.9728	2.722
1004	0.4142	0.9727	2.725
1005	0.4076	0.9754	2.463
1006	0.4128	0.9732	2.677
1007	0.4145	0.9729	2.710
1008	0.3999	0.9794	2.057
1009	0.4153	0.9726	2.743
1010	0.4163	0.9723	2.768
1011	0.4148	0.9724	2.764
1012	0.4148	0.9728	2.719
1013	0.4136	0.9734	2.664
1014	0.4140	0.9732	2.676
1015	0.4153	0.9727	2.733
1016	0.4150	0.9727	2.730
1017	0.4157	0.9722	2.781
1018	0.4096	0.9747	2.529
1019	0.4166	0.9719	2.808
1020	0.4137	0.9732	2.683
1021	0.4142	0.9730	2.698
1022	0.4156	0.9724	2.762
1023	0.4131	0.9735	2.645
1024	0.4144	0.9730	2.696
1025	0.4116	0.9739	2.615
1026	0.4141	0.9730	2.704
1027	0.4077	0.9753	2.470
1028	0.4126	0.9738	2.616
1029	0.4076	0.9754	2.464
1030	0.4039	0.9774	2.256
1031	0.4108	0.9749	2.515
1032	0.4114	0.9741	2.588
1033	0.4142	0.9729	2.709
1034	0.4134	0.9729	2.713
1035	0.4134	0.9734	2.659
1036	0.4119	0.9738	2.623
1037	0.4089	0.9749	2.510
1038	0.3983	0.9801	1.988
1039	0.4130	0.9732	2.683
1040	0.4160	0.9720	2.805
1041	0.4150	0.9728	2.722
1042	0.4013	0.9785	2.148
1043	0.4164	0.9718	2.824
1044	0.4002	0.9794	2.062
1045	0.4105	0.9746	2.540
1046	0.4157	0.9723	2.774
1047	0.4133	0.9732	2.677
1048	0.4104	0.9746	2.536
1049	0.4138	0.9735	2.655
1050	0.4139	0.9728	2.725
1051	0.4168	0.9718	2.821
1052	0.4150	0.9725	2.745
1053	0.4060	0.9760	2.400
1054	0.4138	0.9733	2.666
1055	0.4167	0.9718	2.822
1056	0.4157	0.9724	2.764
1057	0.4114	0.9739	2.613
1058	0.4142	0.9723	2.766
1059	0.4025	0.9783	2.168
1060	0.4154	0.9724	2.763
1061	0.4101	0.9743	2.573
1062	0.4093	0.9752	2.477
1063	0.4122	0.9735	2.651
1064	0.4081	0.9756	2.445
1065	0.4140	0.9730	2.700
1066	0.4151	0.9726	2.742
1067	0.4150	0.9729	2.714
1068	0.4059	0.9765	2.353
1069	0.4138	0.9730	2.702
1070	0.4107	0.9746	2.538
1071	0.4110	0.9745	2.548
1072	0.4130	0.9735	2.652
1073	0.4129	0.9734	2.658
1074	0.4117	0.9739	2.607
1075	0.4095	0.9748	2.516
1076	0.4000	0.9792	2.083
1077	0.4126	0.9735	2.652
1078	0.4132	0.9730	2.703
1079	0.4155	0.9722	2.775
1080	0.4151	0.9723	2.773
1081	0.4158	0.9722	2.781
1082	0.4146	0.9722	2.782
1083	0.4150	0.9727	2.730
1084	0.4088	0.9749	2.508
1085	0.4162	0.9724	2.756
1086	0.4159	0.9722	2.777
1087	0.4158	0.9721	2.789
1088	0.4176	0.9711	2.887
1089	0.4089	0.9749	2.515
1090	0.4139	0.9730	2.699
1091	0.4000	0.9796	2.040
1092	0.4130	0.9735	2.649
1093	0.4105	0.9742	2.582
1094	0.4172	0.9717	2.834
1095	0.4121	0.9735	2.652
1096	0.4141	0.9727	2.727
1097	0.4097	0.9752	2.478
1098	0.4091	0.9748	2.525
1099	0.4149	0.9729	2.713
1100	0.4150	0.9726	2.736
1101	0.4136	0.9731	2.695
1102	0.4132	0.9729	2.707
1103	0.4165	0.9717	2.831
1104	0.4147	0.9727	2.727
1105	0.4108	0.9740	2.598
1106	0.4022	0.9778	2.216
1107	0.4148	0.9728	2.719
1108	0.4022	0.9778	2.216
1109	0.4153	0.9726	2.743
1110	0.4060	0.9760	2.399
1111	0.4150	0.9729	2.714
1112	0.4116	0.9739	2.606
1113	0.4126	0.9739	2.614
1114	0.4130	0.9735	2.652
1115	0.4128	0.9732	2.677
1116	0.4136	0.9734	2.664
1117	0.4155	0.9723	2.774
1118	0.4149	0.9725	2.746
1119	0.4151	0.9723	2.770
1120	0.4122	0.9735	2.651
1121	0.4136	0.9732	2.683
1122	0.4162	0.9724	2.755
1123	0.4134	0.9729	2.714
1124	0.4157	0.9722	2.781
1125	0.4162	0.9724	2.762
1126	0.4075	0.9754	2.464
1127	0.4107	0.9740	2.598
1128	0.4149	0.9727	2.730
1129	0.4158	0.9721	2.789
1130	0.4138	0.9730	2.699
1131	0.4132	0.9730	2.704
1132	0.3998	0.9794	2.055
1133	0.4058	0.9765	2.353
1134	0.4095	0.9747	2.527
1135	0.4129	0.9732	2.683
1136	0.4149	0.9727	2.730
1137	0.4152	0.9727	2.735
1138	0.4147	0.9727	2.728
1139	0.4150	0.9726	2.736
1140	0.4138	0.9727	2.725
1141	0.4132	0.9730	2.704
1142	0.4153	0.9724	2.761
1143	0.4172	0.9717	2.828
1144	0.4001	0.9794	2.060
1145	0.4138	0.9730	2.699
1146	0.4000	0.9792	2.083
1147	0.4118	0.9738	2.625
1148	0.4133	0.9734	2.659
1149	0.3982	0.9801	1.988
1150	0.4141	0.9730	2.700
1151	0.4114	0.9739	2.611
1152	0.4159	0.9720	2.805
1153	0.4139	0.9733	2.675
1154	0.4092	0.9752	2.478
1155	0.4136	0.9731	2.694
1156	0.4121	0.9735	2.652
1157	0.4150	0.9728	2.721
1158	0.4087	0.9749	2.507
1159	0.4165	0.9717	2.831
1160	0.4088	0.9749	2.512
1161	0.4150	0.9726	2.743
1162	0.4142	0.9723	2.766
1163	0.3999	0.9796	2.039
1164	0.4143	0.9730	2.699
1165	0.4025	0.9783	2.167
1166	0.4113	0.9741	2.590
1167	0.4137	0.9733	2.669
1168	0.4128	0.9734	2.660
1169	0.4104	0.9746	2.541
1170	0.4107	0.9748	2.517
1171	0.4145	0.9722	2.784
1172	0.4163	0.9717	2.826
1173	0.4156	0.9724	2.762
1174	0.4130	0.9735	2.647
1175	0.4125	0.9735	2.653
1176	0.4106	0.9746	2.539
1177	0.4149	0.9729	2.713
1178	0.4088	0.9749	2.515
1179	0.4137	0.9735	2.654
1180	0.4156	0.9723	2.774
1181	0.4175	0.9711	2.888
1182	0.4158	0.9722	2.775
1183	0.4141	0.9727	2.726
1184	0.4167	0.9718	2.822
1185	0.4154	0.9724	2.761
1186	0.4157	0.9722	2.778
1187	0.4141	0.9729	2.710
1188	0.4103	0.9746	2.535
1189	0.4081	0.9755	2.445
1190	0.4165	0.9719	2.806
1191	0.4109	0.9745	2.548
1192	0.4139	0.9730	2.704
1193	0.4166	0.9718	2.820
1194	0.4143	0.9729	2.710
1195	0.4114	0.9739	2.614
1196	0.4038	0.9774	2.256
1197	0.4139	0.9730	2.700
1198	0.4146	0.9724	2.764
1199	0.4129	0.9735	2.646
1200	0.4076	0.9753	2.471
1201	0.4100	0.9743	2.574
1202	0.4012	0.9785	2.149
1203	0.4132	0.9732	2.677
1204	0.4094	0.9748	2.517
1205	0.4090	0.9748	2.524
1206	0.4096	0.9752	2.479
1207	0.4104	0.9742	2.581
1208	0.4150	0.9723	2.773
1209	0.4149	0.9726	2.736
1210	0.4139	0.9730	2.701
1211	0.4155	0.9723	2.772
1212	0.4107	0.9749	2.515
1213	0.4147	0.9727	2.728
1214	0.4121	0.9735	2.651
1215	0.4167	0.9718	2.820
1216	0.4141	0.9723	2.768
1217	0.4149	0.9726	2.745
1218	0.4156	0.9722	2.779
1219	0.4149	0.9728	2.725
1220	0.4131	0.9730	2.702
1221	0.4163	0.9717	2.825
1222	0.4113	0.9739	2.609
1223	0.4038	0.9774	2.257
1224	0.4012	0.9785	2.149
1225	0.4075	0.9754	2.463
1226	0.4116	0.9740	2.605
1227	0.4091	0.9752	2.478
1228	0.4145	0.9722	2.782
1229	0.4104	0.9742	2.581
1230	0.4106	0.9746	2.537
1231	0.4099	0.9743	2.573
1232	0.4075	0.9753	2.470
1233	0.3998	0.9794	2.056
1234	0.4120	0.9735	2.652
1235	0.4138	0.9730	2.698
1236	0.4125	0.9735	2.651
1237	0.4151	0.9726	2.736
1238	0.4128	0.9734	2.658
1239	0.4137	0.9734	2.655
1240	0.4135	0.9733	2.666
1241	0.4117	0.9738	2.625
1242	0.4140	0.9727	2.726
1243	0.4171	0.9717	2.831
1244	0.4149	0.9726	2.744
1245	0.4127	0.9732	2.677
1246	0.4129	0.9735	2.652
1247	0.4138	0.9728	2.725
1248	0.4157	0.9722	2.778
1249	0.4080	0.9756	2.445
1250	0.4132	0.9732	2.676
1251	0.4021	0.9778	2.216
1252	0.4113	0.9741	2.588
1253	0.4057	0.9765	2.353
1254	0.4158	0.9720	2.804
1255	0.4137	0.9730	2.699
1256	0.4104	0.9746	2.540
1257	0.4129	0.9735	2.647
1258	0.4154	0.9723	2.774
1259	0.4133	0.9728	2.715
1260	0.4088	0.9749	2.511
1261	0.4152	0.9726	2.744
1262	0.4090	0.9748	2.524
1263	0.4146	0.9723	2.765
1264	0.4157	0.9721	2.788
1265	0.4155	0.9724	2.763
1266	0.4000	0.9794	2.059
1267	0.4175	0.9711	2.888
1268	0.4102	0.9746	2.537
1269	0.3981	0.9801	1.988
1270	0.4106	0.9740	2.598
1271	0.4125	0.9739	2.614
1272	0.4161	0.9723	2.768
1273	0.4135	0.9732	2.684
1274	0.4165	0.9718	2.824
1275	0.4093	0.9748	2.516
1276	0.4132	0.9734	2.659
1277	0.4114	0.9739	2.613
1278	0.4136	0.9733	2.666
1279	0.4164	0.9717	2.833
1280	0.4158	0.9722	2.775
1281	0.4135	0.9731	2.695
1282	0.4059	0.9760	2.397
1283	0.4153	0.9724	2.764
1284	0.4149	0.9729	2.715
1285	0.4164	0.9719	2.811
1286	0.4129	0.9735	2.646
1287	0.4024	0.9783	2.167
1288	0.4086	0.9749	2.508
1289	0.4143	0.9729	2.711
1290	0.4147	0.9728	2.721
1291	0.3998	0.9796	2.039
1292	0.4154	0.9724	2.761
1293	0.4131	0.9730	2.703
1294	0.4108	0.9745	2.550
1295	0.4142	0.9730	2.699
1296	0.4148	0.9729	2.713
1297	0.3999	0.9792	2.082
1298	0.4140	0.9729	2.708
1299	0.4138	0.9733	2.675
1300	0.4140	0.9730	2.700
1301	0.4148	0.9727	2.730
1302	0.4139	0.9729	2.706
1303	0.4095	0.9752	2.480
1304	0.4161	0.9724	2.756
1305	0.4088	0.9749	2.515
1306	0.4128	0.9732	2.682
1307	0.4149	0.9728	2.722
1308	0.4094	0.9747	2.527
1309	0.4126	0.9732	2.677
1310	0.4138	0.9730	2.701
1311	0.4129	0.9735	2.652
1312	0.4024	0.9783	2.168
1313	0.4103	0.9742	2.582
1314	0.4146	0.9728	2.721
1315	0.4140	0.9729	2.708
1316	0.4134	0.9734	2.664
1317	0.4170	0.9717	2.831
1318	0.4132	0.9729	2.715
1319	0.4125	0.9739	2.614
1320	0.4135	0.9731	2.685
1321	0.4114	0.9739	2.613
1322	0.4000	0.9794	2.062
1323	0.4155	0.9722	2.775
1324	0.4137	0.9728	2.724
1325	0.4140	0.9730	2.699
1326	0.4093	0.9748	2.518
1327	0.4139	0.9729	2.705
1328	0.4090	0.9748	2.524
1329	0.4174	0.9711	2.888
1330	0.4162	0.9718	2.824
1331	0.4145	0.9723	2.765
1332	0.4151	0.9727	2.734
1333	0.4058	0.9760	2.400
1334	0.4149	0.9726	2.744
1335	0.3998	0.9796	2.041
1336	0.4164	0.9717	2.830
1337	0.4155	0.9724	2.763
1338	0.4157	0.9723	2.774
1339	0.4138	0.9733	2.674
1340	0.4148	0.9725	2.746
1341	0.3981	0.9801	1.988
1342	0.4136	0.9733	2.666
1343	0.4079	0.9756	2.445
1344	0.4087	0.9748	2.515
1345	0.4105	0.9746	2.538
1346	0.4148	0.9728	2.721
1347	0.4131	0.9732	2.679
1348	0.4137	0.9730	2.700
1349	0.4155	0.9722	2.782
1350	0.4115	0.9739	2.608
1351	0.4140	0.9723	2.767
1352	0.4148	0.9727	2.731
1353	0.4147	0.9729	2.713
1354	0.4087	0.9749	2.512
1355	0.4074	0.9753	2.470
1356	0.4153	0.9724	2.762
1357	0.4144	0.9722	2.784
1358	0.4120	0.9735	2.651
1359	0.4156	0.9721	2.789
1360	0.4148	0.9726	2.735
1361	0.4134	0.9731	2.693
1362	0.4149	0.9723	2.773
1363	0.4103	0.9746	2.540
1364	0.4127	0.9734	2.657
1365	0.4098	0.9743	2.574
1366	0.4153	0.9723	2.775
1367	0.4011	0.9785	2.148
1368	0.4057	0.9765	2.353
1369	0.4130	0.9730	2.702
1370	0.4137	0.9730	2.698
1371	0.4128	0.9735	2.646
1372	0.4090	0.9752	2.478
1373	0.4148	0.9729	2.714
1374	0.4074	0.9754	2.462
1375	0.4157	0.9719	2.806
1376	0.4036	0.9774	2.256
1377	0.4119	0.9735	2.653
1378	0.4106	0.9740	2.598
1379	0.4130	0.9729	2.706
1380	0.4085	0.9749	2.508
1381	0.4128	0.9735	2.649
1382	0.4020	0.9778	2.216
1383	0.3997	0.9794	2.058
1384	0.4093	0.9747	2.531
1385	0.4131	0.9734	2.659
1386	0.4160	0.9724	2.757
1387	0.4112	0.9741	2.591
1388	0.4124	0.9735	2.654
1389	0.4095	0.9752	2.480
1390	0.4152	0.9723	2.765
1391	0.4156	0.9722	2.780
1392	0.4116	0.9738	2.624
1393	0.4102	0.9746	2.536
1394	0.4112	0.9739	2.611
1395	0.4164	0.9718	2.824
1396	0.4127	0.9732	2.683
1397	0.3998	0.9792	2.081
1398	0.4108	0.9745	2.550
1399	0.4139	0.9727	2.728
1400	0.4166	0.9718	2.825
1401	0.4142	0.9730	2.697
1402	0.4151	0.9726	2.744
1403	0.4160	0.9723	2.768
1404	0.4142	0.9729	2.711
1405	0.4135	0.9735	2.655
1406	0.4105	0.9748	2.516
1407	0.4145	0.9727	2.728
1408	0.4163	0.9719	2.808
1409	0.4148	0.9727	2.726
1410	0.3998	0.9792	2.082
1411	0.4136	0.9728	2.725
1412	0.4130	0.9730	2.703
1413	0.4089	0.9748	2.524
1414	0.4126	0.9734	2.657
1415	0.4112	0.9739	2.612
1416	0.4137	0.9730	2.699
1417	0.4163	0.9717	2.830
1418	0.4153	0.9723	2.774
1419	0.4157	0.9723	2.775
1420	0.4156	0.9722	2.777
1421	0.4154	0.9723	2.772
1422	0.4023	0.9783	2.167
1423	0.4147	0.9729	2.712
1424	0.4139	0.9730	2.698
1425	0.4074	0.9753	2.471
1426	0.4098	0.9743	2.573
1427	0.4153	0.9724	2.761
1428	0.4105	0.9746	2.537
1429	0.4134	0.9732	2.683
1430	0.4165	0.9718	2.820
1431	0.4132	0.9728	2.715
1432	0.4137	0.9732	2.676
1433	0.3999	0.9794	2.060
1434	0.4147	0.9725	2.747
1435	0.4105	0.9749	2.515
1436	0.4160	0.9724	2.756
1437	0.4147	0.9727	2.730
1438	0.4131	0.9732	2.676
1439	0.4150	0.9727	2.734
1440	0.4120	0.9735	2.651
1441	0.4079	0.9756	2.445
1442	0.4127	0.9732	2.683
1443	0.4154	0.9724	2.764
1444	0.4135	0.9733	2.667
1445	0.3996	0.9794	2.056
1446	0.4128	0.9735	2.647
1447	0.4160	0.9723	2.767
1448	0.4085	0.9749	2.507
1449	0.4139	0.9729	2.709
1450	0.4107	0.9745	2.546
1451	0.4086	0.9749	2.511
1452	0.4155	0.9722	2.781
1453	0.4093	0.9747	2.526
1454	0.4164	0.9718	2.823
1455	0.4142	0.9729	2.711
1456	0.4136	0.9730	2.701
1457	0.4123	0.9735	2.651
1458	0.4145	0.9727	2.729
1459	0.4130	0.9729	2.706
1460	0.4086	0.9749	2.515
1461	0.4169	0.9717	2.832
1462	0.4090	0.9752	2.478
1463	0.4148	0.9729	2.714
1464	0.4148	0.9726	2.736
1465	0.4105	0.9740	2.598
1466	0.4119	0.9735	2.652
1467	0.4137	0.9730	2.699
1468	0.4148	0.9726	2.743
1469	0.4010	0.9785	2.148
1470	0.3997	0.9796	2.040
1471	0.4056	0.9765	2.354
1472	0.4143	0.9722	2.784
1473	0.4111	0.9741	2.589
1474	0.4147	0.9727	2.730
1475	0.4073	0.9754	2.463
1476	0.4102	0.9746	2.541
1477	0.3980	0.9801	1.988
1478	0.4138	0.9729	2.707
1479	0.4124	0.9739	2.613
1480	0.4112	0.9739	2.612
1481	0.4163	0.9719	2.813
1482	0.4157	0.9719	2.805
1483	0.4151	0.9724	2.764
1484	0.4135	0.9734	2.655
1485	0.4148	0.9728	2.721
1486	0.4125	0.9732	2.677
1487	0.4102	0.9742	2.582
1488	0.4133	0.9734	2.665
1489	0.4145	0.9728	2.719
1490	0.4092	0.9748	2.517
1491	0.4036	0.9774	2.256
1492	0.4128	0.9736	2.645
1493	0.4140	0.9723	2.767
1494	0.4139	0.9727	2.726
1495	0.4161	0.9718	2.824
1496	0.4148	0.9723	2.771
1497	0.4127	0.9735	2.652
1498	0.4131	0.9734	2.659
1499	0.4116	0.9738	2.625
1500	0.4155	0.9721	2.789
1501	0.4144	0.9724	2.764
1502	0.4057	0.9760	2.399
1503	0.4173	0.9711	2.887
1504	0.4133	0.9731	2.694
1505	0.4114	0.9739	2.606
1506	0.4101	0.9747	2.535
1507	0.4150	0.9726	2.743
1508	0.4019	0.9778	2.216
1509	0.4094	0.9752	2.479
1510	0.4141	0.9730	2.696
1511	0.4135	0.9733	2.666
1512	0.4073	0.9754	2.463
1513	0.4119	0.9735	2.652
1514	0.3979	0.9801	1.988
1515	0.4126	0.9734	2.658
1516	0.4088	0.9748	2.524
1517	0.4147	0.9727	2.730
1518	0.4173	0.9711	2.887
1519	0.4057	0.9760	2.398
1520	0.4130	0.9734	2.658
1521	0.4123	0.9739	2.613
1522	0.4137	0.9733	2.674
1523	0.4169	0.9717	2.832
1524	0.4147	0.9727	2.729
1525	0.4127	0.9735	2.647
1526	0.4112	0.9739	2.613
1527	0.4152	0.9724	2.761
1528	0.4139	0.9723	2.767
1529	0.4159	0.9724	2.755
1530	0.4104	0.9746	2.536
1531	0.4126	0.9732	2.682
1532	0.4125	0.9732	2.677
1533	0.4154	0.9722	2.780
1534	0.4144	0.9727	2.727
1535	0.4111	0.9739	2.611
1536	0.4145	0.9728	2.717
1537	0.4127	0.9735	2.651
1538	0.4160	0.9724	2.762
1539	0.4055	0.9765	2.353
1540	0.4148	0.9723	2.769
1541	0.4086	0.9749	2.510
1542	0.4102	0.9746	2.539
1543	0.4130	0.9732	2.677
1544	0.4102	0.9742	2.581
1545	0.4084	0.9749	2.507
1546	0.4129	0.9729	2.706
1547	0.4035	0.9774	2.256
1548	0.4078	0.9756	2.445
1549	0.4094	0.9752	2.477
1550	0.4089	0.9752	2.478
1551	0.4155	0.9721	2.788
1552	0.4129	0.9730	2.704
1553	0.4133	0.9733	2.666
1554	0.4147	0.9726	2.736
1555	0.4010	0.9785	2.147
1556	0.4019	0.9778	2.215
1557	0.4022	0.9783	2.167
1558	0.4097	0.9743	2.572
1559	0.4136	0.9730	2.700
1560	0.4122	0.9735	2.652
1561	0.4138	0.9727	2.727
1562	0.4160	0.9717	2.825
1563	0.4150	0.9725	2.745
1564	0.4092	0.9747	2.528
1565	0.4144	0.9723	2.766
1566	0.4136	0.9727	2.726
1567	0.4162	0.9717	2.831
1568	0.4119	0.9735	2.651
1569	0.4100	0.9746	2.537
1570	0.4091	0.9748	2.515
1571	0.4137	0.9729	2.705
1572	0.4152	0.9723	2.775
1573	0.4113	0.9739	2.607
1574	0.4115	0.9738	2.624
1575	0.3998	0.9794	2.060
1576	0.3997	0.9792	2.081
1577	0.4146	0.9729	2.713
1578	0.4127	0.9735	2.646
1579	0.4149	0.9726	2.736
1580	0.3995	0.9794	2.057
1581	0.4162	0.9719	2.812
1582	0.4106	0.9746	2.545
1583	0.4138	0.9729	2.708
1584	0.4135	0.9730	2.698
1585	0.4086	0.9749	2.515
1586	0.4156	0.9722	2.775
1587	0.4134	0.9735	2.654
1588	0.4154	0.9722	2.780
1589	0.4156	0.9720	2.804
1590	0.4150	0.9724	2.763
1591	0.4133	0.9732	2.683
1592	0.4164	0.9718	2.820
1593	0.4163	0.9718	2.821
1594	0.4141	0.9729	2.710
1595	0.4146	0.9725	2.747
1596	0.3996	0.9796	2.041
1597	0.4135	0.9730	2.700
1598	0.4140	0.9730	2.696
1599	0.4073	0.9753	2.471
1600	0.4111	0.9741	2.586
1601	0.4131	0.9728	2.715
1602	0.4147	0.9728	2.722
1603	0.4104	0.9749	2.515
1604	0.4138	0.9730	2.697
1605	0.4147	0.9726	2.744
1606	0.4104	0.9740	2.598
1607	0.4147	0.9729	2.713
1608	0.4153	0.9723	2.772
1609	0.4142	0.9722	2.780
1610	0.4153	0.9724	2.762
1611	0.4133	0.9730	2.695
1612	0.4172	0.9712	2.885
1613	0.4101	0.9742	2.580
1614	0.4136	0.9732	2.676
1615	0.4125	0.9734	2.655
1616	0.4153	0.9722	2.780
1617	0.4164	0.9718	2.818
1618	0.4009	0.9785	2.148
1619	0.4093	0.9752	2.480
1620	0.4147	0.9723	2.770
1621	0.4126	0.9735	2.645
1622	0.4160	0.9717	2.826
1623	0.4146	0.9728	2.725
1624	0.4138	0.9727	2.725
1625	0.4135	0.9730	2.697
1626	0.4119	0.9735	2.648
1627	0.4136	0.9730	2.698
1628	0.4146	0.9726	2.743
1629	0.4143	0.9724	2.763
1630	0.4152	0.9723	2.775
1631	0.4085	0.9748	2.516
1632	0.4168	0.9717	2.827
1633	0.4138	0.9731	2.694
1634	0.4144	0.9729	2.713
1635	0.4153	0.9724	2.761
1636	0.4146	0.9727	2.735
1637	0.4163	0.9718	2.823
1638	0.4035	0.9774	2.259
1639	0.4101	0.9746	2.537
1640	0.4150	0.9724	2.762
1641	0.4130	0.9734	2.658
1642	0.4149	0.9726	2.740
1643	0.4145	0.9729	2.715
1644	0.4100	0.9747	2.534
1645	0.4073	0.9753	2.471
1646	0.4022	0.9783	2.166
1647	0.4089	0.9752	2.480
1648	0.3997	0.9792	2.084
1649	0.4155	0.9722	2.776
1650	0.4135	0.9728	2.721
1651	0.4072	0.9754	2.465
1652	0.4129	0.9732	2.675
1653	0.4146	0.9727	2.730
1654	0.4158	0.9725	2.753
1655	0.4124	0.9732	2.675
1656	0.4104	0.9740	2.598
1657	0.4113	0.9740	2.603
1658	0.4126	0.9736	2.642
1659	0.4018	0.9778	2.216
1660	0.4161	0.9717	2.831
1661	0.4126	0.9735	2.648
1662	0.4104	0.9749	2.514
1663	0.3979	0.9801	1.987
1664	0.4111	0.9739	2.614
1665	0.3998	0.9794	2.060
1666	0.4055	0.9765	2.354
1667	0.4155	0.9720	2.804
1668	0.4130	0.9729	2.715
1669	0.4087	0.9748	2.525
1670	0.4136	0.9730	2.704
1671	0.4128	0.9730	2.704
1672	0.4077	0.9756	2.445
1673	0.4138	0.9729	2.709
1674	0.4122	0.9735	2.650
1675	0.4154	0.9722	2.778
1676	0.3996	0.9796	2.041
1677	0.4148	0.9727	2.734
1678	0.4138	0.9723	2.767
1679	0.4134	0.9733	2.666
1680	0.4132	0.9731	2.693
1681	0.4125	0.9732	2.683
1682	0.4146	0.9729	2.713
1683	0.4056	0.9760	2.398
1684	0.4114	0.9738	2.624
1685	0.4128	0.9729	2.707
1686	0.4143	0.9727	2.729
1687	0.4083	0.9749	2.507
1688	0.4106	0.9745	2.545
1689	0.4091	0.9747	2.528
1690	0.4110	0.9741	2.589
1691	0.4159	0.9723	2.767
1692	0.4140	0.9730	2.696
1693	0.4154	0.9721	2.789
1694	0.4135	0.9730	2.698
1695	0.4141	0.9722	2.783
1696	0.4146	0.9728	2.721
1697	0.4132	0.9732	2.684
1698	0.4151	0.9724	2.761
1699	0.4140	0.9729	2.711
1700	0.4152	0.9723	2.771
1701	0.4122	0.9738	2.615
1702	0.4132	0.9734	2.662
1703	0.3995	0.9794	2.055
1704	0.4085	0.9749	2.510
1705	0.4096	0.9743	2.573
1706	0.4146	0.9726	2.744
1707	0.4133	0.9734	2.655
1708	0.4117	0.9735	2.652
1709	0.4090	0.9748	2.518
1710	0.4103	0.9746	2.537
1711	0.4110	0.9739	2.611
1712	0.4161	0.9719	2.809
1713	0.4104	0.9740	2.598
1714	0.4134	0.9728	2.724
1715	0.4158	0.9724	2.763
1716	0.4152	0.9723	2.771
1717	0.3978	0.9801	1.988
1718	0.4152	0.9724	2.764
1719	0.4145	0.9729	2.712
1720	0.4071	0.9754	2.463
1721	0.4149	0.9726	2.742
1722	0.4034	0.9774	2.256
1723	0.4139	0.9730	2.696
1724	0.4171	0.9711	2.886
1725	0.4129	0.9734	2.657
1726	0.4112	0.9739	2.606
1727	0.4138	0.9723	2.766
1728	0.4101	0.9742	2.580
1729	0.4077	0.9756	2.445
1730	0.4137	0.9730	2.698
1731	0.4155	0.9720	2.805
1732	0.4130	0.9728	2.715
1733	0.4017	0.9778	2.216
1734	0.4121	0.9735	2.651
1735	0.4161	0.9717	2.830
1736	0.4151	0.9723	2.774
1737	0.4110	0.9739	2.611
1738	0.4135	0.9733	2.674
1739	0.4143	0.9727	2.728
1740	0.4132	0.9731	2.695
1741	0.4118	0.9735	2.650
1742	0.4145	0.9727	2.730
1743	0.4111	0.9739	2.613
1744	0.4132	0.9732	2.682
1745	0.4126	0.9735	2.651
1746	0.4126	0.9736	2.644
1747	0.4141	0.9722	2.782
1748	0.4146	0.9723	2.770
1749	0.4092	0.9752	2.480
1750	0.4110	0.9741	2.586
1751	0.4096	0.9743	2.574
1752	0.4151	0.9724	2.761
1753	0.3994	0.9795	2.055
1754	0.4135	0.9730	2.698
1755	0.4161	0.9719	2.806
1756	0.4054	0.9765	2.354
1757	0.4158	0.9725	2.755
1758	0.4146	0.9728	2.720
1759	0.4117	0.9735	2.651
1760	0.4085	0.9749	2.515
1761	0.4103	0.9749	2.514
1762	0.4084	0.9749	2.509
1763	0.4087	0.9747	2.526
1764	0.4134	0.9730	2.698
1765	0.4137	0.9729	2.709
1766	0.4154	0.9723	2.775
1767	0.4102	0.9746	2.536
1768	0.3995	0.9796	2.041
1769	0.4167	0.9717	2.830
1770	0.4154	0.9721	2.789
1771	0.4072	0.9753	2.471
1772	0.4145	0.9725	2.746
1773	0.4125	0.9732	2.681
1774	0.4128	0.9730	2.704
1775	0.4128	0.9729	2.706
1776	0.4162	0.9718	2.822
1777	0.4146	0.9729	2.713
1778	0.4145	0.9727	2.728
1779	0.4134	0.9730	2.699
1780	0.4123	0.9732	2.677
1781	0.4163	0.9718	2.820
1782	0.4135	0.9730	2.704
1783	0.4055	0.9760	2.399
1784	0.4148	0.9727	2.734
1785	0.3997	0.9794	2.061
1786	0.4114	0.9738	2.624
1787	0.4142	0.9723	2.765
1788	0.4149	0.9724	2.763
1789	0.4124	0.9734	2.656
1790	0.4146	0.9726	2.744
1791	0.4121	0.9739	2.614
1792	0.4125	0.9735	2.647
1793	0.3995	0.9792	2.082
1794	0.4090	0.9748	2.518
1795	0.4088	0.9752	2.478
1796	0.4137	0.9728	2.725
1797	0.4133	0.9734	2.656
1798	0.4105	0.9746	2.545
1799	0.4100	0.9746	2.538
1800	0.4153	0.9722	2.777
1801	0.4139	0.9729	2.710
1802	0.4099	0.9747	2.534
1803	0.4133	0.9733	2.666
1804	0.4090	0.9747	2.528
1805	0.4152	0.9722	2.779
1806	0.4020	0.9783	2.168
1807	0.4131	0.9734	2.663
1808	0.4128	0.9732	2.676
1809	0.4145	0.9726	2.736
1810	0.4159	0.9717	2.825
1811	0.4008	0.9785	2.148
1812	0.4143	0.9728	2.719
1813	0.4083	0.9749	2.507
1814	0.4160	0.9717	2.830
1815	0.4092	0.9752	2.479
1816	0.4145	0.9729	2.713
1817	0.4127	0.9730	2.704
1818	0.4071	0.9754	2.462
1819	0.4150	0.9724	2.761
1820	0.4020	0.9783	2.168
1821	0.4102	0.9746	2.537
1822	0.4083	0.9749	2.506
1823	0.4143	0.9728	2.721
1824	0.4084	0.9749	2.515
1825	0.4158	0.9723	2.767
1826	0.4153	0.9721	2.789
1827	0.4109	0.9739	2.611
1828	0.4154	0.9723	2.775
1829	0.4017	0.9778	2.216
1830	0.4139	0.9730	2.697
1831	0.4144	0.9727	2.730
1832	0.4134	0.9728	2.724
1833	0.4129	0.9728	2.716
1834	0.4105	0.9745	2.546
1835	0.4087	0.9752	2.478
1836	0.4055	0.9760	2.398
1837	0.4131	0.9734	2.665
1838	0.4071	0.9753	2.469
1839	0.4117	0.9735	2.651
1840	0.3994	0.9796	2.039
1841	0.4152	0.9722	2.781
1842	0.4135	0.9729	2.707
1843	0.4145	0.9726	2.737
1844	0.4112	0.9739	2.606
1845	0.4125	0.9735	2.645
1846	0.4133	0.9733	2.666
1847	0.4125	0.9735	2.648
1848	0.4033	0.9774	2.257
1849	0.4134	0.9730	2.699
1850	0.3994	0.9794	2.058
1851	0.4171	0.9711	2.888
1852	0.4154	0.9719	2.806
1853	0.4120	0.9735	2.652
1854	0.4167	0.9716	2.836
1855	0.4095	0.9743	2.572
1856	0.4100	0.9742	2.584
1857	0.4150	0.9722	2.777
1858	0.4123	0.9732	2.680
1859	0.4148	0.9726	2.745
1860	0.4149	0.9724	2.763
1861	0.4137	0.9723	2.767
1862	0.4100	0.9746	2.540
1863	0.4144	0.9729	2.712
1864	0.4102	0.9740	2.598
1865	0.4145	0.9728	2.722
1866	0.4160	0.9719	2.809
1867	0.4076	0.9756	2.445
1868	0.4136	0.9727	2.725
1869	0.4139	0.9729	2.711
1870	0.4147	0.9727	2.734
1871	0.4151	0.9724	2.764
1872	0.4102	0.9748	2.515
1873	0.4089	0.9748	2.518
1874	0.4124	0.9732	2.681
1875	0.4116	0.9735	2.652
1876	0.4053	0.9765	2.353
1877	0.4142	0.9723	2.765
1878	0.4008	0.9785	2.148
1879	0.4136	0.9730	2.700
1880	0.4109	0.9741	2.588
1881	0.3995	0.9792	2.083
1882	0.4157	0.9724	2.756
1883	0.4134	0.9733	2.675
1884	0.4144	0.9727	2.728
1885	0.3996	0.9794	2.060
1886	0.4110	0.9739	2.613
1887	0.4098	0.9746	2.537
1888	0.4132	0.9735	2.654
1889	0.4123	0.9734	2.659
1890	0.4121	0.9739	2.612
1891	0.4151	0.9723	2.770
1892	0.4127	0.9730	2.704
1893	0.3977	0.9801	1.988
1894	0.4113	0.9738	2.624
1895	0.4133	0.9730	2.700
1896	0.4136	0.9729	2.708
1897	0.4131	0.9732	2.682
1898	0.4083	0.9749	2.511
1899	0.4158	0.9718	2.824
1900	0.4125	0.9735	2.651
1901	0.4145	0.9723	2.772
1902	0.4128	0.9732	2.676
1903	0.4142	0.9727	2.728
1904	0.4090	0.9747	2.527
1905	0.4131	0.9731	2.695
1906	0.4140	0.9722	2.783
1907	0.4128	0.9734	2.659
1908	0.4133	0.9730	2.698
1909	0.4152	0.9722	2.779
1910	0.4086	0.9748	2.524
1911	0.4162	0.9718	2.822
1912	0.4145	0.9726	2.744
1913	0.4144	0.9725	2.746
1914	0.4161	0.9718	2.822
1915	0.4132	0.9734	2.655
1916	0.4090	0.9747	2.527
1917	0.3977	0.9801	1.988
1918	0.4113	0.9738	2.624
1919	0.4151	0.9722	2.781
1920	0.4127	0.9730	2.704
1921	0.4016	0.9778	2.216
1922	0.4007	0.9785	2.149
1923	0.4142	0.9727	2.728
1924	0.4128	0.9732	2.678
1925	0.4033	0.9774	2.257
1926	0.4120	0.9735	2.652
1927	0.3994	0.9792	2.081
1928	0.4170	0.9711	2.888
1929	0.4166	0.9716	2.835
1930	0.4140	0.9722	2.784
1931	0.4151	0.9722	2.776
1932	0.4145	0.9723	2.772
1933	0.4134	0.9730	2.699
1934	0.4136	0.9729	2.708
1935	0.4133	0.9728	2.724
1936	0.4099	0.9742	2.581
1937	0.4104	0.9745	2.546
1938	0.4147	0.9726	2.736
1939	0.4137	0.9723	2.768
1940	0.4128	0.9728	2.716
1941	0.4148	0.9724	2.763
1942	0.4083	0.9749	2.515
1943	0.4130	0.9731	2.693
1944	0.4145	0.9726	2.743
1945	0.4101	0.9746	2.537
1946	0.4116	0.9735	2.651
1947	0.4108	0.9739	2.611
1948	0.4109	0.9739	2.613
1949	0.4120	0.9739	2.614
1950	0.4156	0.9724	2.755
1951	0.4091	0.9752	2.479
1952	0.4130	0.9734	2.663
1953	0.4128	0.9734	2.658
1954	0.4160	0.9718	2.821
1955	0.4102	0.9748	2.515
1956	0.4108	0.9741	2.586
1957	0.4116	0.9735	2.652
1958	0.4144	0.9725	2.747
1959	0.4151	0.9724	2.764
1960	0.4152	0.9722	2.778
1961	0.4144	0.9728	2.720
1962	0.4159	0.9717	2.830
1963	0.4087	0.9752	2.478
1964	0.4070	0.9754	2.463
1965	0.4134	0.9730	2.704
1966	0.4157	0.9724	2.761
1967	0.4144	0.9726	2.736
1968	0.4124	0.9735	2.650
1969	0.3994	0.9796	2.041
1970	0.4132	0.9730	2.698
1971	0.4153	0.9720	2.804
1972	0.4122	0.9732	2.677
1973	0.4123	0.9734	2.656
1974	0.4132	0.9733	2.666
1975	0.4019	0.9783	2.167
1976	0.4159	0.9719	2.810
1977	0.4138	0.9729	2.710
1978	0.4111	0.9739	2.606
1979	0.4143	0.9727	2.730
1980	0.4130	0.9732	2.684
1981	0.4123	0.9732	2.682
1982	0.4149	0.9724	2.761
1983	0.4102	0.9740	2.598
1984	0.4094	0.9743	2.574
1985	0.3995	0.9794	2.060
1986	0.4089	0.9748	2.516
1987	0.4143	0.9729	2.713
1988	0.4085	0.9748	2.524
1989	0.3993	0.9794	2.058
1990	0.4149	0.9723	2.775
1991	0.4157	0.9718	2.824
1992	0.4052	0.9765	2.353
1993	0.4135	0.9727	2.726
1994	0.4099	0.9746	2.540
1995	0.4075	0.9755	2.445
1996	0.4133	0.9730	2.697
1997	0.4054	0.9760	2.398
1998	0.4124	0.9735	2.648
1999	0.4153	0.9722	2.775
