0	0.4131	0.9726	2.737
1	0.4041	0.9760	2.398
2	0.4115	0.9734	2.656
3	0.4153	0.9717	2.832
4	0.4129	0.9728	2.718
5	0.3981	0.9792	2.080
6	0.4135	0.9724	2.762
7	0.4098	0.9739	2.605
8	0.4076	0.9748	2.517
9	0.4121	0.9730	2.703
10	0.4131	0.9728	2.720
11	0.4125	0.9731	2.695
12	0.4085	0.9747	2.532
13	0.4123	0.9730	2.697
14	0.4078	0.9752	2.477
15	0.4070	0.9749	2.515
16	0.4146	0.9717	2.830
17	0.4062	0.9756	2.445
18	0.4110	0.9732	2.682
19	0.4057	0.9753	2.469
20	0.4119	0.9734	2.664
21	0.3963	0.9801	1.986
22	0.4123	0.9723	2.768
23	0.4076	0.9747	2.526
24	0.4140	0.9722	2.776
25	0.4081	0.9743	2.572
26	0.4146	0.9719	2.809
27	0.4136	0.9724	2.760
28	0.4113	0.9729	2.705
29	0.4121	0.9733	2.673
30	0.4139	0.9721	2.787
31	0.4123	0.9728	2.724
32	0.4057	0.9754	2.463
33	0.4134	0.9726	2.743
34	0.4103	0.9735	2.649
35	0.4157	0.9712	2.885
36	0.4122	0.9730	2.699
37	0.4098	0.9739	2.606
38	0.4137	0.9723	2.769
39	0.4117	0.9732	2.681
40	0.4126	0.9722	2.781
41	0.3980	0.9794	2.057
42	0.4144	0.9718	2.823
43	0.4140	0.9719	2.805
44	0.4088	0.9746	2.537
45	0.4125	0.9731	2.694
46	0.4134	0.9726	2.742
47	0.3981	0.9796	2.041
48	0.4131	0.9729	2.713
49	0.4119	0.9734	2.664
50	0.4137	0.9724	2.764
51	0.4143	0.9725	2.755
52	0.4157	0.9711	2.886
53	0.4136	0.9724	2.761
54	0.4111	0.9735	2.645
55	0.4075	0.9748	2.517
56	0.4099	0.9738	2.624
57	0.4131	0.9727	2.726
58	0.4135	0.9724	2.761
59	0.3981	0.9792	2.081
60	0.4109	0.9735	2.655
61	0.4117	0.9734	2.663
62	0.4070	0.9749	2.510
63	0.4076	0.9748	2.524
64	0.4103	0.9735	2.649
65	0.4149	0.9718	2.820
66	0.4136	0.9723	2.774
67	0.4084	0.9747	2.531
68	0.4130	0.9726	2.743
69	0.4096	0.9739	2.611
70	0.4062	0.9756	2.445
71	0.4113	0.9730	2.703
72	0.4123	0.9723	2.768
73	0.4113	0.9730	2.704
74	0.4072	0.9748	2.524
75	0.4125	0.9729	2.708
76	0.4153	0.9717	2.832
77	0.4117	0.9731	2.695
78	0.4086	0.9742	2.579
79	0.4119	0.9728	2.723
80	0.4139	0.9721	2.787
81	0.4143	0.9724	2.763
82	0.4120	0.9730	2.698
83	0.4114	0.9732	2.676
84	0.4107	0.9739	2.612
85	0.4140	0.9722	2.776
86	0.4095	0.9739	2.610
87	0.4121	0.9730	2.703
88	0.4138	0.9722	2.778
89	0.4102	0.9735	2.651
90	0.4146	0.9717	2.830
91	0.4128	0.9724	2.764
92	0.4039	0.9765	2.354
93	0.4073	0.9752	2.476
94	0.4131	0.9723	2.771
95	0.4138	0.9722	2.779
96	0.4057	0.9753	2.469
97	0.4085	0.9746	2.536
98	0.4081	0.9743	2.572
99	0.4130	0.9729	2.713
100	0.4114	0.9734	2.657
101	0.4131	0.9728	2.719
102	0.4131	0.9726	2.744
103	0.4110	0.9732	2.682
104	0.4119	0.9730	2.697
105	0.4077	0.9752	2.477
106	0.4131	0.9726	2.735
107	0.4088	0.9749	2.513
108	0.3982	0.9794	2.060
109	0.4108	0.9732	2.675
110	0.4041	0.9760	2.399
111	0.4095	0.9741	2.585
112	0.4147	0.9718	2.819
113	0.4106	0.9735	2.650
114	0.4128	0.9727	2.727
115	0.4068	0.9749	2.507
116	0.4120	0.9733	2.675
117	0.4122	0.9728	2.725
118	0.4115	0.9729	2.712
119	0.4133	0.9727	2.734
120	0.4019	0.9774	2.256
121	0.4128	0.9728	2.717
122	0.4111	0.9735	2.650
123	0.4090	0.9746	2.541
124	0.4002	0.9779	2.215
125	0.4122	0.9729	2.709
126	0.4088	0.9740	2.597
127	0.3994	0.9785	2.147
128	0.4069	0.9749	2.515
129	0.4006	0.9783	2.165
130	0.4119	0.9730	2.698
131	0.4056	0.9754	2.462
132	0.4130	0.9727	2.729
133	0.4118	0.9735	2.653
134	0.3963	0.9801	1.986
135	0.4111	0.9735	2.645
136	0.4146	0.9719	2.808
137	0.4121	0.9730	2.703
138	0.4062	0.9755	2.446
139	0.4057	0.9753	2.469
140	0.4139	0.9721	2.788
141	0.4110	0.9735	2.648
142	0.4134	0.9724	2.762
143	0.4120	0.9730	2.699
144	0.4137	0.9724	2.764
145	0.4077	0.9752	2.476
146	0.4133	0.9726	2.743
147	0.4069	0.9748	2.516
148	0.4133	0.9727	2.734
149	0.4120	0.9733	2.673
150	0.4069	0.9749	2.512
151	0.4113	0.9730	2.703
152	0.4131	0.9729	2.712
153	0.4128	0.9728	2.717
154	0.4102	0.9735	2.649
155	0.4094	0.9741	2.585
156	0.4137	0.9722	2.779
157	0.4006	0.9783	2.166
158	0.4124	0.9730	2.697
159	0.4114	0.9734	2.655
160	0.4130	0.9727	2.727
161	0.4075	0.9748	2.516
162	0.4068	0.9749	2.507
163	0.4075	0.9747	2.526
164	0.4109	0.9732	2.681
165	0.4137	0.9723	2.774
166	0.4130	0.9728	2.722
167	0.4106	0.9739	2.611
168	0.3982	0.9794	2.059
169	0.4122	0.9723	2.769
170	0.4073	0.9752	2.476
171	0.4095	0.9739	2.612
172	0.4130	0.9725	2.747
173	0.4131	0.9725	2.745
174	0.3980	0.9792	2.082
175	0.4122	0.9730	2.699
176	0.4118	0.9735	2.653
177	0.4152	0.9717	2.832
178	0.4088	0.9740	2.598
179	0.4085	0.9742	2.581
180	0.4106	0.9735	2.651
181	0.4109	0.9734	2.656
182	0.4097	0.9739	2.607
183	0.4139	0.9720	2.805
184	0.3980	0.9796	2.040
185	0.4126	0.9722	2.783
186	0.4119	0.9730	2.700
187	0.4117	0.9732	2.683
188	0.4084	0.9747	2.534
189	0.4143	0.9724	2.764
190	0.4119	0.9728	2.724
191	0.4110	0.9735	2.646
192	0.4156	0.9711	2.885
193	0.4118	0.9734	2.665
194	0.4085	0.9746	2.537
195	0.4080	0.9743	2.572
196	0.4144	0.9718	2.822
197	0.3962	0.9801	1.987
198	0.4088	0.9749	2.515
199	0.3979	0.9794	2.057
200	0.3993	0.9785	2.148
201	0.4038	0.9765	2.355
202	0.4129	0.9727	2.728
203	0.4071	0.9748	2.523
204	0.4094	0.9739	2.609
205	0.4087	0.9746	2.538
206	0.4018	0.9774	2.256
207	0.4130	0.9727	2.734
208	0.4145	0.9719	2.809
209	0.4101	0.9735	2.652
210	0.4139	0.9723	2.774
211	0.4127	0.9723	2.766
212	0.4135	0.9724	2.760
213	0.4040	0.9760	2.397
214	0.4002	0.9778	2.216
215	0.4148	0.9718	2.823
216	0.4116	0.9733	2.665
217	0.4124	0.9729	2.711
218	0.4146	0.9718	2.823
219	0.4098	0.9738	2.624
220	0.4118	0.9730	2.699
221	0.4142	0.9725	2.754
222	0.4121	0.9727	2.725
223	0.4108	0.9732	2.678
224	0.4145	0.9717	2.830
225	0.4127	0.9727	2.729
226	0.4121	0.9729	2.707
227	0.4089	0.9746	2.545
228	0.4135	0.9723	2.774
229	0.4138	0.9722	2.778
230	0.4116	0.9731	2.695
231	0.4129	0.9729	2.713
232	0.4131	0.9723	2.771
233	0.4056	0.9754	2.462
234	0.4114	0.9729	2.714
235	0.4112	0.9730	2.705
236	0.4110	0.9735	2.645
237	0.4113	0.9732	2.676
238	0.4089	0.9746	2.543
239	0.4067	0.9749	2.508
240	0.4002	0.9778	2.215
241	0.4127	0.9724	2.764
242	0.4139	0.9722	2.775
243	0.4096	0.9739	2.606
244	0.4130	0.9728	2.719
245	0.3979	0.9794	2.057
246	0.4110	0.9736	2.645
247	0.3962	0.9801	1.986
248	0.4130	0.9727	2.726
249	0.4152	0.9717	2.831
250	0.4121	0.9729	2.708
251	0.4116	0.9734	2.663
252	0.4018	0.9774	2.256
253	0.4139	0.9719	2.805
254	0.4142	0.9724	2.761
255	0.4095	0.9739	2.612
256	0.4110	0.9735	2.649
257	0.4118	0.9730	2.698
258	0.4061	0.9755	2.445
259	0.4117	0.9734	2.664
260	0.4137	0.9722	2.778
261	0.4121	0.9730	2.699
262	0.4129	0.9726	2.745
263	0.4040	0.9760	2.398
264	0.4132	0.9727	2.734
265	0.4056	0.9753	2.470
266	0.4113	0.9734	2.655
267	0.4127	0.9727	2.727
268	0.4116	0.9732	2.681
269	0.4120	0.9730	2.702
270	0.4132	0.9726	2.743
271	0.4130	0.9723	2.770
272	0.4105	0.9735	2.651
273	0.4133	0.9724	2.761
274	0.3993	0.9785	2.147
275	0.4145	0.9717	2.829
276	0.4136	0.9723	2.769
277	0.4076	0.9752	2.478
278	0.4116	0.9731	2.694
279	0.4005	0.9783	2.165
280	0.4119	0.9730	2.698
281	0.4118	0.9728	2.722
282	0.4087	0.9740	2.598
283	0.4113	0.9732	2.676
284	0.4147	0.9718	2.819
285	0.4087	0.9749	2.515
286	0.4142	0.9725	2.752
287	0.4121	0.9728	2.725
288	0.4069	0.9749	2.514
289	0.4124	0.9729	2.708
290	0.4123	0.9731	2.694
291	0.4113	0.9729	2.713
292	0.4074	0.9748	2.518
293	0.4155	0.9711	2.886
294	0.4129	0.9727	2.727
295	0.4108	0.9735	2.654
296	0.4129	0.9729	2.714
297	0.4112	0.9730	2.702
298	0.4038	0.9765	2.354
299	0.4084	0.9742	2.581
300	0.4071	0.9748	2.524
301	0.4118	0.9730	2.697
302	0.4143	0.9718	2.825
303	0.4068	0.9749	2.510
304	0.4098	0.9738	2.622
305	0.3981	0.9794	2.059
306	0.4084	0.9746	2.537
307	0.4055	0.9754	2.462
308	0.4117	0.9735	2.653
309	0.4102	0.9735	2.650
310	0.4094	0.9739	2.610
311	0.4072	0.9752	2.475
312	0.4127	0.9728	2.718
313	0.4110	0.9736	2.645
314	0.4136	0.9724	2.764
315	0.4145	0.9719	2.806
316	0.4125	0.9722	2.782
317	0.4136	0.9722	2.779
318	0.4112	0.9730	2.704
319	0.3979	0.9796	2.041
320	0.4137	0.9721	2.788
321	0.4074	0.9747	2.525
322	0.4083	0.9747	2.532
323	0.4130	0.9729	2.712
324	0.4107	0.9732	2.677
325	0.4130	0.9726	2.745
326	0.4080	0.9743	2.572
327	0.4146	0.9718	2.822
328	0.4093	0.9741	2.586
329	0.4101	0.9735	2.652
330	0.3979	0.9792	2.080
331	0.4086	0.9746	2.537
332	0.4119	0.9733	2.674
333	0.4108	0.9732	2.682
334	0.4135	0.9723	2.774
335	0.4121	0.9723	2.768
336	0.4134	0.9724	2.761
337	0.4105	0.9739	2.611
338	0.4129	0.9727	2.735
339	0.4076	0.9752	2.478
340	0.4129	0.9727	2.727
341	0.4118	0.9730	2.698
342	0.4117	0.9731	2.695
343	0.4093	0.9742	2.585
344	0.4084	0.9746	2.537
345	0.3961	0.9801	1.986
346	0.4135	0.9723	2.769
347	0.4129	0.9726	2.744
348	0.4151	0.9717	2.829
349	0.4115	0.9734	2.664
350	0.4113	0.9729	2.712
351	0.4005	0.9783	2.167
352	0.4105	0.9739	2.612
353	0.4132	0.9726	2.741
354	0.4100	0.9735	2.651
355	0.4055	0.9754	2.462
356	0.4112	0.9734	2.658
357	0.4137	0.9722	2.778
358	0.4111	0.9730	2.704
359	0.4070	0.9748	2.524
360	0.4121	0.9728	2.725
361	0.4089	0.9746	2.541
362	0.4137	0.9721	2.786
363	0.4118	0.9728	2.722
364	0.4142	0.9717	2.826
365	0.3979	0.9792	2.083
366	0.4098	0.9738	2.622
367	0.4142	0.9724	2.759
368	0.4119	0.9733	2.674
369	0.4039	0.9760	2.398
370	0.4138	0.9720	2.805
371	0.4112	0.9732	2.676
372	0.3992	0.9785	2.147
373	0.4129	0.9727	2.734
374	0.4126	0.9727	2.728
375	0.4115	0.9731	2.694
376	0.4086	0.9746	2.536
377	0.4131	0.9727	2.734
378	0.4138	0.9722	2.776
379	0.4129	0.9728	2.725
380	0.4074	0.9747	2.525
381	0.4017	0.9774	2.256
382	0.4126	0.9724	2.763
383	0.4136	0.9722	2.779
384	0.4117	0.9734	2.664
385	0.4145	0.9718	2.821
386	0.4084	0.9742	2.579
387	0.4087	0.9740	2.598
388	0.4134	0.9723	2.774
389	0.4079	0.9743	2.572
390	0.4001	0.9778	2.215
391	0.4071	0.9753	2.475
392	0.3978	0.9796	2.040
393	0.4109	0.9735	2.648
394	0.4107	0.9734	2.656
395	0.4083	0.9747	2.533
396	0.4123	0.9729	2.709
397	0.4128	0.9729	2.713
398	0.4086	0.9749	2.515
399	0.4141	0.9725	2.755
400	0.4130	0.9723	2.770
401	0.4068	0.9748	2.515
402	0.4109	0.9735	2.645
403	0.3978	0.9794	2.057
404	0.4124	0.9722	2.781
405	0.4135	0.9724	2.764
406	0.4108	0.9732	2.682
407	0.4094	0.9739	2.612
408	0.4121	0.9723	2.769
409	0.4095	0.9739	2.607
410	0.4067	0.9749	2.513
411	0.4120	0.9730	2.699
412	0.4118	0.9730	2.697
413	0.4154	0.9712	2.885
414	0.4133	0.9724	2.763
415	0.4111	0.9730	2.703
416	0.4104	0.9735	2.652
417	0.4144	0.9719	2.808
418	0.4115	0.9732	2.681
419	0.4093	0.9739	2.609
420	0.4055	0.9753	2.469
421	0.4119	0.9730	2.704
422	0.4120	0.9729	2.707
423	0.4144	0.9717	2.829
424	0.4128	0.9726	2.744
425	0.4127	0.9728	2.718
426	0.4116	0.9735	2.654
427	0.4073	0.9748	2.517
428	0.4066	0.9749	2.508
429	0.4146	0.9718	2.819
430	0.4107	0.9732	2.676
431	0.4122	0.9731	2.694
432	0.4129	0.9729	2.713
433	0.4129	0.9728	2.719
434	0.4037	0.9765	2.354
435	0.4109	0.9736	2.642
436	0.3980	0.9794	2.060
437	0.4060	0.9755	2.445
438	0.4134	0.9724	2.761
439	0.4101	0.9735	2.651
440	0.4144	0.9717	2.829
441	0.4116	0.9735	2.654
442	0.4095	0.9739	2.606
443	0.4131	0.9727	2.734
444	0.4120	0.9729	2.709
445	0.4144	0.9720	2.803
446	0.4128	0.9726	2.743
447	0.3980	0.9794	2.061
448	0.4123	0.9729	2.708
449	0.4138	0.9723	2.775
450	0.4071	0.9752	2.477
451	0.3977	0.9794	2.057
452	0.4129	0.9727	2.734
453	0.4134	0.9724	2.761
454	0.4118	0.9730	2.697
455	0.4145	0.9718	2.820
456	0.4128	0.9728	2.715
457	0.4111	0.9730	2.703
458	0.4138	0.9720	2.804
459	0.4128	0.9728	2.725
460	0.4129	0.9728	2.718
461	0.4142	0.9717	2.826
462	0.4086	0.9740	2.596
463	0.4111	0.9730	2.703
464	0.4141	0.9724	2.761
465	0.4086	0.9749	2.514
466	0.4146	0.9718	2.818
467	0.4112	0.9734	2.659
468	0.4067	0.9749	2.515
469	0.4122	0.9730	2.696
470	0.4120	0.9730	2.696
471	0.4082	0.9747	2.533
472	0.4101	0.9735	2.647
473	0.4092	0.9741	2.587
474	0.4106	0.9733	2.674
475	0.4141	0.9725	2.751
476	0.4037	0.9765	2.353
477	0.4039	0.9760	2.398
478	0.3978	0.9796	2.042
479	0.4117	0.9728	2.721
480	0.4097	0.9738	2.620
481	0.4132	0.9724	2.762
482	0.4104	0.9739	2.612
483	0.4121	0.9723	2.766
484	0.4060	0.9756	2.444
485	0.4107	0.9732	2.683
486	0.4085	0.9747	2.535
487	0.4073	0.9748	2.519
488	0.4128	0.9727	2.729
489	0.4100	0.9735	2.651
490	0.4124	0.9722	2.780
491	0.4126	0.9728	2.716
492	0.4126	0.9727	2.727
493	0.4133	0.9723	2.774
494	0.4131	0.9726	2.741
495	0.4107	0.9735	2.654
496	0.4070	0.9747	2.526
497	0.4135	0.9724	2.763
498	0.4108	0.9735	2.646
499	0.4136	0.9721	2.789
500	0.4055	0.9753	2.469
501	0.4128	0.9729	2.714
502	0.4114	0.9731	2.694
503	0.4129	0.9723	2.770
504	0.4088	0.9746	2.543
505	0.4117	0.9730	2.697
506	0.4075	0.9752	2.479
507	0.4083	0.9747	2.535
508	0.4150	0.9717	2.825
509	0.3991	0.9785	2.148
510	0.4073	0.9748	2.524
511	0.4092	0.9739	2.609
512	0.4116	0.9734	2.664
513	0.4114	0.9734	2.664
514	0.4000	0.9779	2.214
515	0.4104	0.9735	2.650
516	0.3978	0.9792	2.082
517	0.4134	0.9723	2.770
518	0.4108	0.9735	2.648
519	0.4054	0.9754	2.462
520	0.4083	0.9742	2.580
521	0.4067	0.9749	2.510
522	0.4154	0.9711	2.886
523	0.4125	0.9724	2.763
524	0.4136	0.9722	2.778
525	0.4112	0.9729	2.713
526	0.4093	0.9739	2.612
527	0.4116	0.9730	2.697
528	0.4078	0.9743	2.572
529	0.4128	0.9726	2.744
530	0.4120	0.9728	2.724
531	0.4111	0.9732	2.676
532	0.4108	0.9736	2.642
533	0.3960	0.9801	1.985
534	0.4003	0.9783	2.165
535	0.4118	0.9733	2.674
536	0.4016	0.9774	2.256
537	0.4065	0.9749	2.507
538	0.4135	0.9722	2.780
539	0.4118	0.9730	2.704
540	0.4114	0.9732	2.682
541	0.4093	0.9739	2.611
542	0.4085	0.9746	2.537
543	0.4114	0.9731	2.694
544	0.4125	0.9727	2.728
545	0.4003	0.9783	2.167
546	0.4117	0.9728	2.723
547	0.4111	0.9734	2.657
548	0.4114	0.9732	2.682
549	0.4128	0.9728	2.722
550	0.4128	0.9726	2.737
551	0.3978	0.9792	2.081
552	0.4123	0.9722	2.783
553	0.4144	0.9718	2.824
554	0.4036	0.9764	2.355
555	0.4140	0.9723	2.765
556	0.4132	0.9724	2.763
557	0.4115	0.9734	2.665
558	0.4107	0.9732	2.681
559	0.4100	0.9735	2.649
560	0.4110	0.9730	2.703
561	0.4125	0.9723	2.765
562	0.4143	0.9717	2.830
563	0.4067	0.9749	2.515
564	0.4108	0.9735	2.645
565	0.4072	0.9749	2.515
566	0.4103	0.9735	2.651
567	0.4092	0.9739	2.609
568	0.4059	0.9756	2.445
569	0.4126	0.9728	2.719
570	0.4135	0.9722	2.779
571	0.4108	0.9735	2.647
572	0.4122	0.9729	2.711
573	0.4134	0.9723	2.774
574	0.4121	0.9730	2.696
575	0.4119	0.9729	2.707
576	0.4119	0.9730	2.698
577	0.4136	0.9721	2.787
578	0.4108	0.9735	2.648
579	0.3979	0.9794	2.059
580	0.4134	0.9724	2.763
581	0.4112	0.9729	2.714
582	0.4120	0.9723	2.769
583	0.4110	0.9729	2.705
584	0.4115	0.9735	2.653
585	0.4070	0.9753	2.474
586	0.4141	0.9718	2.823
587	0.4016	0.9774	2.256
588	0.4074	0.9752	2.478
589	0.4127	0.9727	2.727
590	0.4106	0.9732	2.678
591	0.4099	0.9735	2.652
592	0.4054	0.9753	2.468
593	0.4137	0.9719	2.805
594	0.4128	0.9729	2.712
595	0.4085	0.9749	2.515
596	0.3999	0.9778	2.215
597	0.4127	0.9729	2.712
598	0.4128	0.9723	2.773
599	0.4082	0.9746	2.537
600	0.4127	0.9726	2.743
601	0.4133	0.9724	2.761
602	0.4133	0.9723	2.774
603	0.4111	0.9732	2.676
604	0.4081	0.9747	2.532
605	0.4127	0.9727	2.728
606	0.4149	0.9717	2.829
607	0.4053	0.9754	2.462
608	0.3991	0.9785	2.147
609	0.4153	0.9711	2.886
610	0.4065	0.9749	2.508
611	0.4117	0.9730	2.698
612	0.3960	0.9801	1.986
613	0.4066	0.9749	2.512
614	0.4094	0.9739	2.605
615	0.4082	0.9742	2.579
616	0.4143	0.9719	2.809
617	0.3976	0.9794	2.057
618	0.4116	0.9730	2.698
619	0.3977	0.9796	2.040
620	0.4106	0.9734	2.657
621	0.4085	0.9740	2.598
622	0.4145	0.9718	2.822
623	0.4087	0.9745	2.546
624	0.4128	0.9726	2.744
625	0.4073	0.9748	2.524
626	0.4140	0.9725	2.754
627	0.4069	0.9748	2.524
628	0.4078	0.9743	2.572
629	0.4118	0.9730	2.704
630	0.4104	0.9739	2.610
631	0.4096	0.9738	2.623
632	0.4113	0.9734	2.664
633	0.4117	0.9733	2.674
634	0.4119	0.9728	2.723
635	0.4091	0.9741	2.585
636	0.4130	0.9727	2.734
637	0.4130	0.9726	2.742
638	0.4037	0.9760	2.398
639	0.4136	0.9722	2.776
640	0.4135	0.9722	2.777
641	0.4116	0.9730	2.698
642	0.4100	0.9735	2.650
643	0.4144	0.9718	2.821
644	0.4116	0.9730	2.699
645	0.4130	0.9726	2.742
646	0.4036	0.9765	2.354
647	0.4072	0.9748	2.525
648	0.4136	0.9722	2.775
649	0.4121	0.9729	2.708
650	0.3979	0.9794	2.059
651	0.4113	0.9734	2.665
652	0.4134	0.9723	2.772
653	0.4140	0.9724	2.763
654	0.4084	0.9746	2.536
655	0.4091	0.9739	2.610
656	0.3999	0.9778	2.216
657	0.4116	0.9730	2.699
658	0.4117	0.9733	2.675
659	0.4128	0.9726	2.735
660	0.4127	0.9727	2.726
661	0.4127	0.9727	2.728
662	0.4003	0.9783	2.166
663	0.4119	0.9723	2.769
664	0.3959	0.9801	1.986
665	0.4065	0.9749	2.507
666	0.3977	0.9792	2.081
667	0.4111	0.9729	2.713
668	0.4128	0.9726	2.744
669	0.4142	0.9717	2.831
670	0.4077	0.9743	2.571
671	0.4082	0.9746	2.539
672	0.4053	0.9753	2.469
673	0.4068	0.9748	2.524
674	0.4103	0.9739	2.611
675	0.4110	0.9734	2.657
676	0.4096	0.9738	2.625
677	0.3990	0.9785	2.149
678	0.3976	0.9794	2.058
679	0.4085	0.9748	2.516
680	0.4149	0.9717	2.832
681	0.4091	0.9741	2.589
682	0.4092	0.9739	2.611
683	0.4124	0.9723	2.765
684	0.4107	0.9735	2.647
685	0.4116	0.9728	2.724
686	0.4133	0.9724	2.763
687	0.4117	0.9730	2.698
688	0.4134	0.9722	2.783
689	0.4094	0.9739	2.607
690	0.4117	0.9730	2.705
691	0.4114	0.9732	2.682
692	0.4115	0.9735	2.655
693	0.4037	0.9760	2.397
694	0.4145	0.9718	2.822
695	0.4135	0.9721	2.788
696	0.4141	0.9718	2.825
697	0.4109	0.9730	2.703
698	0.4103	0.9735	2.650
699	0.4058	0.9755	2.445
700	0.4110	0.9732	2.677
701	0.4105	0.9732	2.681
702	0.4142	0.9719	2.809
703	0.4082	0.9742	2.582
704	0.4015	0.9774	2.256
705	0.4119	0.9727	2.726
706	0.4107	0.9736	2.644
707	0.4069	0.9752	2.476
708	0.4087	0.9745	2.547
709	0.4132	0.9724	2.760
710	0.4135	0.9722	2.779
711	0.4121	0.9730	2.697
712	0.4071	0.9748	2.516
713	0.4066	0.9748	2.515
714	0.4136	0.9719	2.805
715	0.4114	0.9734	2.664
716	0.4106	0.9734	2.656
717	0.4153	0.9712	2.885
718	0.4106	0.9732	2.681
719	0.4128	0.9723	2.771
720	0.4113	0.9731	2.694
721	0.4129	0.9727	2.734
722	0.4132	0.9723	2.774
723	0.4126	0.9726	2.743
724	0.4109	0.9729	2.705
725	0.4131	0.9724	2.763
726	0.3976	0.9796	2.040
727	0.4127	0.9728	2.721
728	0.4073	0.9752	2.476
729	0.4125	0.9728	2.717
730	0.4107	0.9735	2.648
731	0.4085	0.9740	2.597
732	0.4118	0.9730	2.698
733	0.4080	0.9747	2.532
734	0.4124	0.9727	2.730
735	0.4066	0.9749	2.511
736	0.4127	0.9729	2.714
737	0.4052	0.9754	2.462
738	0.4126	0.9729	2.713
739	0.4122	0.9722	2.782
740	0.4139	0.9725	2.752
741	0.4118	0.9729	2.708
742	0.4098	0.9735	2.651
743	0.4127	0.9729	2.714
744	0.4073	0.9752	2.478
745	0.4058	0.9755	2.446
746	0.4068	0.9748	2.523
747	0.4119	0.9723	2.768
748	0.4143	0.9718	2.821
749	0.4139	0.9725	2.751
750	0.4128	0.9723	2.769
751	0.4124	0.9724	2.762
752	0.4126	0.9728	2.715
753	0.4103	0.9739	2.611
754	0.4109	0.9730	2.701
755	0.4126	0.9727	2.728
756	0.4142	0.9717	2.830
757	0.4035	0.9765	2.354
758	0.4132	0.9724	2.761
759	0.4127	0.9727	2.735
760	0.4136	0.9720	2.800
761	0.4115	0.9730	2.696
762	0.4084	0.9749	2.514
763	0.4116	0.9733	2.675
764	0.4107	0.9736	2.640
765	0.4015	0.9774	2.256
766	0.4118	0.9728	2.724
767	0.4084	0.9740	2.598
768	0.4134	0.9722	2.776
769	0.4109	0.9730	2.702
770	0.4127	0.9726	2.742
771	0.4129	0.9727	2.734
772	0.4077	0.9742	2.575
773	0.4126	0.9728	2.723
774	0.4135	0.9721	2.789
775	0.4134	0.9722	2.777
776	0.4118	0.9731	2.694
777	0.4148	0.9717	2.826
778	0.4118	0.9729	2.706
779	0.4136	0.9723	2.774
780	0.4093	0.9740	2.603
781	0.4140	0.9717	2.827
782	0.4124	0.9729	2.713
783	0.4144	0.9719	2.815
784	0.4071	0.9748	2.519
785	0.4102	0.9735	2.649
786	0.4129	0.9726	2.743
787	0.4052	0.9754	2.463
788	0.4116	0.9730	2.697
789	0.4066	0.9749	2.512
790	0.4120	0.9731	2.694
791	0.4152	0.9712	2.884
792	0.4121	0.9729	2.710
793	0.4133	0.9724	2.761
794	0.4090	0.9741	2.587
795	0.4083	0.9746	2.536
796	0.3975	0.9795	2.054
797	0.4115	0.9730	2.699
798	0.4130	0.9724	2.763
799	0.4072	0.9748	2.522
800	0.4126	0.9729	2.714
801	0.4115	0.9728	2.718
802	0.4105	0.9735	2.651
803	0.4110	0.9734	2.657
804	0.4080	0.9746	2.536
805	0.4106	0.9732	2.683
806	0.4124	0.9727	2.725
807	0.4110	0.9729	2.708
808	0.4098	0.9735	2.653
809	0.4126	0.9726	2.739
810	0.4064	0.9749	2.507
811	0.4139	0.9724	2.760
812	0.4109	0.9733	2.672
813	0.4099	0.9735	2.647
814	0.4142	0.9720	2.802
815	0.4053	0.9753	2.470
816	0.3959	0.9802	1.984
817	0.4133	0.9723	2.769
818	0.4065	0.9749	2.507
819	0.4081	0.9742	2.580
820	0.4106	0.9735	2.645
821	0.4106	0.9735	2.647
822	0.4002	0.9784	2.165
823	0.4091	0.9739	2.611
824	0.4116	0.9730	2.703
825	0.3976	0.9796	2.042
826	0.4122	0.9722	2.781
827	0.3989	0.9785	2.147
828	0.4114	0.9735	2.654
829	0.4112	0.9731	2.694
830	0.3977	0.9792	2.081
831	0.4095	0.9738	2.623
832	0.4131	0.9723	2.773
833	0.4081	0.9746	2.537
834	0.4086	0.9746	2.541
835	0.3998	0.9778	2.215
836	0.4090	0.9739	2.609
837	0.4112	0.9734	2.663
838	0.4036	0.9760	2.398
839	0.4069	0.9752	2.476
840	0.4113	0.9732	2.680
841	0.4104	0.9732	2.676
842	0.3978	0.9794	2.059
843	0.4114	0.9734	2.664
844	0.4118	0.9729	2.707
845	0.4127	0.9723	2.771
846	0.4081	0.9746	2.536
847	0.4133	0.9722	2.779
848	0.4112	0.9731	2.694
849	0.4131	0.9724	2.762
850	0.4098	0.9735	2.649
851	0.4109	0.9732	2.676
852	0.3976	0.9792	2.080
853	0.3975	0.9794	2.057
854	0.3958	0.9801	1.987
855	0.4076	0.9743	2.571
856	0.4148	0.9717	2.833
857	0.4118	0.9727	2.726
858	0.4105	0.9734	2.656
859	0.4141	0.9719	2.809
860	0.4090	0.9741	2.587
861	0.4102	0.9739	2.611
862	0.4114	0.9730	2.698
863	0.4108	0.9729	2.706
864	0.4129	0.9726	2.743
865	0.3976	0.9796	2.041
866	0.4114	0.9735	2.654
867	0.4110	0.9729	2.714
868	0.4090	0.9739	2.609
869	0.4125	0.9729	2.714
870	0.4102	0.9735	2.651
871	0.4123	0.9727	2.728
872	0.4001	0.9783	2.166
873	0.4097	0.9735	2.652
874	0.4052	0.9753	2.468
875	0.4131	0.9723	2.775
876	0.4084	0.9740	2.598
877	0.4071	0.9747	2.526
878	0.4034	0.9764	2.356
879	0.4109	0.9734	2.657
880	0.4104	0.9732	2.682
881	0.4116	0.9729	2.705
882	0.4152	0.9711	2.887
883	0.4068	0.9752	2.475
884	0.4135	0.9719	2.805
885	0.4126	0.9726	2.735
886	0.4120	0.9730	2.698
887	0.4112	0.9732	2.682
888	0.4086	0.9745	2.546
889	0.4115	0.9730	2.700
890	0.4126	0.9726	2.744
891	0.4116	0.9733	2.675
892	0.3998	0.9778	2.215
893	0.4106	0.9735	2.648
894	0.4132	0.9724	2.764
895	0.4067	0.9748	2.524
896	0.4057	0.9755	2.446
897	0.4072	0.9752	2.479
898	0.4065	0.9749	2.515
899	0.4126	0.9728	2.722
900	0.4112	0.9734	2.664
901	0.4092	0.9739	2.607
902	0.4126	0.9727	2.727
903	0.4139	0.9718	2.823
904	0.4142	0.9718	2.822
905	0.4134	0.9721	2.787
906	0.4106	0.9735	2.646
907	0.4134	0.9722	2.778
908	0.3977	0.9794	2.059
909	0.3989	0.9785	2.148
910	0.4115	0.9730	2.696
911	0.4117	0.9730	2.699
912	0.4128	0.9727	2.734
913	0.4091	0.9739	2.611
914	0.4114	0.9728	2.724
915	0.4120	0.9729	2.709
916	0.4125	0.9727	2.728
917	0.4121	0.9722	2.781
918	0.4123	0.9724	2.764
919	0.4132	0.9723	2.771
920	0.4138	0.9725	2.753
921	0.4082	0.9746	2.537
922	0.4143	0.9718	2.819
923	0.4094	0.9738	2.622
924	0.4141	0.9717	2.829
925	0.4108	0.9730	2.704
926	0.4113	0.9734	2.664
927	0.4135	0.9722	2.776
928	0.4080	0.9742	2.579
929	0.4124	0.9728	2.717
930	0.4064	0.9749	2.511
931	0.4125	0.9726	2.743
932	0.4118	0.9723	2.769
933	0.4063	0.9749	2.508
934	0.4126	0.9729	2.712
935	0.4070	0.9748	2.516
936	0.4036	0.9760	2.398
937	0.4105	0.9732	2.681
938	0.4083	0.9749	2.515
939	0.4014	0.9774	2.256
940	0.4138	0.9724	2.765
941	0.4079	0.9747	2.532
942	0.4051	0.9754	2.462
943	0.4129	0.9724	2.763
944	0.4106	0.9735	2.646
945	0.4070	0.9748	2.516
946	0.4142	0.9718	2.822
947	0.4083	0.9749	2.515
948	0.4126	0.9728	2.718
949	0.4117	0.9730	2.697
950	0.4034	0.9765	2.354
951	0.4094	0.9738	2.623
952	0.4139	0.9718	2.822
953	0.4117	0.9729	2.707
954	0.4109	0.9729	2.713
955	0.4113	0.9734	2.664
956	0.4036	0.9760	2.398
957	0.4109	0.9734	2.655
958	0.4080	0.9742	2.581
959	0.4101	0.9735	2.651
960	0.4118	0.9723	2.768
961	0.4091	0.9739	2.611
962	0.4085	0.9745	2.546
963	0.4138	0.9724	2.755
964	0.4125	0.9727	2.727
965	0.4151	0.9712	2.885
966	0.4108	0.9730	2.704
967	0.4108	0.9729	2.706
968	0.4126	0.9726	2.737
969	0.4052	0.9753	2.468
970	0.4051	0.9754	2.463
971	0.4076	0.9743	2.571
972	0.4129	0.9724	2.762
973	0.4125	0.9729	2.712
974	0.4064	0.9749	2.512
975	0.4125	0.9726	2.745
976	0.4115	0.9733	2.675
977	0.4132	0.9723	2.773
978	0.4089	0.9741	2.585
979	0.4111	0.9734	2.664
980	0.3975	0.9796	2.041
981	0.4097	0.9735	2.653
982	0.4105	0.9735	2.647
983	0.4112	0.9732	2.682
984	0.4111	0.9731	2.694
985	0.4072	0.9752	2.476
986	0.4126	0.9723	2.771
987	0.4132	0.9722	2.779
988	0.3988	0.9785	2.148
989	0.4064	0.9749	2.515
990	0.4056	0.9756	2.445
991	0.4114	0.9730	2.700
992	0.4147	0.9717	2.833
993	0.4080	0.9746	2.537
994	0.4079	0.9747	2.532
995	0.4014	0.9774	2.256
996	0.4134	0.9722	2.775
997	0.4125	0.9727	2.728
998	0.4121	0.9722	2.781
999	0.4128	0.9726	2.743
1000	0.4104	0.9734	2.655
1001	0.4114	0.9730	2.699
1002	0.4143	0.9718	2.821
1003	0.4123	0.9727	2.728
1004	0.4132	0.9724	2.763
1005	0.4126	0.9726	2.743
1006	0.4097	0.9735	2.650
1007	0.4063	0.9749	2.508
1008	0.4130	0.9723	2.774
1009	0.3957	0.9801	1.986
1010	0.4083	0.9740	2.598
1011	0.4135	0.9720	2.804
1012	0.4117	0.9728	2.723
1013	0.4000	0.9783	2.166
1014	0.4104	0.9732	2.682
1015	0.4067	0.9753	2.474
1016	0.4070	0.9747	2.525
1017	0.4133	0.9721	2.788
1018	0.4119	0.9729	2.711
1019	0.4128	0.9727	2.734
1020	0.4138	0.9724	2.764
1021	0.4130	0.9724	2.759
1022	0.4140	0.9719	2.810
1023	0.4123	0.9728	2.717
1024	0.4105	0.9735	2.646
1025	0.4125	0.9729	2.712
1026	0.3975	0.9792	2.082
1027	0.3974	0.9794	2.057
1028	0.4114	0.9730	2.697
1029	0.4082	0.9746	2.537
1030	0.4133	0.9722	2.779
1031	0.4113	0.9735	2.653
1032	0.3976	0.9794	2.059
1033	0.4122	0.9724	2.764
1034	0.3997	0.9778	2.215
1035	0.4092	0.9739	2.606
1036	0.4114	0.9728	2.723
1037	0.4108	0.9732	2.676
1038	0.4101	0.9739	2.611
1039	0.4140	0.9717	2.829
1040	0.4103	0.9732	2.676
1041	0.4105	0.9736	2.644
1042	0.4089	0.9739	2.610
1043	0.4119	0.9731	2.694
1044	0.4115	0.9730	2.702
1045	0.4066	0.9748	2.524
1046	0.4120	0.9722	2.782
1047	0.4111	0.9734	2.663
1048	0.4131	0.9723	2.769
1049	0.4070	0.9748	2.524
1050	0.4134	0.9720	2.805
1051	0.4114	0.9730	2.698
1052	0.4122	0.9724	2.762
1053	0.4096	0.9735	2.651
1054	0.3975	0.9796	2.041
1055	0.4147	0.9717	2.830
1056	0.3988	0.9785	2.147
1057	0.4051	0.9753	2.468
1058	0.4100	0.9735	2.651
1059	0.4080	0.9746	2.536
1060	0.4105	0.9735	2.646
1061	0.4083	0.9740	2.598
1062	0.4084	0.9746	2.545
1063	0.4133	0.9722	2.777
1064	0.3974	0.9794	2.057
1065	0.4127	0.9727	2.734
1066	0.4125	0.9727	2.726
1067	0.4113	0.9728	2.721
1068	0.4089	0.9741	2.586
1069	0.4140	0.9720	2.804
1070	0.4103	0.9735	2.653
1071	0.4138	0.9718	2.825
1072	0.4105	0.9735	2.648
1073	0.4093	0.9738	2.621
1074	0.4108	0.9734	2.658
1075	0.4090	0.9739	2.612
1076	0.4112	0.9734	2.665
1077	0.4125	0.9727	2.735
1078	0.4129	0.9724	2.762
1079	0.4082	0.9746	2.537
1080	0.4119	0.9729	2.707
1081	0.4116	0.9728	2.724
1082	0.4124	0.9727	2.727
1083	0.4137	0.9724	2.759
1084	0.3975	0.9792	2.081
1085	0.4064	0.9749	2.515
1086	0.4050	0.9754	2.461
1087	0.4075	0.9743	2.571
1088	0.4097	0.9735	2.649
1089	0.4069	0.9748	2.516
1090	0.4125	0.9723	2.771
1091	0.4112	0.9735	2.653
1092	0.4109	0.9729	2.714
1093	0.4117	0.9723	2.769
1094	0.4137	0.9725	2.752
1095	0.3957	0.9801	1.986
1096	0.4107	0.9729	2.706
1097	0.4062	0.9749	2.508
1098	0.4116	0.9730	2.697
1099	0.4114	0.9730	2.698
1100	0.4033	0.9765	2.353
1101	0.4140	0.9717	2.829
1102	0.4116	0.9729	2.707
1103	0.4078	0.9747	2.532
1104	0.4150	0.9711	2.885
1105	0.4125	0.9726	2.744
1106	0.4107	0.9730	2.704
1107	0.4056	0.9755	2.446
1108	0.4130	0.9724	2.761
1109	0.4132	0.9722	2.778
1110	0.4134	0.9722	2.776
1111	0.4105	0.9736	2.644
1112	0.4013	0.9774	2.256
1113	0.4102	0.9732	2.676
1114	0.4131	0.9724	2.763
1115	0.4122	0.9727	2.728
1116	0.4114	0.9733	2.675
1117	0.4101	0.9739	2.611
1118	0.4118	0.9731	2.695
1119	0.4082	0.9749	2.515
1120	0.4115	0.9730	2.703
1121	0.4113	0.9730	2.696
1122	0.3976	0.9794	2.059
1123	0.4124	0.9726	2.743
1124	0.4141	0.9718	2.820
1125	0.4063	0.9749	2.511
1126	0.4127	0.9726	2.742
1127	0.4067	0.9752	2.476
1128	0.4035	0.9760	2.398
1129	0.4111	0.9732	2.681
1130	0.4000	0.9783	2.166
1131	0.4125	0.9729	2.712
1132	0.4124	0.9729	2.713
1133	0.4111	0.9731	2.694
1134	0.3996	0.9778	2.215
1135	0.4104	0.9732	2.681
1136	0.4091	0.9739	2.606
1137	0.4125	0.9728	2.721
1138	0.4133	0.9721	2.787
1139	0.4079	0.9742	2.580
1140	0.4089	0.9739	2.608
1141	0.4107	0.9732	2.675
1142	0.4122	0.9728	2.717
1143	0.4130	0.9723	2.774
1144	0.4071	0.9752	2.478
1145	0.4142	0.9718	2.820
1146	0.4066	0.9748	2.524
1147	0.4124	0.9728	2.725
1148	0.4093	0.9738	2.623
1149	0.4082	0.9749	2.515
1150	0.4116	0.9729	2.708
1151	0.4096	0.9735	2.651
1152	0.4142	0.9718	2.819
1153	0.4124	0.9728	2.718
1154	0.4034	0.9760	2.397
1155	0.4096	0.9735	2.651
1156	0.4082	0.9740	2.595
1157	0.4062	0.9749	2.507
1158	0.4116	0.9723	2.768
1159	0.4071	0.9752	2.478
1160	0.4067	0.9752	2.476
1161	0.4033	0.9765	2.354
1162	0.4104	0.9735	2.648
1163	0.4081	0.9746	2.537
1164	0.4107	0.9732	2.676
1165	0.4118	0.9731	2.694
1166	0.4138	0.9718	2.822
1167	0.3976	0.9794	2.059
1168	0.4063	0.9749	2.514
1169	0.4088	0.9739	2.608
1170	0.4127	0.9727	2.734
1171	0.3956	0.9801	1.987
1172	0.4131	0.9722	2.779
1173	0.4104	0.9736	2.644
1174	0.4013	0.9774	2.256
1175	0.4100	0.9735	2.651
1176	0.4116	0.9728	2.725
1177	0.4103	0.9735	2.655
1178	0.4139	0.9719	2.808
1179	0.4124	0.9726	2.735
1180	0.4078	0.9747	2.532
1181	0.4133	0.9720	2.805
1182	0.4113	0.9728	2.722
1183	0.4124	0.9729	2.715
1184	0.4104	0.9736	2.643
1185	0.4118	0.9729	2.708
1186	0.3999	0.9783	2.166
1187	0.4050	0.9754	2.462
1188	0.4089	0.9739	2.612
1189	0.4128	0.9724	2.762
1190	0.4112	0.9735	2.653
1191	0.4120	0.9722	2.782
1192	0.4114	0.9730	2.702
1193	0.4079	0.9742	2.580
1194	0.4088	0.9741	2.585
1195	0.4123	0.9729	2.714
1196	0.4110	0.9732	2.680
1197	0.4129	0.9723	2.774
1198	0.4063	0.9749	2.511
1199	0.4114	0.9733	2.675
1200	0.4112	0.9730	2.697
1201	0.4139	0.9717	2.830
1202	0.4130	0.9724	2.762
1203	0.4106	0.9730	2.703
1204	0.3974	0.9796	2.041
1205	0.4125	0.9723	2.771
1206	0.4123	0.9727	2.729
1207	0.4065	0.9748	2.524
1208	0.4124	0.9726	2.743
1209	0.4084	0.9746	2.545
1210	0.4107	0.9734	2.656
1211	0.4136	0.9725	2.752
1212	0.4115	0.9730	2.698
1213	0.4091	0.9740	2.605
1214	0.4113	0.9730	2.698
1215	0.4132	0.9721	2.787
1216	0.4103	0.9732	2.682
1217	0.4146	0.9717	2.829
1218	0.3973	0.9794	2.057
1219	0.4068	0.9748	2.516
1220	0.4113	0.9730	2.698
1221	0.4111	0.9734	2.665
1222	0.4069	0.9748	2.524
1223	0.4123	0.9726	2.743
1224	0.4140	0.9718	2.821
1225	0.4050	0.9753	2.467
1226	0.4110	0.9734	2.664
1227	0.4074	0.9743	2.570
1228	0.4127	0.9726	2.743
1229	0.4108	0.9729	2.713
1230	0.3996	0.9778	2.216
1231	0.4121	0.9727	2.728
1232	0.4055	0.9755	2.446
1233	0.4121	0.9724	2.764
1234	0.4100	0.9739	2.611
1235	0.4079	0.9746	2.536
1236	0.4130	0.9723	2.771
1237	0.4102	0.9732	2.675
1238	0.4132	0.9722	2.778
1239	0.4149	0.9712	2.885
1240	0.4110	0.9731	2.694
1241	0.3974	0.9792	2.081
1242	0.4122	0.9728	2.718
1243	0.3987	0.9785	2.146
1244	0.4106	0.9729	2.705
1245	0.4136	0.9724	2.762
1246	0.4129	0.9724	2.761
1247	0.4133	0.9723	2.775
1248	0.4133	0.9723	2.775
1249	0.3996	0.9779	2.215
1250	0.4123	0.9728	2.725
1251	0.4078	0.9746	2.537
1252	0.4081	0.9749	2.515
1253	0.4079	0.9742	2.579
1254	0.4090	0.9740	2.605
1255	0.4065	0.9748	2.524
1256	0.4112	0.9728	2.722
1257	0.4113	0.9730	2.697
1258	0.4107	0.9734	2.659
1259	0.4106	0.9730	2.704
1260	0.4113	0.9733	2.674
1261	0.4096	0.9735	2.652
1262	0.4146	0.9717	2.829
1263	0.4102	0.9732	2.675
1264	0.4080	0.9747	2.535
1265	0.4108	0.9729	2.713
1266	0.4032	0.9765	2.353
1267	0.4111	0.9735	2.654
1268	0.4112	0.9730	2.696
1269	0.4070	0.9752	2.478
1270	0.4095	0.9735	2.651
1271	0.4088	0.9739	2.610
1272	0.4102	0.9735	2.654
1273	0.4131	0.9722	2.778
1274	0.4124	0.9726	2.744
1275	0.4066	0.9752	2.476
1276	0.4050	0.9753	2.470
1277	0.4115	0.9730	2.699
1278	0.4081	0.9741	2.594
1279	0.4121	0.9728	2.717
1280	0.4063	0.9749	2.514
1281	0.4092	0.9738	2.621
1282	0.4087	0.9742	2.585
1283	0.4130	0.9722	2.778
1284	0.4123	0.9727	2.728
1285	0.4106	0.9730	2.704
1286	0.4124	0.9729	2.714
1287	0.4083	0.9746	2.541
1288	0.3999	0.9784	2.165
1289	0.4130	0.9724	2.763
1290	0.4136	0.9725	2.753
1291	0.4111	0.9734	2.664
1292	0.4110	0.9731	2.694
1293	0.4112	0.9730	2.698
1294	0.4074	0.9743	2.571
1295	0.4132	0.9721	2.786
1296	0.4116	0.9723	2.769
1297	0.4137	0.9718	2.822
1298	0.4089	0.9739	2.611
1299	0.4062	0.9749	2.513
1300	0.4123	0.9729	2.713
1301	0.4077	0.9747	2.532
1302	0.4149	0.9711	2.885
1303	0.4129	0.9724	2.761
1304	0.4126	0.9727	2.733
1305	0.4123	0.9726	2.741
1306	0.4140	0.9718	2.820
1307	0.3973	0.9796	2.041
1308	0.4130	0.9723	2.769
1309	0.4099	0.9735	2.652
1310	0.4127	0.9724	2.761
1311	0.4117	0.9729	2.708
1312	0.3972	0.9794	2.057
1313	0.3974	0.9792	2.082
1314	0.4123	0.9728	2.718
1315	0.4141	0.9718	2.819
1316	0.4106	0.9732	2.676
1317	0.4061	0.9749	2.507
1318	0.4102	0.9732	2.681
1319	0.4113	0.9730	2.701
1320	0.4124	0.9723	2.771
1321	0.4129	0.9723	2.774
1322	0.4139	0.9720	2.803
1323	0.4103	0.9735	2.648
1324	0.4117	0.9731	2.694
1325	0.4119	0.9722	2.782
1326	0.4033	0.9760	2.397
1327	0.4138	0.9717	2.829
1328	0.4054	0.9755	2.445
1329	0.3975	0.9794	2.059
1330	0.4099	0.9739	2.611
1331	0.4133	0.9720	2.804
1332	0.4103	0.9736	2.645
1333	0.4136	0.9724	2.763
1334	0.4115	0.9729	2.708
1335	0.4123	0.9726	2.735
1336	0.4115	0.9728	2.723
1337	0.3986	0.9785	2.147
1338	0.3956	0.9802	1.985
1339	0.4012	0.9774	2.256
1340	0.4068	0.9748	2.516
1341	0.4120	0.9724	2.763
1342	0.4103	0.9736	2.643
1343	0.4049	0.9754	2.462
1344	0.4068	0.9748	2.524
1345	0.4126	0.9726	2.742
1346	0.4110	0.9732	2.681
1347	0.4109	0.9734	2.664
1348	0.4121	0.9727	2.728
1349	0.4123	0.9726	2.736
1350	0.4115	0.9729	2.708
1351	0.4090	0.9740	2.604
1352	0.4101	0.9732	2.675
1353	0.4135	0.9725	2.751
1354	0.4138	0.9720	2.801
1355	0.4136	0.9717	2.826
1356	0.4112	0.9730	2.696
1357	0.4070	0.9752	2.480
1358	0.4139	0.9718	2.819
1359	0.4115	0.9723	2.765
1360	0.4077	0.9747	2.532
1361	0.4123	0.9728	2.723
1362	0.4087	0.9739	2.609
1363	0.4131	0.9722	2.776
1364	0.3995	0.9778	2.216
1365	0.4106	0.9733	2.671
1366	0.4119	0.9722	2.780
1367	0.4078	0.9747	2.535
1368	0.4099	0.9735	2.649
1369	0.4105	0.9730	2.703
1370	0.3973	0.9792	2.082
1371	0.4088	0.9739	2.611
1372	0.4068	0.9748	2.523
1373	0.4033	0.9760	2.397
1374	0.4078	0.9742	2.579
1375	0.4120	0.9724	2.761
1376	0.4138	0.9717	2.830
1377	0.4112	0.9728	2.721
1378	0.4094	0.9735	2.650
1379	0.3998	0.9784	2.165
1380	0.4011	0.9774	2.256
1381	0.4103	0.9735	2.648
1382	0.4117	0.9731	2.695
1383	0.3973	0.9796	2.041
1384	0.4149	0.9711	2.885
1385	0.3955	0.9801	1.986
1386	0.4109	0.9731	2.694
1387	0.4123	0.9729	2.712
1388	0.4073	0.9743	2.570
1389	0.4062	0.9749	2.513
1390	0.4065	0.9753	2.475
1391	0.4113	0.9733	2.674
1392	0.4109	0.9732	2.682
1393	0.4101	0.9735	2.654
1394	0.4145	0.9717	2.831
1395	0.4132	0.9722	2.776
1396	0.4135	0.9724	2.763
1397	0.4129	0.9724	2.763
1398	0.4114	0.9728	2.723
1399	0.4064	0.9748	2.523
1400	0.4102	0.9732	2.681
1401	0.4110	0.9735	2.653
1402	0.4129	0.9723	2.771
1403	0.4122	0.9726	2.743
1404	0.4095	0.9735	2.651
1405	0.4127	0.9724	2.761
1406	0.4067	0.9748	2.516
1407	0.4121	0.9728	2.718
1408	0.4106	0.9734	2.658
1409	0.4054	0.9756	2.445
1410	0.3974	0.9794	2.059
1411	0.4126	0.9726	2.743
1412	0.4099	0.9739	2.611
1413	0.4113	0.9730	2.702
1414	0.4031	0.9765	2.353
1415	0.4060	0.9749	2.508
1416	0.4103	0.9736	2.645
1417	0.3971	0.9794	2.057
1418	0.4109	0.9734	2.664
1419	0.4117	0.9729	2.707
1420	0.4140	0.9718	2.821
1421	0.4103	0.9735	2.645
1422	0.4049	0.9753	2.467
1423	0.4080	0.9749	2.514
1424	0.4128	0.9724	2.761
1425	0.4123	0.9726	2.744
1426	0.4128	0.9723	2.773
1427	0.4111	0.9730	2.698
1428	0.4079	0.9746	2.536
1429	0.4105	0.9730	2.703
1430	0.4110	0.9734	2.664
1431	0.4123	0.9728	2.718
1432	0.4048	0.9754	2.462
1433	0.4087	0.9741	2.585
1434	0.4091	0.9738	2.623
1435	0.4130	0.9722	2.778
1436	0.4120	0.9727	2.728
1437	0.4123	0.9723	2.770
1438	0.4125	0.9727	2.734
1439	0.3986	0.9785	2.147
1440	0.4061	0.9749	2.513
1441	0.4111	0.9730	2.699
1442	0.4080	0.9740	2.598
1443	0.4082	0.9746	2.545
1444	0.4132	0.9720	2.804
1445	0.4114	0.9730	2.698
1446	0.4122	0.9727	2.727
1447	0.4106	0.9729	2.713
1448	0.4122	0.9729	2.714
1449	0.4131	0.9721	2.786
1450	0.4122	0.9728	2.724
1451	0.4110	0.9735	2.654
1452	0.4117	0.9729	2.708
1453	0.4132	0.9720	2.804
1454	0.4122	0.9729	2.714
1455	0.4140	0.9718	2.819
1456	0.3973	0.9792	2.082
1457	0.4123	0.9726	2.744
1458	0.4105	0.9730	2.704
1459	0.4125	0.9727	2.733
1460	0.4135	0.9724	2.759
1461	0.4064	0.9748	2.524
1462	0.4119	0.9724	2.761
1463	0.4111	0.9730	2.695
1464	0.4123	0.9726	2.736
1465	0.4114	0.9730	2.697
1466	0.4060	0.9749	2.506
1467	0.4100	0.9732	2.675
1468	0.4073	0.9743	2.574
1469	0.4102	0.9735	2.645
1470	0.4095	0.9735	2.651
1471	0.4122	0.9726	2.741
1472	0.4068	0.9748	2.523
1473	0.4011	0.9774	2.256
1474	0.4069	0.9752	2.478
1475	0.3974	0.9794	2.059
1476	0.4079	0.9746	2.536
1477	0.4148	0.9712	2.885
1478	0.4137	0.9717	2.830
1479	0.4127	0.9724	2.761
1480	0.4049	0.9753	2.468
1481	0.4065	0.9752	2.476
1482	0.3972	0.9796	2.041
1483	0.4138	0.9719	2.807
1484	0.4106	0.9729	2.713
1485	0.4135	0.9725	2.753
1486	0.4126	0.9724	2.761
1487	0.3994	0.9778	2.215
1488	0.4091	0.9738	2.623
1489	0.4031	0.9765	2.354
1490	0.4120	0.9728	2.717
1491	0.3955	0.9801	1.987
1492	0.4128	0.9723	2.774
1493	0.4114	0.9728	2.723
1494	0.4101	0.9732	2.680
1495	0.4129	0.9722	2.779
1496	0.4105	0.9732	2.677
1497	0.3985	0.9785	2.147
1498	0.4130	0.9722	2.778
1499	0.4109	0.9732	2.681
1500	0.4112	0.9733	2.674
1501	0.4118	0.9722	2.781
1502	0.4112	0.9730	2.702
1503	0.4048	0.9754	2.462
1504	0.4053	0.9755	2.446
1505	0.4086	0.9741	2.587
1506	0.4098	0.9739	2.611
1507	0.4131	0.9722	2.775
1508	0.4101	0.9735	2.654
1509	0.4123	0.9723	2.771
1510	0.4114	0.9723	2.769
1511	0.4122	0.9728	2.718
1512	0.4077	0.9742	2.580
1513	0.4112	0.9730	2.698
1514	0.3997	0.9783	2.166
1515	0.4080	0.9749	2.514
1516	0.4076	0.9747	2.532
1517	0.4130	0.9721	2.786
1518	0.4093	0.9735	2.652
1519	0.4138	0.9718	2.821
1520	0.4128	0.9724	2.763
1521	0.3971	0.9794	2.057
1522	0.4136	0.9718	2.823
1523	0.4120	0.9727	2.728
1524	0.4110	0.9734	2.664
1525	0.4108	0.9734	2.664
1526	0.4105	0.9735	2.655
1527	0.4067	0.9748	2.515
1528	0.4144	0.9717	2.831
1529	0.4077	0.9746	2.536
1530	0.4108	0.9731	2.694
1531	0.4125	0.9726	2.743
1532	0.4102	0.9736	2.644
1533	0.4122	0.9729	2.713
1534	0.4087	0.9739	2.611
1535	0.4086	0.9739	2.610
1536	0.4128	0.9723	2.771
1537	0.4121	0.9727	2.727
1538	0.4116	0.9731	2.694
1539	0.4061	0.9749	2.511
1540	0.4032	0.9760	2.397
1541	0.4089	0.9739	2.606
1542	0.4098	0.9735	2.652
1543	0.4111	0.9730	2.698
1544	0.4102	0.9735	2.647
1545	0.4111	0.9728	2.721
1546	0.4113	0.9729	2.708
1547	0.4104	0.9730	2.704
1548	0.4081	0.9746	2.541
1549	0.4080	0.9741	2.595
1550	0.4061	0.9749	2.515
1551	0.4105	0.9733	2.674
1552	0.4111	0.9730	2.698
1553	0.4080	0.9741	2.595
1554	0.3994	0.9778	2.215
1555	0.4079	0.9746	2.537
1556	0.4131	0.9723	2.775
1557	0.4121	0.9729	2.714
1558	0.4122	0.9726	2.743
1559	0.4105	0.9734	2.660
1560	0.4121	0.9726	2.742
1561	0.4148	0.9712	2.884
1562	0.4104	0.9730	2.704
1563	0.4093	0.9735	2.651
1564	0.4110	0.9730	2.696
1565	0.4140	0.9718	2.818
1566	0.4090	0.9738	2.622
1567	0.3972	0.9792	2.082
1568	0.4117	0.9722	2.782
1569	0.4129	0.9722	2.778
1570	0.4127	0.9723	2.774
1571	0.4113	0.9728	2.723
1572	0.4134	0.9724	2.759
1573	0.4108	0.9734	2.663
1574	0.4119	0.9724	2.760
1575	0.4108	0.9732	2.680
1576	0.4124	0.9727	2.732
1577	0.4144	0.9717	2.827
1578	0.4072	0.9743	2.574
1579	0.4097	0.9735	2.650
1580	0.4131	0.9720	2.804
1581	0.4100	0.9732	2.675
1582	0.4126	0.9724	2.762
1583	0.4116	0.9729	2.708
1584	0.4064	0.9752	2.475
1585	0.4060	0.9749	2.509
1586	0.3973	0.9794	2.060
1587	0.3997	0.9783	2.165
1588	0.4109	0.9734	2.664
1589	0.4048	0.9753	2.468
1590	0.4134	0.9725	2.753
1591	0.4120	0.9728	2.717
1592	0.4032	0.9760	2.398
1593	0.4047	0.9754	2.462
1594	0.4128	0.9724	2.764
1595	0.4063	0.9748	2.523
1596	0.4102	0.9735	2.647
1597	0.4110	0.9728	2.723
1598	0.4119	0.9727	2.728
1599	0.3985	0.9785	2.148
1600	0.3970	0.9794	2.058
1601	0.4115	0.9730	2.698
1602	0.4111	0.9730	2.697
1603	0.4100	0.9734	2.655
1604	0.4112	0.9730	2.703
1605	0.4113	0.9730	2.697
1606	0.4075	0.9747	2.532
1607	0.4076	0.9746	2.536
1608	0.4122	0.9729	2.712
1609	0.4086	0.9739	2.610
1610	0.4094	0.9735	2.651
1611	0.4059	0.9749	2.508
1612	0.4108	0.9731	2.694
1613	0.3971	0.9796	2.040
1614	0.4081	0.9745	2.545
1615	0.4060	0.9749	2.515
1616	0.4101	0.9732	2.681
1617	0.4137	0.9719	2.808
1618	0.4135	0.9718	2.823
1619	0.4105	0.9729	2.713
1620	0.4076	0.9742	2.581
1621	0.4137	0.9717	2.830
1622	0.4104	0.9729	2.705
1623	0.4121	0.9727	2.727
1624	0.4101	0.9735	2.647
1625	0.4129	0.9722	2.779
1626	0.4130	0.9721	2.787
1627	0.4124	0.9726	2.742
1628	0.4122	0.9728	2.719
1629	0.4010	0.9774	2.256
1630	0.4111	0.9733	2.674
1631	0.4067	0.9748	2.523
1632	0.4113	0.9729	2.706
1633	0.4085	0.9741	2.586
1634	0.4128	0.9723	2.771
1635	0.4068	0.9752	2.479
1636	0.4122	0.9726	2.735
1637	0.4053	0.9755	2.446
1638	0.4138	0.9718	2.819
1639	0.4127	0.9724	2.761
1640	0.4114	0.9723	2.768
1641	0.4109	0.9735	2.654
1642	0.4097	0.9739	2.611
1643	0.4122	0.9723	2.769
1644	0.4102	0.9736	2.642
1645	0.3954	0.9801	1.985
1646	0.4121	0.9728	2.723
1647	0.4066	0.9748	2.518
1648	0.4079	0.9749	2.513
1649	0.4086	0.9739	2.610
1650	0.4030	0.9765	2.353
1651	0.4088	0.9740	2.605
1652	0.4097	0.9739	2.612
1653	0.3970	0.9794	2.058
1654	0.4127	0.9723	2.774
1655	0.4121	0.9728	2.717
1656	0.4143	0.9717	2.828
1657	0.4101	0.9736	2.641
1658	0.4086	0.9739	2.611
1659	0.4031	0.9760	2.397
1660	0.4104	0.9732	2.675
1661	0.4101	0.9735	2.647
1662	0.4068	0.9752	2.477
1663	0.4105	0.9734	2.660
1664	0.4079	0.9740	2.595
1665	0.4136	0.9717	2.829
1666	0.4107	0.9734	2.663
1667	0.4085	0.9742	2.584
1668	0.4137	0.9720	2.800
1669	0.4127	0.9723	2.769
1670	0.4128	0.9722	2.777
1671	0.4113	0.9730	2.695
1672	0.3997	0.9784	2.165
1673	0.4105	0.9729	2.710
1674	0.4076	0.9742	2.579
1675	0.4121	0.9729	2.714
1676	0.4090	0.9738	2.621
1677	0.4125	0.9724	2.761
1678	0.4129	0.9722	2.778
1679	0.4085	0.9739	2.609
1680	0.4103	0.9730	2.703
1681	0.4115	0.9731	2.694
1682	0.4110	0.9728	2.721
1683	0.4030	0.9765	2.353
1684	0.4121	0.9726	2.741
1685	0.4101	0.9735	2.646
1686	0.4066	0.9748	2.518
1687	0.4124	0.9726	2.742
1688	0.4147	0.9711	2.886
1689	0.4113	0.9728	2.722
1690	0.4113	0.9729	2.707
1691	0.3993	0.9779	2.213
1692	0.4103	0.9730	2.701
1693	0.4130	0.9720	2.803
1694	0.4109	0.9734	2.664
1695	0.4081	0.9746	2.541
1696	0.4134	0.9724	2.761
1697	0.4123	0.9727	2.733
1698	0.4100	0.9732	2.684
1699	0.4100	0.9735	2.652
1700	0.4088	0.9740	2.603
1701	0.4110	0.9730	2.696
1702	0.3953	0.9802	1.984
1703	0.3984	0.9785	2.148
1704	0.4078	0.9749	2.513
1705	0.4118	0.9727	2.728
1706	0.4107	0.9732	2.680
1707	0.4093	0.9735	2.649
1708	0.4126	0.9724	2.761
1709	0.4099	0.9732	2.675
1710	0.4115	0.9729	2.708
1711	0.4137	0.9718	2.820
1712	0.4118	0.9724	2.761
1713	0.4092	0.9735	2.650
1714	0.4121	0.9728	2.723
1715	0.4076	0.9746	2.535
1716	0.4010	0.9774	2.256
1717	0.4127	0.9724	2.762
1718	0.4121	0.9726	2.743
1719	0.4058	0.9749	2.506
1720	0.4075	0.9747	2.533
1721	0.3971	0.9796	2.041
1722	0.4047	0.9753	2.469
1723	0.4129	0.9721	2.787
1724	0.4119	0.9728	2.718
1725	0.3971	0.9792	2.081
1726	0.4107	0.9731	2.695
1727	0.4062	0.9748	2.524
1728	0.4066	0.9748	2.525
1729	0.4130	0.9722	2.776
1730	0.4111	0.9730	2.701
1731	0.4071	0.9743	2.572
1732	0.4046	0.9754	2.462
1733	0.4121	0.9726	2.735
1734	0.4113	0.9723	2.769
1735	0.4060	0.9749	2.514
1736	0.4120	0.9727	2.727
1737	0.4116	0.9722	2.782
1738	0.4110	0.9730	2.698
1739	0.4120	0.9729	2.715
1740	0.4122	0.9723	2.770
1741	0.4096	0.9735	2.652
1742	0.4110	0.9733	2.675
1743	0.4052	0.9755	2.446
1744	0.4133	0.9725	2.752
1745	0.4108	0.9735	2.654
1746	0.3972	0.9794	2.060
1747	0.4059	0.9749	2.511
1748	0.4078	0.9746	2.536
1749	0.4063	0.9752	2.475
1750	0.4109	0.9730	2.697
1751	0.4138	0.9718	2.819
1752	0.4134	0.9718	2.823
1753	0.4052	0.9756	2.445
1754	0.4071	0.9743	2.571
1755	0.4119	0.9728	2.717
1756	0.4101	0.9736	2.645
1757	0.4129	0.9721	2.786
1758	0.4138	0.9718	2.819
1759	0.4067	0.9752	2.479
1760	0.4128	0.9722	2.778
1761	0.4099	0.9735	2.653
1762	0.4143	0.9717	2.829
1763	0.4078	0.9749	2.514
1764	0.4120	0.9728	2.723
1765	0.4089	0.9738	2.620
1766	0.4103	0.9730	2.704
1767	0.4118	0.9724	2.761
1768	0.4109	0.9730	2.698
1769	0.4128	0.9722	2.776
1770	0.4100	0.9732	2.683
1771	0.4096	0.9735	2.651
1772	0.3970	0.9796	2.041
1773	0.4112	0.9728	2.723
1774	0.4120	0.9729	2.714
1775	0.3996	0.9784	2.165
1776	0.4130	0.9722	2.775
1777	0.4136	0.9720	2.804
1778	0.4118	0.9727	2.727
1779	0.4101	0.9735	2.647
1780	0.4046	0.9754	2.462
1781	0.4121	0.9726	2.736
1782	0.4086	0.9739	2.611
1783	0.4133	0.9724	2.760
1784	0.4106	0.9734	2.663
1785	0.4120	0.9726	2.742
1786	0.4110	0.9730	2.696
1787	0.4120	0.9727	2.728
1788	0.4059	0.9749	2.509
1789	0.4133	0.9725	2.751
1790	0.4087	0.9740	2.604
1791	0.4126	0.9724	2.761
1792	0.3972	0.9794	2.061
1793	0.4078	0.9740	2.596
1794	0.4063	0.9752	2.475
1795	0.4127	0.9724	2.761
1796	0.3992	0.9779	2.214
1797	0.4066	0.9748	2.524
1798	0.4146	0.9711	2.886
1799	0.4077	0.9746	2.537
1800	0.4108	0.9735	2.653
1801	0.4062	0.9748	2.524
1802	0.4124	0.9724	2.761
1803	0.4029	0.9765	2.353
1804	0.4123	0.9727	2.734
1805	0.4110	0.9733	2.674
1806	0.4098	0.9732	2.676
1807	0.4123	0.9726	2.741
1808	0.4120	0.9728	2.717
1809	0.4092	0.9735	2.651
1810	0.3983	0.9785	2.148
1811	0.4065	0.9748	2.517
1812	0.4107	0.9732	2.680
1813	0.3953	0.9801	1.986
1814	0.4075	0.9742	2.580
1815	0.4126	0.9723	2.774
1816	0.4113	0.9723	2.769
1817	0.4103	0.9732	2.676
1818	0.4135	0.9717	2.829
1819	0.4009	0.9774	2.256
1820	0.4084	0.9739	2.608
1821	0.4102	0.9729	2.706
1822	0.4109	0.9728	2.722
1823	0.4104	0.9729	2.713
1824	0.4058	0.9749	2.507
1825	0.4030	0.9760	2.398
1826	0.3969	0.9794	2.057
1827	0.4110	0.9730	2.704
1828	0.4114	0.9729	2.709
1829	0.4075	0.9746	2.538
1830	0.3970	0.9792	2.081
1831	0.4092	0.9735	2.648
1832	0.4121	0.9723	2.771
1833	0.4100	0.9736	2.644
1834	0.4134	0.9718	2.824
1835	0.4106	0.9731	2.693
1836	0.4112	0.9730	2.697
1837	0.4103	0.9734	2.655
1838	0.4046	0.9753	2.467
1839	0.4121	0.9725	2.745
1840	0.4084	0.9741	2.587
1841	0.4080	0.9745	2.546
1842	0.4116	0.9722	2.781
1843	0.4120	0.9729	2.712
1844	0.4059	0.9749	2.513
1845	0.4112	0.9729	2.707
1846	0.4136	0.9718	2.821
1847	0.4096	0.9739	2.611
1848	0.4074	0.9747	2.532
1849	0.4126	0.9723	2.769
1850	0.4108	0.9734	2.664
1851	0.4108	0.9730	2.697
1852	0.4129	0.9720	2.804
1853	0.4114	0.9731	2.694
1854	0.4102	0.9730	2.703
1855	0.4128	0.9722	2.785
1856	0.4106	0.9734	2.664
1857	0.4117	0.9727	2.728
1858	0.4058	0.9749	2.507
1859	0.4110	0.9733	2.674
1860	0.4112	0.9729	2.708
1861	0.4120	0.9728	2.717
1862	0.4100	0.9735	2.646
1863	0.3983	0.9785	2.147
1864	0.4077	0.9749	2.513
1865	0.4092	0.9735	2.651
1866	0.3952	0.9802	1.985
1867	0.4138	0.9718	2.818
1868	0.4089	0.9738	2.622
1869	0.4104	0.9729	2.712
1870	0.4046	0.9754	2.461
1871	0.4119	0.9727	2.727
1872	0.4132	0.9725	2.752
1873	0.4080	0.9746	2.541
1874	0.4121	0.9723	2.769
1875	0.4109	0.9728	2.722
1876	0.4135	0.9720	2.804
1877	0.4070	0.9743	2.575
1878	0.4146	0.9712	2.885
1879	0.4100	0.9735	2.647
1880	0.4142	0.9717	2.829
1881	0.4098	0.9735	2.653
1882	0.4091	0.9735	2.651
1883	0.4096	0.9735	2.652
1884	0.4085	0.9739	2.611
1885	0.4109	0.9730	2.696
1886	0.4128	0.9722	2.778
1887	0.4132	0.9724	2.760
1888	0.4086	0.9740	2.604
1889	0.4062	0.9752	2.475
1890	0.4103	0.9734	2.659
1891	0.4064	0.9748	2.518
1892	0.3995	0.9784	2.165
1893	0.4075	0.9742	2.580
1894	0.4129	0.9720	2.804
1895	0.4120	0.9726	2.744
1896	0.3992	0.9778	2.215
1897	0.4051	0.9755	2.445
1898	0.4119	0.9729	2.713
1899	0.4061	0.9748	2.523
1900	0.4099	0.9732	2.681
1901	0.4077	0.9746	2.535
1902	0.4110	0.9730	2.701
1903	0.4028	0.9765	2.354
1904	0.4122	0.9727	2.733
1905	0.4117	0.9724	2.764
1906	0.4102	0.9729	2.706
1907	0.4100	0.9736	2.644
1908	0.4103	0.9732	2.675
1909	0.4129	0.9722	2.777
1910	0.4126	0.9723	2.770
1911	0.4120	0.9728	2.724
1912	0.4112	0.9723	2.768
1913	0.4124	0.9724	2.761
1914	0.4135	0.9717	2.829
1915	0.4133	0.9718	2.825
1916	0.4118	0.9728	2.718
1917	0.4065	0.9748	2.523
1918	0.4096	0.9739	2.611
1919	0.4114	0.9729	2.707
1920	0.4107	0.9734	2.664
1921	0.3969	0.9796	2.041
1922	0.4115	0.9722	2.781
1923	0.3971	0.9794	2.059
1924	0.4077	0.9740	2.596
1925	0.4125	0.9723	2.774
1926	0.4120	0.9729	2.712
1927	0.4120	0.9726	2.736
1928	0.4111	0.9730	2.699
1929	0.4008	0.9774	2.256
1930	0.4030	0.9760	2.397
1931	0.4108	0.9730	2.699
1932	0.4106	0.9731	2.694
1933	0.4113	0.9731	2.695
1934	0.4119	0.9726	2.742
1935	0.4122	0.9726	2.742
1936	0.4058	0.9749	2.512
1937	0.4126	0.9724	2.763
1938	0.4097	0.9732	2.677
1939	0.4136	0.9718	2.820
1940	0.4127	0.9722	2.778
1941	0.3968	0.9794	2.057
1942	0.4046	0.9753	2.467
1943	0.4108	0.9730	2.698
1944	0.4111	0.9728	2.723
1945	0.4106	0.9732	2.680
1946	0.4074	0.9746	2.536
1947	0.4066	0.9752	2.478
1948	0.4125	0.9724	2.760
1949	0.3970	0.9792	2.082
1950	0.4084	0.9739	2.609
1951	0.4107	0.9735	2.653
1952	0.4058	0.9749	2.514
1953	0.4083	0.9741	2.585
1954	0.4073	0.9747	2.532
1955	0.4123	0.9724	2.761
1956	0.3952	0.9801	1.986
1957	0.4083	0.9741	2.585
1958	0.4126	0.9723	2.768
1959	0.4107	0.9734	2.663
1960	0.4074	0.9746	2.536
1961	0.4030	0.9760	2.396
1962	0.4137	0.9718	2.818
1963	0.4120	0.9723	2.770
1964	0.4120	0.9726	2.743
1965	0.4073	0.9747	2.532
1966	0.3970	0.9792	2.082
1967	0.4086	0.9740	2.605
1968	0.4128	0.9723	2.775
1969	0.4122	0.9727	2.733
1970	0.4103	0.9729	2.712
1971	0.4092	0.9735	2.651
1972	0.4108	0.9730	2.698
1973	0.4077	0.9749	2.514
1974	0.4135	0.9717	2.829
1975	0.4119	0.9727	2.728
1976	0.4108	0.9728	2.721
1977	0.4058	0.9749	2.515
1978	0.3968	0.9794	2.058
1979	0.4136	0.9718	2.820
1980	0.4099	0.9735	2.647
1981	0.4099	0.9736	2.644
1982	0.4145	0.9712	2.884
1983	0.4125	0.9723	2.774
1984	0.4117	0.9727	2.728
1985	0.4091	0.9735	2.651
1986	0.4064	0.9748	2.517
1987	0.4095	0.9735	2.650
1988	0.4102	0.9730	2.703
1989	0.3971	0.9794	2.060
1990	0.4062	0.9752	2.476
1991	0.4108	0.9730	2.696
1992	0.4045	0.9754	2.461
1993	0.4084	0.9739	2.610
1994	0.4066	0.9752	2.479
1995	0.4106	0.9732	2.680
1996	0.4074	0.9742	2.579
1997	0.4083	0.9739	2.609
1998	0.4064	0.9748	2.524
1999	0.4127	0.9722	2.778
