0	0.4292	0.9721	2.789
1	0.4268	0.9734	2.660
2	0.4146	0.9791	2.095
3	0.4272	0.9734	2.658
4	0.4254	0.9747	2.528
5	0.4159	0.9785	2.155
6	0.4247	0.9742	2.583
7	0.4294	0.9728	2.725
8	0.4184	0.9773	2.268
9	0.4241	0.9747	2.530
10	0.4204	0.9764	2.361
11	0.4297	0.9721	2.787
12	0.4313	0.9716	2.837
13	0.4303	0.9722	2.785
14	0.4253	0.9745	2.549
15	0.4297	0.9724	2.756
16	0.4301	0.9721	2.786
17	0.4260	0.9738	2.619
18	0.4278	0.9729	2.714
19	0.4272	0.9737	2.628
20	0.4318	0.9715	2.846
21	0.4235	0.9748	2.522
22	0.4304	0.9722	2.781
23	0.4237	0.9746	2.536
24	0.4263	0.9739	2.614
25	0.4222	0.9753	2.475
26	0.4276	0.9734	2.656
27	0.4279	0.9731	2.688
28	0.4222	0.9753	2.470
29	0.4241	0.9746	2.542
30	0.4284	0.9732	2.685
31	0.4235	0.9748	2.520
32	0.4206	0.9760	2.403
33	0.4285	0.9727	2.735
34	0.4286	0.9728	2.720
35	0.4233	0.9749	2.513
36	0.4267	0.9734	2.662
37	0.4322	0.9711	2.893
38	0.4318	0.9715	2.848
39	0.4242	0.9751	2.487
40	0.4274	0.9731	2.695
41	0.4295	0.9726	2.735
42	0.4305	0.9721	2.791
43	0.4147	0.9793	2.071
44	0.4272	0.9734	2.655
45	0.4145	0.9795	2.045
46	0.4204	0.9764	2.361
47	0.4297	0.9721	2.789
48	0.4234	0.9748	2.522
49	0.4284	0.9731	2.686
50	0.4287	0.9729	2.712
51	0.4282	0.9730	2.699
52	0.4278	0.9728	2.717
53	0.4282	0.9730	2.696
54	0.4275	0.9731	2.693
55	0.4288	0.9723	2.770
56	0.4290	0.9729	2.710
57	0.4287	0.9728	2.716
58	0.4304	0.9720	2.804
59	0.4262	0.9738	2.616
60	0.4311	0.9715	2.847
61	0.4312	0.9716	2.837
62	0.4221	0.9753	2.471
63	0.4311	0.9718	2.818
64	0.4237	0.9746	2.538
65	0.4293	0.9726	2.737
66	0.4296	0.9727	2.733
67	0.4280	0.9728	2.723
68	0.4260	0.9739	2.607
69	0.4249	0.9745	2.547
70	0.4238	0.9751	2.491
71	0.4144	0.9793	2.067
72	0.4305	0.9718	2.817
73	0.4253	0.9740	2.601
74	0.4299	0.9725	2.750
75	0.4308	0.9723	2.768
76	0.4278	0.9728	2.716
77	0.4296	0.9726	2.743
78	0.4158	0.9785	2.153
79	0.4246	0.9742	2.583
80	0.4184	0.9773	2.267
81	0.4226	0.9755	2.450
82	0.4167	0.9779	2.213
83	0.4240	0.9747	2.530
84	0.4301	0.9721	2.788
85	0.4261	0.9738	2.624
86	0.4293	0.9728	2.725
87	0.4308	0.9723	2.769
88	0.4296	0.9725	2.755
89	0.4275	0.9733	2.666
90	0.4250	0.9741	2.590
91	0.4145	0.9791	2.094
92	0.4278	0.9733	2.665
93	0.4127	0.9801	1.989
94	0.4283	0.9733	2.668
95	0.4170	0.9783	2.170
96	0.4293	0.9723	2.771
97	0.4313	0.9717	2.834
98	0.4284	0.9727	2.734
99	0.4302	0.9723	2.774
100	0.4287	0.9726	2.740
101	0.4295	0.9724	2.763
102	0.4271	0.9737	2.628
103	0.4285	0.9731	2.689
104	0.4276	0.9735	2.654
105	0.4264	0.9737	2.633
106	0.4302	0.9721	2.795
107	0.4233	0.9749	2.513
108	0.4294	0.9727	2.726
109	0.4284	0.9729	2.712
110	0.4296	0.9728	2.724
111	0.4291	0.9721	2.795
112	0.4267	0.9734	2.659
113	0.4300	0.9723	2.773
114	0.4253	0.9747	2.528
115	0.4290	0.9728	2.717
116	0.4285	0.9728	2.719
117	0.4240	0.9746	2.544
118	0.4259	0.9738	2.620
119	0.4255	0.9744	2.559
120	0.4234	0.9748	2.524
121	0.4284	0.9729	2.708
122	0.4250	0.9744	2.558
123	0.4278	0.9731	2.689
124	0.4298	0.9726	2.739
125	0.4252	0.9745	2.550
126	0.4303	0.9722	2.782
127	0.4285	0.9729	2.712
128	0.4301	0.9722	2.783
129	0.4205	0.9760	2.403
130	0.4299	0.9722	2.775
131	0.4274	0.9733	2.668
132	0.4309	0.9716	2.841
133	0.4281	0.9733	2.675
134	0.4221	0.9752	2.475
135	0.4295	0.9726	2.743
136	0.4275	0.9733	2.667
137	0.4271	0.9734	2.656
138	0.4286	0.9729	2.707
139	0.4259	0.9740	2.599
140	0.4170	0.9783	2.170
141	0.4282	0.9734	2.664
142	0.4285	0.9728	2.717
143	0.4266	0.9734	2.660
144	0.4321	0.9710	2.895
145	0.4287	0.9723	2.773
146	0.4283	0.9727	2.734
147	0.4157	0.9785	2.154
148	0.4309	0.9716	2.841
149	0.4304	0.9719	2.812
150	0.4254	0.9744	2.562
151	0.4307	0.9723	2.765
152	0.4310	0.9718	2.819
153	0.4203	0.9764	2.361
154	0.4295	0.9727	2.731
155	0.4234	0.9748	2.522
156	0.4226	0.9755	2.450
157	0.4183	0.9773	2.267
158	0.4294	0.9727	2.734
159	0.4310	0.9716	2.843
160	0.4295	0.9726	2.744
161	0.4292	0.9723	2.769
162	0.4295	0.9721	2.787
163	0.4311	0.9717	2.835
164	0.4281	0.9730	2.701
165	0.4300	0.9722	2.784
166	0.4250	0.9741	2.588
167	0.4294	0.9724	2.761
168	0.4278	0.9731	2.690
169	0.4267	0.9734	2.656
170	0.4295	0.9726	2.742
171	0.4145	0.9793	2.072
172	0.4144	0.9795	2.046
173	0.4301	0.9722	2.784
174	0.4292	0.9726	2.735
175	0.4271	0.9737	2.629
176	0.4283	0.9729	2.707
177	0.4282	0.9732	2.684
178	0.4295	0.9724	2.755
179	0.4284	0.9729	2.710
180	0.4292	0.9728	2.722
181	0.4284	0.9731	2.690
182	0.4221	0.9753	2.474
183	0.4280	0.9733	2.673
184	0.4295	0.9728	2.720
185	0.4278	0.9728	2.720
186	0.4233	0.9748	2.520
187	0.4286	0.9728	2.719
188	0.4299	0.9723	2.771
189	0.4261	0.9739	2.613
190	0.4144	0.9790	2.095
191	0.4286	0.9726	2.735
192	0.4245	0.9742	2.583
193	0.4281	0.9731	2.692
194	0.4143	0.9793	2.067
195	0.4297	0.9726	2.738
196	0.4232	0.9749	2.514
197	0.4220	0.9753	2.470
198	0.4289	0.9728	2.719
199	0.4277	0.9734	2.665
200	0.4293	0.9727	2.725
201	0.4276	0.9728	2.716
202	0.4258	0.9738	2.620
203	0.4251	0.9745	2.548
204	0.4240	0.9746	2.543
205	0.4307	0.9723	2.770
206	0.4274	0.9734	2.656
207	0.4276	0.9729	2.714
208	0.4290	0.9721	2.792
209	0.4312	0.9716	2.836
210	0.4274	0.9733	2.667
211	0.4273	0.9733	2.669
212	0.4303	0.9721	2.791
213	0.4316	0.9716	2.844
214	0.4251	0.9747	2.529
215	0.4204	0.9760	2.401
216	0.4288	0.9729	2.709
217	0.4301	0.9723	2.768
218	0.4241	0.9751	2.487
219	0.4273	0.9731	2.690
220	0.4236	0.9751	2.490
221	0.4301	0.9721	2.793
222	0.4252	0.9739	2.606
223	0.4302	0.9720	2.804
224	0.4259	0.9738	2.625
225	0.4248	0.9745	2.549
226	0.4235	0.9746	2.536
227	0.4262	0.9737	2.630
228	0.4298	0.9722	2.775
229	0.4126	0.9801	1.991
230	0.4282	0.9729	2.713
231	0.4165	0.9778	2.216
232	0.4272	0.9731	2.695
233	0.4249	0.9744	2.555
234	0.4297	0.9725	2.750
235	0.4274	0.9734	2.663
236	0.4238	0.9747	2.530
237	0.4302	0.9722	2.782
238	0.4300	0.9722	2.785
239	0.4294	0.9728	2.721
240	0.4284	0.9728	2.717
241	0.4262	0.9737	2.630
242	0.4294	0.9726	2.743
243	0.4291	0.9727	2.734
244	0.4182	0.9773	2.268
245	0.4303	0.9721	2.791
246	0.4231	0.9749	2.514
247	0.4145	0.9793	2.071
248	0.4233	0.9748	2.523
249	0.4276	0.9729	2.715
250	0.4276	0.9728	2.716
251	0.4302	0.9720	2.805
252	0.4297	0.9723	2.774
253	0.4309	0.9718	2.815
254	0.4282	0.9732	2.683
255	0.4303	0.9719	2.814
256	0.4273	0.9733	2.670
257	0.4306	0.9723	2.766
258	0.4142	0.9793	2.068
259	0.4282	0.9729	2.713
260	0.4143	0.9790	2.096
261	0.4258	0.9738	2.619
262	0.4289	0.9720	2.795
263	0.4294	0.9721	2.788
264	0.4143	0.9795	2.045
265	0.4156	0.9784	2.155
266	0.4301	0.9720	2.795
267	0.4277	0.9733	2.666
268	0.4277	0.9731	2.689
269	0.4244	0.9742	2.584
270	0.4219	0.9752	2.475
271	0.4288	0.9727	2.726
272	0.4291	0.9728	2.724
273	0.4307	0.9716	2.843
274	0.4251	0.9747	2.529
275	0.4257	0.9739	2.607
276	0.4285	0.9726	2.739
277	0.4269	0.9735	2.654
278	0.4311	0.9716	2.838
279	0.4165	0.9779	2.215
280	0.4238	0.9747	2.530
281	0.4201	0.9764	2.361
282	0.4287	0.9729	2.711
283	0.4273	0.9731	2.694
284	0.4247	0.9746	2.545
285	0.4271	0.9731	2.694
286	0.4285	0.9729	2.711
287	0.4292	0.9727	2.727
288	0.4125	0.9801	1.991
289	0.4266	0.9734	2.660
290	0.4232	0.9748	2.521
291	0.4298	0.9721	2.787
292	0.4296	0.9726	2.739
293	0.4260	0.9738	2.615
294	0.4203	0.9760	2.402
295	0.4293	0.9727	2.732
296	0.4248	0.9741	2.589
297	0.4282	0.9729	2.708
298	0.4306	0.9723	2.769
299	0.4286	0.9723	2.772
300	0.4283	0.9731	2.689
301	0.4292	0.9727	2.734
302	0.4273	0.9734	2.655
303	0.4253	0.9744	2.562
304	0.4283	0.9729	2.710
305	0.4293	0.9726	2.743
306	0.4240	0.9751	2.485
307	0.4265	0.9734	2.659
308	0.4234	0.9746	2.537
309	0.4258	0.9738	2.625
310	0.4290	0.9723	2.768
311	0.4310	0.9717	2.835
312	0.4251	0.9739	2.607
313	0.4301	0.9722	2.779
314	0.4238	0.9746	2.540
315	0.4273	0.9733	2.666
316	0.4250	0.9745	2.548
317	0.4282	0.9727	2.733
318	0.4279	0.9730	2.700
319	0.4235	0.9751	2.490
320	0.4299	0.9723	2.769
321	0.4284	0.9728	2.718
322	0.4296	0.9725	2.754
323	0.4308	0.9716	2.844
324	0.4273	0.9734	2.663
325	0.4219	0.9753	2.471
326	0.4269	0.9737	2.630
327	0.4319	0.9710	2.896
328	0.4315	0.9716	2.844
329	0.4277	0.9728	2.720
330	0.4224	0.9755	2.450
331	0.4298	0.9723	2.774
332	0.4293	0.9724	2.762
333	0.4168	0.9783	2.169
334	0.4279	0.9731	2.692
335	0.4293	0.9724	2.755
336	0.4278	0.9732	2.675
337	0.4247	0.9745	2.553
338	0.4280	0.9734	2.664
339	0.4293	0.9727	2.730
340	0.4308	0.9716	2.842
341	0.4275	0.9729	2.715
342	0.4287	0.9728	2.717
343	0.4235	0.9751	2.490
344	0.4272	0.9733	2.669
345	0.4283	0.9728	2.717
346	0.4250	0.9747	2.529
347	0.4218	0.9753	2.471
348	0.4295	0.9726	2.738
349	0.4305	0.9723	2.768
350	0.4276	0.9731	2.689
351	0.4296	0.9723	2.773
352	0.4318	0.9711	2.895
353	0.4293	0.9726	2.742
354	0.4250	0.9739	2.606
355	0.4243	0.9742	2.582
356	0.4285	0.9723	2.773
357	0.4239	0.9752	2.483
358	0.4296	0.9725	2.752
359	0.4299	0.9723	2.765
360	0.4284	0.9728	2.718
361	0.4201	0.9764	2.359
362	0.4273	0.9733	2.666
363	0.4247	0.9745	2.554
364	0.4293	0.9728	2.720
365	0.4264	0.9734	2.660
366	0.4298	0.9722	2.784
367	0.4286	0.9729	2.708
368	0.4309	0.9717	2.835
369	0.4219	0.9753	2.474
370	0.4268	0.9734	2.658
371	0.4281	0.9727	2.729
372	0.4277	0.9728	2.720
373	0.4276	0.9733	2.666
374	0.4261	0.9737	2.631
375	0.4257	0.9738	2.620
376	0.4293	0.9721	2.788
377	0.4299	0.9721	2.791
378	0.4281	0.9729	2.711
379	0.4234	0.9746	2.537
380	0.4268	0.9737	2.629
381	0.4252	0.9744	2.561
382	0.4247	0.9741	2.588
383	0.4301	0.9720	2.803
384	0.4230	0.9749	2.514
385	0.4124	0.9801	1.992
386	0.4302	0.9719	2.812
387	0.4282	0.9729	2.711
388	0.4284	0.9726	2.736
389	0.4264	0.9734	2.657
390	0.4293	0.9724	2.756
391	0.4290	0.9728	2.722
392	0.4299	0.9722	2.781
393	0.4289	0.9727	2.733
394	0.4249	0.9746	2.544
395	0.4231	0.9748	2.522
396	0.4141	0.9795	2.046
397	0.4167	0.9783	2.170
398	0.4289	0.9723	2.768
399	0.4271	0.9731	2.691
400	0.4270	0.9731	2.694
401	0.4292	0.9724	2.762
402	0.4202	0.9760	2.402
403	0.4274	0.9728	2.717
404	0.4155	0.9785	2.154
405	0.4279	0.9731	2.694
406	0.4237	0.9747	2.528
407	0.4292	0.9726	2.743
408	0.4280	0.9732	2.684
409	0.4143	0.9793	2.072
410	0.4310	0.9716	2.837
411	0.4283	0.9729	2.711
412	0.4314	0.9715	2.847
413	0.4180	0.9773	2.267
414	0.4278	0.9732	2.678
415	0.4140	0.9793	2.067
416	0.4278	0.9730	2.699
417	0.4300	0.9722	2.783
418	0.4231	0.9748	2.521
419	0.4256	0.9739	2.607
420	0.4163	0.9779	2.214
421	0.4237	0.9745	2.546
422	0.4291	0.9727	2.734
423	0.4272	0.9733	2.666
424	0.4272	0.9735	2.653
425	0.4279	0.9734	2.664
426	0.4291	0.9727	2.727
427	0.4304	0.9723	2.766
428	0.4282	0.9731	2.690
429	0.4258	0.9739	2.614
430	0.4287	0.9721	2.791
431	0.4281	0.9729	2.708
432	0.4301	0.9721	2.791
433	0.4223	0.9755	2.449
434	0.4141	0.9790	2.095
435	0.4245	0.9745	2.548
436	0.4306	0.9716	2.840
437	0.4307	0.9718	2.816
438	0.4257	0.9738	2.624
439	0.4297	0.9723	2.774
440	0.4237	0.9746	2.541
441	0.4306	0.9716	2.841
442	0.4223	0.9755	2.449
443	0.4295	0.9722	2.775
444	0.4287	0.9721	2.791
445	0.4276	0.9728	2.722
446	0.4300	0.9722	2.781
447	0.4217	0.9753	2.469
448	0.4283	0.9729	2.710
449	0.4309	0.9716	2.835
450	0.4292	0.9728	2.720
451	0.4263	0.9734	2.660
452	0.4236	0.9747	2.529
453	0.4291	0.9726	2.735
454	0.4280	0.9727	2.733
455	0.4286	0.9728	2.717
456	0.4300	0.9720	2.804
457	0.4314	0.9716	2.844
458	0.4285	0.9729	2.709
459	0.4271	0.9731	2.691
460	0.4231	0.9748	2.521
461	0.4269	0.9731	2.692
462	0.4257	0.9738	2.625
463	0.4123	0.9801	1.991
464	0.4284	0.9723	2.772
465	0.4291	0.9726	2.742
466	0.4279	0.9732	2.684
467	0.4271	0.9734	2.664
468	0.4297	0.9721	2.785
469	0.4308	0.9716	2.835
470	0.4307	0.9716	2.843
471	0.4298	0.9721	2.793
472	0.4163	0.9778	2.216
473	0.4288	0.9723	2.768
474	0.4317	0.9711	2.895
475	0.4140	0.9793	2.068
476	0.4251	0.9744	2.560
477	0.4294	0.9726	2.740
478	0.4301	0.9719	2.813
479	0.4280	0.9729	2.712
480	0.4303	0.9723	2.765
481	0.4199	0.9764	2.361
482	0.4141	0.9790	2.096
483	0.4233	0.9746	2.536
484	0.4230	0.9748	2.521
485	0.4271	0.9733	2.670
486	0.4179	0.9773	2.267
487	0.4292	0.9724	2.755
488	0.4283	0.9726	2.739
489	0.4307	0.9719	2.815
490	0.4291	0.9726	2.743
491	0.4273	0.9728	2.717
492	0.4280	0.9729	2.707
493	0.4255	0.9740	2.603
494	0.4300	0.9721	2.791
495	0.4166	0.9783	2.171
496	0.4246	0.9744	2.559
497	0.4249	0.9740	2.602
498	0.4273	0.9728	2.717
499	0.4296	0.9723	2.774
500	0.4217	0.9752	2.475
501	0.4291	0.9724	2.762
502	0.4297	0.9723	2.772
503	0.4279	0.9734	2.664
504	0.4153	0.9785	2.154
505	0.4263	0.9734	2.660
506	0.4281	0.9731	2.688
507	0.4258	0.9738	2.616
508	0.4282	0.9728	2.718
509	0.4267	0.9735	2.655
510	0.4291	0.9727	2.732
511	0.4142	0.9793	2.071
512	0.4233	0.9751	2.489
513	0.4274	0.9731	2.688
514	0.4228	0.9749	2.511
515	0.4248	0.9745	2.550
516	0.4267	0.9737	2.626
517	0.4140	0.9795	2.046
518	0.4281	0.9728	2.721
519	0.4246	0.9741	2.590
520	0.4277	0.9730	2.695
521	0.4277	0.9732	2.680
522	0.4289	0.9728	2.723
523	0.4255	0.9738	2.619
524	0.4277	0.9730	2.699
525	0.4270	0.9733	2.673
526	0.4241	0.9742	2.583
527	0.4294	0.9725	2.748
528	0.4237	0.9751	2.489
529	0.4274	0.9733	2.665
530	0.4248	0.9747	2.529
531	0.4290	0.9727	2.726
532	0.4271	0.9734	2.655
533	0.4259	0.9737	2.632
534	0.4303	0.9723	2.769
535	0.4244	0.9745	2.548
536	0.4201	0.9760	2.401
537	0.4292	0.9721	2.786
538	0.4288	0.9727	2.735
539	0.4280	0.9729	2.710
540	0.4297	0.9722	2.783
541	0.4282	0.9728	2.718
542	0.4306	0.9716	2.841
543	0.4279	0.9727	2.730
544	0.4217	0.9753	2.474
545	0.4296	0.9723	2.769
546	0.4282	0.9726	2.735
547	0.4291	0.9727	2.731
548	0.4291	0.9725	2.752
549	0.4280	0.9729	2.709
550	0.4266	0.9734	2.658
551	0.4259	0.9737	2.629
552	0.4268	0.9731	2.688
553	0.4246	0.9741	2.588
554	0.4166	0.9783	2.171
555	0.4229	0.9748	2.520
556	0.4293	0.9726	2.737
557	0.4257	0.9739	2.613
558	0.4153	0.9785	2.153
559	0.4254	0.9740	2.599
560	0.4276	0.9733	2.673
561	0.4141	0.9793	2.072
562	0.4233	0.9751	2.490
563	0.4278	0.9732	2.683
564	0.4232	0.9747	2.534
565	0.4283	0.9723	2.772
566	0.4271	0.9734	2.655
567	0.4245	0.9745	2.554
568	0.4235	0.9747	2.529
569	0.4271	0.9733	2.667
570	0.4237	0.9751	2.488
571	0.4297	0.9721	2.793
572	0.4270	0.9734	2.663
573	0.4291	0.9721	2.786
574	0.4269	0.9733	2.669
575	0.4287	0.9727	2.734
576	0.4297	0.9722	2.781
577	0.4299	0.9721	2.787
578	0.4312	0.9716	2.844
579	0.4139	0.9793	2.066
580	0.4300	0.9719	2.812
581	0.4274	0.9728	2.720
582	0.4277	0.9731	2.692
583	0.4248	0.9740	2.605
584	0.4274	0.9731	2.689
585	0.4308	0.9717	2.834
586	0.4228	0.9749	2.514
587	0.4284	0.9729	2.709
588	0.4287	0.9723	2.768
589	0.4272	0.9729	2.712
590	0.4229	0.9748	2.522
591	0.4256	0.9737	2.626
592	0.4294	0.9723	2.773
593	0.4139	0.9795	2.046
594	0.4297	0.9723	2.769
595	0.4178	0.9773	2.267
596	0.4281	0.9729	2.711
597	0.4240	0.9742	2.583
598	0.4200	0.9760	2.402
599	0.4286	0.9721	2.793
600	0.4244	0.9745	2.547
601	0.4272	0.9729	2.714
602	0.4280	0.9728	2.719
603	0.4289	0.9727	2.734
604	0.4266	0.9737	2.628
605	0.4307	0.9717	2.835
606	0.4284	0.9728	2.718
607	0.4235	0.9746	2.541
608	0.4298	0.9722	2.781
609	0.4316	0.9711	2.895
610	0.4278	0.9729	2.712
611	0.4302	0.9723	2.767
612	0.4305	0.9718	2.817
613	0.4261	0.9734	2.660
614	0.4269	0.9731	2.692
615	0.4304	0.9716	2.841
616	0.4290	0.9726	2.744
617	0.4290	0.9724	2.762
618	0.4198	0.9764	2.361
619	0.4249	0.9744	2.560
620	0.4290	0.9726	2.743
621	0.4140	0.9790	2.096
622	0.4276	0.9730	2.699
623	0.4246	0.9745	2.546
624	0.4262	0.9734	2.659
625	0.4290	0.9728	2.720
626	0.4280	0.9731	2.689
627	0.4288	0.9728	2.723
628	0.4215	0.9753	2.470
629	0.4273	0.9734	2.665
630	0.4302	0.9724	2.764
631	0.4298	0.9720	2.803
632	0.4289	0.9728	2.724
633	0.4279	0.9729	2.707
634	0.4247	0.9747	2.529
635	0.4161	0.9778	2.217
636	0.4221	0.9755	2.450
637	0.4293	0.9725	2.752
638	0.4254	0.9738	2.619
639	0.4277	0.9734	2.664
640	0.4295	0.9722	2.785
641	0.4121	0.9801	1.992
642	0.4279	0.9729	2.710
643	0.4296	0.9722	2.783
644	0.4297	0.9721	2.791
645	0.4276	0.9731	2.693
646	0.4282	0.9723	2.772
647	0.4266	0.9737	2.628
648	0.4234	0.9747	2.528
649	0.4295	0.9722	2.784
650	0.4244	0.9745	2.554
651	0.4247	0.9747	2.530
652	0.4290	0.9725	2.755
653	0.4273	0.9731	2.689
654	0.4288	0.9727	2.734
655	0.4267	0.9731	2.690
656	0.4307	0.9717	2.832
657	0.4284	0.9728	2.715
658	0.4285	0.9722	2.784
659	0.4281	0.9727	2.734
660	0.4228	0.9748	2.519
661	0.4297	0.9722	2.782
662	0.4277	0.9732	2.683
663	0.4296	0.9723	2.766
664	0.4246	0.9745	2.547
665	0.4315	0.9711	2.894
666	0.4268	0.9733	2.668
667	0.4236	0.9752	2.484
668	0.4278	0.9729	2.706
669	0.4255	0.9738	2.624
670	0.4256	0.9739	2.613
671	0.4269	0.9731	2.691
672	0.4272	0.9734	2.664
673	0.4165	0.9783	2.171
674	0.4244	0.9741	2.589
675	0.4247	0.9739	2.605
676	0.4253	0.9740	2.600
677	0.4269	0.9733	2.667
678	0.4258	0.9737	2.631
679	0.4303	0.9716	2.841
680	0.4287	0.9728	2.722
681	0.4289	0.9726	2.743
682	0.4271	0.9729	2.713
683	0.4298	0.9720	2.804
684	0.4292	0.9725	2.752
685	0.4293	0.9723	2.772
686	0.4289	0.9726	2.743
687	0.4289	0.9727	2.731
688	0.4240	0.9742	2.582
689	0.4177	0.9773	2.267
690	0.4299	0.9719	2.812
691	0.4269	0.9734	2.662
692	0.4302	0.9723	2.768
693	0.4301	0.9724	2.765
694	0.4277	0.9734	2.661
695	0.4279	0.9731	2.689
696	0.4152	0.9785	2.154
697	0.4269	0.9734	2.655
698	0.4278	0.9727	2.730
699	0.4243	0.9745	2.550
700	0.4231	0.9751	2.489
701	0.4274	0.9733	2.672
702	0.4286	0.9727	2.732
703	0.4235	0.9746	2.540
704	0.4265	0.9734	2.658
705	0.4197	0.9764	2.359
706	0.4279	0.9728	2.717
707	0.4226	0.9749	2.514
708	0.4160	0.9778	2.216
709	0.4289	0.9728	2.720
710	0.4220	0.9755	2.448
711	0.4228	0.9748	2.519
712	0.4298	0.9721	2.789
713	0.4275	0.9730	2.700
714	0.4305	0.9717	2.833
715	0.4214	0.9753	2.470
716	0.4138	0.9795	2.046
717	0.4277	0.9729	2.712
718	0.4280	0.9728	2.717
719	0.4291	0.9726	2.739
720	0.4138	0.9790	2.096
721	0.4286	0.9723	2.768
722	0.4253	0.9738	2.620
723	0.4290	0.9721	2.787
724	0.4294	0.9723	2.773
725	0.4140	0.9793	2.072
726	0.4273	0.9728	2.722
727	0.4137	0.9793	2.068
728	0.4280	0.9729	2.711
729	0.4260	0.9734	2.660
730	0.4230	0.9746	2.536
731	0.4215	0.9752	2.475
732	0.4248	0.9744	2.559
733	0.4271	0.9728	2.717
734	0.4311	0.9715	2.847
735	0.4304	0.9718	2.815
736	0.4198	0.9760	2.403
737	0.4120	0.9801	1.990
738	0.4288	0.9727	2.726
739	0.4282	0.9729	2.713
740	0.4288	0.9724	2.761
741	0.4261	0.9734	2.658
742	0.4304	0.9715	2.846
743	0.4261	0.9734	2.658
744	0.4294	0.9721	2.785
745	0.4272	0.9728	2.723
746	0.4177	0.9773	2.268
747	0.4235	0.9751	2.488
748	0.4234	0.9746	2.545
749	0.4311	0.9715	2.846
750	0.4288	0.9724	2.760
751	0.4275	0.9731	2.695
752	0.4120	0.9801	1.991
753	0.4255	0.9739	2.615
754	0.4271	0.9733	2.666
755	0.4271	0.9728	2.717
756	0.4274	0.9732	2.677
757	0.4227	0.9748	2.521
758	0.4289	0.9721	2.787
759	0.4304	0.9718	2.815
760	0.4280	0.9728	2.717
761	0.4264	0.9737	2.626
762	0.4198	0.9760	2.401
763	0.4243	0.9744	2.556
764	0.4298	0.9719	2.813
765	0.4280	0.9729	2.710
766	0.4276	0.9732	2.684
767	0.4268	0.9731	2.692
768	0.4291	0.9725	2.748
769	0.4276	0.9734	2.664
770	0.4295	0.9721	2.792
771	0.4282	0.9729	2.712
772	0.4163	0.9783	2.170
773	0.4257	0.9737	2.634
774	0.4214	0.9752	2.475
775	0.4214	0.9753	2.470
776	0.4226	0.9749	2.511
777	0.4137	0.9795	2.048
778	0.4227	0.9748	2.524
779	0.4304	0.9716	2.843
780	0.4289	0.9725	2.755
781	0.4297	0.9720	2.805
782	0.4291	0.9726	2.743
783	0.4270	0.9728	2.718
784	0.4252	0.9739	2.607
785	0.4248	0.9744	2.559
786	0.4300	0.9724	2.764
787	0.4245	0.9747	2.529
788	0.4288	0.9726	2.743
789	0.4305	0.9716	2.836
790	0.4238	0.9742	2.583
791	0.4285	0.9726	2.737
792	0.4296	0.9722	2.780
793	0.4264	0.9734	2.655
794	0.4288	0.9727	2.731
795	0.4139	0.9793	2.071
796	0.4286	0.9728	2.725
797	0.4287	0.9727	2.734
798	0.4219	0.9755	2.450
799	0.4285	0.9723	2.769
800	0.4271	0.9731	2.689
801	0.4294	0.9722	2.784
802	0.4287	0.9728	2.722
803	0.4279	0.9726	2.737
804	0.4292	0.9723	2.773
805	0.4293	0.9723	2.769
806	0.4232	0.9747	2.529
807	0.4268	0.9734	2.655
808	0.4276	0.9727	2.729
809	0.4151	0.9785	2.154
810	0.4229	0.9746	2.536
811	0.4252	0.9738	2.618
812	0.4297	0.9721	2.786
813	0.4243	0.9741	2.589
814	0.4138	0.9791	2.095
815	0.4253	0.9738	2.625
816	0.4277	0.9729	2.707
817	0.4288	0.9728	2.720
818	0.4276	0.9729	2.710
819	0.4277	0.9729	2.710
820	0.4280	0.9723	2.772
821	0.4278	0.9728	2.717
822	0.4259	0.9734	2.660
823	0.4159	0.9778	2.215
824	0.4230	0.9751	2.491
825	0.4313	0.9711	2.893
826	0.4300	0.9723	2.768
827	0.4136	0.9793	2.067
828	0.4305	0.9716	2.836
829	0.4245	0.9740	2.603
830	0.4283	0.9721	2.791
831	0.4266	0.9731	2.693
832	0.4268	0.9733	2.667
833	0.4268	0.9734	2.664
834	0.4282	0.9728	2.718
835	0.4241	0.9745	2.547
836	0.4277	0.9731	2.689
837	0.4294	0.9723	2.769
838	0.4244	0.9745	2.547
839	0.4196	0.9764	2.361
840	0.4274	0.9730	2.699
841	0.4288	0.9726	2.742
842	0.4301	0.9716	2.840
843	0.4266	0.9733	2.669
844	0.4303	0.9718	2.816
845	0.4176	0.9773	2.267
846	0.4287	0.9726	2.741
847	0.4245	0.9740	2.603
848	0.4271	0.9731	2.690
849	0.4136	0.9793	2.067
850	0.4288	0.9727	2.731
851	0.4266	0.9733	2.669
852	0.4229	0.9746	2.535
853	0.4277	0.9728	2.719
854	0.4159	0.9779	2.214
855	0.4304	0.9716	2.836
856	0.4277	0.9729	2.710
857	0.4270	0.9728	2.717
858	0.4277	0.9731	2.689
859	0.4138	0.9793	2.071
860	0.4294	0.9723	2.770
861	0.4162	0.9783	2.171
862	0.4296	0.9720	2.805
863	0.4259	0.9734	2.661
864	0.4273	0.9732	2.681
865	0.4274	0.9730	2.699
866	0.4251	0.9738	2.620
867	0.4294	0.9721	2.794
868	0.4296	0.9721	2.792
869	0.4300	0.9723	2.769
870	0.4269	0.9728	2.717
871	0.4288	0.9728	2.723
872	0.4279	0.9726	2.738
873	0.4282	0.9728	2.721
874	0.4251	0.9740	2.604
875	0.4294	0.9721	2.785
876	0.4292	0.9722	2.785
877	0.4270	0.9734	2.665
878	0.4287	0.9724	2.762
879	0.4288	0.9721	2.786
880	0.4232	0.9746	2.542
881	0.4291	0.9723	2.774
882	0.4213	0.9753	2.474
883	0.4274	0.9731	2.692
884	0.4247	0.9744	2.559
885	0.4234	0.9751	2.487
886	0.4255	0.9737	2.633
887	0.4266	0.9731	2.691
888	0.4229	0.9751	2.491
889	0.4305	0.9716	2.836
890	0.4302	0.9716	2.844
891	0.4242	0.9741	2.588
892	0.4242	0.9745	2.555
893	0.4286	0.9728	2.725
894	0.4301	0.9716	2.841
895	0.4267	0.9734	2.656
896	0.4150	0.9785	2.153
897	0.4281	0.9729	2.709
898	0.4290	0.9725	2.753
899	0.4275	0.9732	2.682
900	0.4279	0.9723	2.772
901	0.4218	0.9755	2.450
902	0.4265	0.9731	2.693
903	0.4253	0.9739	2.614
904	0.4276	0.9727	2.733
905	0.4287	0.9725	2.754
906	0.4267	0.9733	2.666
907	0.4225	0.9748	2.521
908	0.4271	0.9728	2.720
909	0.4296	0.9719	2.812
910	0.4263	0.9737	2.628
911	0.4275	0.9729	2.711
912	0.4197	0.9760	2.401
913	0.4226	0.9748	2.523
914	0.4295	0.9722	2.779
915	0.4136	0.9790	2.095
916	0.4313	0.9711	2.893
917	0.4118	0.9801	1.991
918	0.4262	0.9734	2.655
919	0.4278	0.9729	2.711
920	0.4224	0.9749	2.513
921	0.4240	0.9745	2.547
922	0.4195	0.9764	2.360
923	0.4237	0.9742	2.582
924	0.4243	0.9745	2.550
925	0.4275	0.9729	2.706
926	0.4284	0.9726	2.737
927	0.4287	0.9726	2.743
928	0.4284	0.9723	2.768
929	0.4244	0.9747	2.528
930	0.4289	0.9726	2.739
931	0.4292	0.9723	2.774
932	0.4286	0.9726	2.736
933	0.4212	0.9753	2.470
934	0.4231	0.9747	2.529
935	0.4274	0.9734	2.665
936	0.4252	0.9738	2.624
937	0.4136	0.9795	2.045
938	0.4309	0.9715	2.846
939	0.4299	0.9723	2.766
940	0.4278	0.9728	2.718
941	0.4258	0.9734	2.659
942	0.4282	0.9721	2.792
943	0.4284	0.9728	2.725
944	0.4266	0.9734	2.664
945	0.4266	0.9731	2.691
946	0.4217	0.9755	2.450
947	0.4244	0.9747	2.528
948	0.4296	0.9719	2.813
949	0.4240	0.9745	2.548
950	0.4225	0.9748	2.520
951	0.4273	0.9731	2.691
952	0.4136	0.9791	2.095
953	0.4275	0.9727	2.733
954	0.4241	0.9744	2.555
955	0.4284	0.9727	2.734
956	0.4278	0.9729	2.708
957	0.4243	0.9745	2.548
958	0.4268	0.9729	2.713
959	0.4212	0.9753	2.470
960	0.4286	0.9726	2.741
961	0.4294	0.9722	2.780
962	0.4253	0.9739	2.613
963	0.4299	0.9723	2.768
964	0.4293	0.9721	2.791
965	0.4258	0.9734	2.656
966	0.4270	0.9728	2.719
967	0.4279	0.9723	2.772
968	0.4158	0.9778	2.216
969	0.4265	0.9733	2.668
970	0.4281	0.9728	2.717
971	0.4161	0.9783	2.170
972	0.4246	0.9744	2.558
973	0.4276	0.9731	2.689
974	0.4228	0.9751	2.490
975	0.4257	0.9734	2.660
976	0.4233	0.9751	2.487
977	0.4274	0.9734	2.664
978	0.4298	0.9724	2.764
979	0.4174	0.9773	2.267
980	0.4254	0.9737	2.633
981	0.4280	0.9729	2.712
982	0.4250	0.9738	2.619
983	0.4301	0.9715	2.845
984	0.4286	0.9728	2.719
985	0.4225	0.9748	2.522
986	0.4223	0.9749	2.512
987	0.4283	0.9723	2.769
988	0.4287	0.9721	2.787
989	0.4251	0.9738	2.625
990	0.4276	0.9729	2.709
991	0.4274	0.9732	2.683
992	0.4276	0.9728	2.719
993	0.4241	0.9741	2.589
994	0.4288	0.9726	2.738
995	0.4294	0.9720	2.804
996	0.4300	0.9716	2.840
997	0.4289	0.9725	2.749
998	0.4236	0.9742	2.583
999	0.4227	0.9747	2.534
1000	0.4274	0.9729	2.712
1001	0.4308	0.9715	2.847
1002	0.4304	0.9716	2.836
1003	0.4230	0.9747	2.529
1004	0.4264	0.9731	2.692
1005	0.4271	0.9732	2.676
1006	0.4231	0.9746	2.543
1007	0.4250	0.9740	2.603
1008	0.4148	0.9785	2.154
1009	0.4286	0.9726	2.743
1010	0.4312	0.9711	2.893
1011	0.4268	0.9728	2.718
1012	0.4135	0.9796	2.045
1013	0.4277	0.9728	2.718
1014	0.4196	0.9760	2.404
1015	0.4266	0.9734	2.664
1016	0.4272	0.9730	2.699
1017	0.4292	0.9723	2.769
1018	0.4286	0.9725	2.754
1019	0.4269	0.9731	2.690
1020	0.4289	0.9723	2.773
1021	0.4266	0.9735	2.653
1022	0.4262	0.9737	2.626
1023	0.4295	0.9721	2.790
1024	0.4292	0.9721	2.785
1025	0.4134	0.9793	2.067
1026	0.4286	0.9727	2.730
1027	0.4283	0.9728	2.723
1028	0.4291	0.9723	2.773
1029	0.4285	0.9724	2.761
1030	0.4269	0.9733	2.665
1031	0.4274	0.9729	2.705
1032	0.4301	0.9718	2.819
1033	0.4261	0.9734	2.656
1034	0.4302	0.9717	2.833
1035	0.4243	0.9739	2.606
1036	0.4290	0.9722	2.783
1037	0.4194	0.9764	2.360
1038	0.4136	0.9793	2.072
1039	0.4277	0.9727	2.735
1040	0.4284	0.9728	2.722
1041	0.4266	0.9733	2.666
1042	0.4284	0.9726	2.736
1043	0.4117	0.9801	1.992
1044	0.4281	0.9721	2.788
1045	0.4211	0.9752	2.476
1046	0.4277	0.9729	2.708
1047	0.4174	0.9773	2.268
1048	0.4225	0.9748	2.522
1049	0.4157	0.9779	2.215
1050	0.4266	0.9733	2.667
1051	0.4148	0.9785	2.155
1052	0.4283	0.9728	2.724
1053	0.4280	0.9728	2.719
1054	0.4267	0.9728	2.717
1055	0.4228	0.9751	2.489
1056	0.4292	0.9723	2.770
1057	0.4136	0.9793	2.071
1058	0.4290	0.9723	2.774
1059	0.4301	0.9719	2.814
1060	0.4292	0.9721	2.787
1061	0.4297	0.9723	2.766
1062	0.4273	0.9734	2.665
1063	0.4224	0.9748	2.519
1064	0.4282	0.9726	2.738
1065	0.4193	0.9764	2.360
1066	0.4254	0.9737	2.634
1067	0.4211	0.9753	2.469
1068	0.4286	0.9725	2.754
1069	0.4279	0.9729	2.712
1070	0.4117	0.9801	1.991
1071	0.4302	0.9716	2.836
1072	0.4240	0.9741	2.588
1073	0.4274	0.9727	2.732
1074	0.4245	0.9744	2.558
1075	0.4160	0.9783	2.170
1076	0.4298	0.9723	2.770
1077	0.4294	0.9721	2.792
1078	0.4273	0.9732	2.682
1079	0.4261	0.9735	2.654
1080	0.4134	0.9795	2.045
1081	0.4269	0.9727	2.726
1082	0.4293	0.9720	2.804
1083	0.4273	0.9729	2.711
1084	0.4264	0.9731	2.690
1085	0.4230	0.9746	2.543
1086	0.4251	0.9738	2.616
1087	0.4276	0.9726	2.740
1088	0.4285	0.9724	2.762
1089	0.4134	0.9791	2.091
1090	0.4240	0.9744	2.559
1091	0.4303	0.9716	2.837
1092	0.4284	0.9727	2.727
1093	0.4284	0.9727	2.733
1094	0.4285	0.9727	2.730
1095	0.4275	0.9731	2.689
1096	0.4239	0.9745	2.547
1097	0.4287	0.9726	2.738
1098	0.4216	0.9755	2.451
1099	0.4267	0.9728	2.717
1100	0.4307	0.9715	2.846
1101	0.4268	0.9733	2.665
1102	0.4265	0.9734	2.664
1103	0.4285	0.9728	2.722
1104	0.4211	0.9753	2.474
1105	0.4250	0.9738	2.624
1106	0.4268	0.9731	2.689
1107	0.4241	0.9745	2.550
1108	0.4277	0.9723	2.771
1109	0.4226	0.9746	2.537
1110	0.4235	0.9742	2.583
1111	0.4299	0.9716	2.840
1112	0.4288	0.9725	2.747
1113	0.4274	0.9729	2.711
1114	0.4288	0.9723	2.774
1115	0.4286	0.9721	2.787
1116	0.4290	0.9722	2.784
1117	0.4300	0.9715	2.845
1118	0.4133	0.9793	2.067
1119	0.4263	0.9733	2.671
1120	0.4273	0.9729	2.707
1121	0.4256	0.9734	2.660
1122	0.4242	0.9740	2.602
1123	0.4294	0.9719	2.813
1124	0.4229	0.9747	2.528
1125	0.4231	0.9751	2.487
1126	0.4262	0.9731	2.692
1127	0.4242	0.9747	2.529
1128	0.4284	0.9726	2.741
1129	0.4194	0.9760	2.402
1130	0.4271	0.9731	2.692
1131	0.4310	0.9711	2.893
1132	0.4249	0.9738	2.619
1133	0.4285	0.9726	2.743
1134	0.4271	0.9730	2.699
1135	0.4261	0.9737	2.628
1136	0.4222	0.9749	2.512
1137	0.4292	0.9722	2.780
1138	0.4280	0.9721	2.790
1139	0.4265	0.9734	2.655
1140	0.4291	0.9721	2.791
1141	0.4274	0.9728	2.717
1142	0.4257	0.9734	2.658
1143	0.4248	0.9740	2.601
1144	0.4281	0.9723	2.767
1145	0.4275	0.9728	2.718
1146	0.4270	0.9733	2.671
1147	0.4287	0.9725	2.752
1148	0.4215	0.9755	2.447
1149	0.4300	0.9716	2.841
1150	0.4275	0.9726	2.735
1151	0.4156	0.9778	2.216
1152	0.4272	0.9734	2.663
1153	0.4290	0.9722	2.779
1154	0.4285	0.9728	2.719
1155	0.4239	0.9741	2.589
1156	0.4280	0.9721	2.786
1157	0.4250	0.9738	2.624
1158	0.4231	0.9752	2.485
1159	0.4293	0.9720	2.803
1160	0.4285	0.9721	2.787
1161	0.4256	0.9734	2.656
1162	0.4229	0.9747	2.530
1163	0.4273	0.9729	2.706
1164	0.4253	0.9737	2.631
1165	0.4263	0.9733	2.669
1166	0.4278	0.9729	2.706
1167	0.4263	0.9731	2.690
1168	0.4292	0.9722	2.780
1169	0.4284	0.9726	2.742
1170	0.4283	0.9727	2.734
1171	0.4260	0.9737	2.628
1172	0.4222	0.9749	2.514
1173	0.4241	0.9747	2.528
1174	0.4132	0.9794	2.063
1175	0.4264	0.9734	2.663
1176	0.4239	0.9745	2.554
1177	0.4281	0.9727	2.732
1178	0.4147	0.9785	2.154
1179	0.4210	0.9753	2.474
1180	0.4275	0.9728	2.718
1181	0.4210	0.9753	2.471
1182	0.4278	0.9728	2.716
1183	0.4248	0.9738	2.616
1184	0.4273	0.9729	2.710
1185	0.4293	0.9719	2.813
1186	0.4272	0.9727	2.728
1187	0.4270	0.9731	2.692
1188	0.4274	0.9731	2.686
1189	0.4270	0.9730	2.697
1190	0.4284	0.9725	2.753
1191	0.4276	0.9723	2.770
1192	0.4281	0.9723	2.769
1193	0.4275	0.9730	2.704
1194	0.4229	0.9746	2.538
1195	0.4266	0.9729	2.712
1196	0.4289	0.9722	2.781
1197	0.4286	0.9726	2.737
1198	0.4135	0.9793	2.071
1199	0.4287	0.9723	2.772
1200	0.4299	0.9718	2.817
1201	0.4192	0.9764	2.358
1202	0.4223	0.9748	2.523
1203	0.4291	0.9721	2.789
1204	0.4159	0.9783	2.171
1205	0.4272	0.9732	2.682
1206	0.4274	0.9728	2.718
1207	0.4284	0.9726	2.742
1208	0.4115	0.9801	1.991
1209	0.4283	0.9728	2.723
1210	0.4222	0.9748	2.521
1211	0.4269	0.9733	2.672
1212	0.4226	0.9751	2.489
1213	0.4267	0.9731	2.689
1214	0.4133	0.9795	2.046
1215	0.4264	0.9735	2.653
1216	0.4193	0.9760	2.401
1217	0.4225	0.9747	2.534
1218	0.4133	0.9791	2.094
1219	0.4290	0.9723	2.769
1220	0.4296	0.9724	2.764
1221	0.4300	0.9716	2.835
1222	0.4264	0.9733	2.670
1223	0.4281	0.9728	2.723
1224	0.4247	0.9740	2.604
1225	0.4234	0.9742	2.583
1226	0.4293	0.9721	2.790
1227	0.4261	0.9731	2.692
1228	0.4266	0.9728	2.717
1229	0.4267	0.9728	2.722
1230	0.4240	0.9745	2.549
1231	0.4284	0.9727	2.731
1232	0.4266	0.9734	2.665
1233	0.4272	0.9729	2.712
1234	0.4309	0.9711	2.892
1235	0.4250	0.9739	2.614
1236	0.4301	0.9716	2.835
1237	0.4283	0.9724	2.763
1238	0.4259	0.9734	2.655
1239	0.4296	0.9723	2.767
1240	0.4288	0.9723	2.774
1241	0.4305	0.9716	2.844
1242	0.4172	0.9773	2.268
1243	0.4237	0.9745	2.548
1244	0.4297	0.9716	2.840
1245	0.4241	0.9740	2.605
1246	0.4243	0.9744	2.561
1247	0.4255	0.9734	2.660
1248	0.4209	0.9752	2.475
1249	0.4290	0.9723	2.769
1250	0.4280	0.9723	2.768
1251	0.4247	0.9740	2.601
1252	0.4281	0.9728	2.721
1253	0.4134	0.9793	2.072
1254	0.4237	0.9745	2.548
1255	0.4301	0.9717	2.833
1256	0.4291	0.9722	2.779
1257	0.4240	0.9745	2.547
1258	0.4263	0.9733	2.666
1259	0.4276	0.9723	2.771
1260	0.4254	0.9734	2.660
1261	0.4132	0.9795	2.046
1262	0.4282	0.9728	2.724
1263	0.4291	0.9720	2.803
1264	0.4298	0.9716	2.842
1265	0.4286	0.9726	2.739
1266	0.4225	0.9751	2.489
1267	0.4270	0.9731	2.691
1268	0.4214	0.9755	2.449
1269	0.4133	0.9791	2.094
1270	0.4272	0.9729	2.707
1271	0.4251	0.9737	2.635
1272	0.4233	0.9742	2.583
1273	0.4309	0.9711	2.893
1274	0.4228	0.9746	2.544
1275	0.4238	0.9744	2.557
1276	0.4274	0.9728	2.718
1277	0.4283	0.9726	2.742
1278	0.4242	0.9744	2.557
1279	0.4299	0.9717	2.834
1280	0.4295	0.9723	2.767
1281	0.4265	0.9728	2.716
1282	0.4249	0.9739	2.614
1283	0.4171	0.9773	2.267
1284	0.4271	0.9732	2.684
1285	0.4193	0.9760	2.402
1286	0.4265	0.9728	2.716
1287	0.4158	0.9783	2.170
1288	0.4274	0.9729	2.712
1289	0.4277	0.9729	2.710
1290	0.4284	0.9721	2.786
1291	0.4273	0.9728	2.721
1292	0.4268	0.9732	2.676
1293	0.4263	0.9735	2.654
1294	0.4266	0.9731	2.690
1295	0.4286	0.9725	2.749
1296	0.4290	0.9721	2.791
1297	0.4288	0.9721	2.786
1298	0.4273	0.9731	2.688
1299	0.4289	0.9722	2.782
1300	0.4131	0.9793	2.067
1301	0.4261	0.9731	2.693
1302	0.4220	0.9749	2.513
1303	0.4221	0.9748	2.519
1304	0.4272	0.9729	2.708
1305	0.4255	0.9734	2.658
1306	0.4267	0.9728	2.721
1307	0.4277	0.9728	2.718
1308	0.4227	0.9747	2.529
1309	0.4292	0.9719	2.813
1310	0.4278	0.9721	2.792
1311	0.4222	0.9748	2.524
1312	0.4145	0.9785	2.154
1313	0.4283	0.9727	2.730
1314	0.4286	0.9723	2.772
1315	0.4305	0.9715	2.846
1316	0.4295	0.9723	2.765
1317	0.4240	0.9740	2.603
1318	0.4288	0.9723	2.774
1319	0.4270	0.9734	2.665
1320	0.4191	0.9764	2.361
1321	0.4114	0.9801	1.992
1322	0.4283	0.9725	2.753
1323	0.4274	0.9726	2.735
1324	0.4154	0.9779	2.214
1325	0.4240	0.9747	2.528
1326	0.4237	0.9741	2.588
1327	0.4259	0.9737	2.627
1328	0.4291	0.9721	2.790
1329	0.4262	0.9734	2.664
1330	0.4271	0.9727	2.733
1331	0.4298	0.9718	2.817
1332	0.4281	0.9726	2.735
1333	0.4258	0.9734	2.656
1334	0.4265	0.9734	2.665
1335	0.4229	0.9751	2.487
1336	0.4282	0.9726	2.743
1337	0.4246	0.9738	2.619
1338	0.4279	0.9727	2.734
1339	0.4282	0.9724	2.759
1340	0.4224	0.9746	2.536
1341	0.4262	0.9731	2.690
1342	0.4296	0.9716	2.840
1343	0.4208	0.9753	2.471
1344	0.4283	0.9728	2.721
1345	0.4248	0.9738	2.625
1346	0.4268	0.9730	2.698
1347	0.4261	0.9733	2.669
1348	0.4270	0.9729	2.709
1349	0.4260	0.9731	2.690
1350	0.4246	0.9740	2.599
1351	0.4223	0.9746	2.536
1352	0.4227	0.9747	2.528
1353	0.4270	0.9734	2.663
1354	0.4269	0.9731	2.692
1355	0.4229	0.9752	2.484
1356	0.4266	0.9728	2.719
1357	0.4300	0.9717	2.834
1358	0.4264	0.9729	2.713
1359	0.4213	0.9755	2.447
1360	0.4227	0.9746	2.541
1361	0.4273	0.9728	2.717
1362	0.4154	0.9778	2.216
1363	0.4268	0.9733	2.673
1364	0.4297	0.9716	2.842
1365	0.4221	0.9748	2.521
1366	0.4236	0.9745	2.548
1367	0.4282	0.9726	2.742
1368	0.4241	0.9744	2.560
1369	0.4290	0.9720	2.802
1370	0.4279	0.9727	2.734
1371	0.4261	0.9733	2.669
1372	0.4132	0.9791	2.094
1373	0.4239	0.9739	2.607
1374	0.4287	0.9722	2.783
1375	0.4257	0.9734	2.656
1376	0.4283	0.9721	2.787
1377	0.4247	0.9738	2.624
1378	0.4294	0.9723	2.769
1379	0.4288	0.9722	2.778
1380	0.4236	0.9745	2.552
1381	0.4208	0.9753	2.473
1382	0.4262	0.9734	2.664
1383	0.4133	0.9793	2.070
1384	0.4282	0.9725	2.754
1385	0.4291	0.9721	2.786
1386	0.4273	0.9727	2.734
1387	0.4207	0.9753	2.471
1388	0.4265	0.9734	2.664
1389	0.4170	0.9773	2.266
1390	0.4144	0.9785	2.152
1391	0.4270	0.9729	2.709
1392	0.4271	0.9729	2.705
1393	0.4275	0.9729	2.709
1394	0.4268	0.9730	2.699
1395	0.4262	0.9734	2.655
1396	0.4220	0.9748	2.520
1397	0.4219	0.9749	2.514
1398	0.4282	0.9727	2.732
1399	0.4190	0.9764	2.360
1400	0.4287	0.9723	2.772
1401	0.4276	0.9728	2.716
1402	0.4294	0.9724	2.763
1403	0.4237	0.9741	2.590
1404	0.4131	0.9795	2.046
1405	0.4281	0.9727	2.735
1406	0.4304	0.9716	2.844
1407	0.4297	0.9718	2.817
1408	0.4239	0.9747	2.528
1409	0.4157	0.9783	2.170
1410	0.4232	0.9742	2.583
1411	0.4246	0.9738	2.619
1412	0.4285	0.9723	2.774
1413	0.4289	0.9722	2.780
1414	0.4295	0.9716	2.840
1415	0.4284	0.9725	2.750
1416	0.4269	0.9732	2.682
1417	0.4288	0.9721	2.791
1418	0.4272	0.9728	2.719
1419	0.4265	0.9731	2.690
1420	0.4264	0.9728	2.715
1421	0.4224	0.9751	2.490
1422	0.4250	0.9737	2.634
1423	0.4130	0.9793	2.067
1424	0.4288	0.9723	2.769
1425	0.4248	0.9739	2.613
1426	0.4258	0.9737	2.625
1427	0.4291	0.9719	2.813
1428	0.4281	0.9724	2.761
1429	0.4277	0.9721	2.793
1430	0.4274	0.9723	2.773
1431	0.4278	0.9723	2.769
1432	0.4238	0.9745	2.547
1433	0.4273	0.9729	2.708
1434	0.4281	0.9726	2.744
1435	0.4279	0.9728	2.723
1436	0.4307	0.9711	2.894
1437	0.4113	0.9801	1.991
1438	0.4260	0.9731	2.691
1439	0.4261	0.9734	2.664
1440	0.4270	0.9727	2.733
1441	0.4298	0.9717	2.834
1442	0.4280	0.9728	2.723
1443	0.4253	0.9734	2.657
1444	0.4284	0.9726	2.738
1445	0.4271	0.9731	2.687
1446	0.4281	0.9728	2.721
1447	0.4253	0.9734	2.660
1448	0.4271	0.9729	2.708
1449	0.4191	0.9760	2.401
1450	0.4220	0.9748	2.520
1451	0.4281	0.9727	2.731
1452	0.4223	0.9751	2.488
1453	0.4169	0.9773	2.268
1454	0.4295	0.9716	2.840
1455	0.4253	0.9734	2.658
1456	0.4218	0.9749	2.512
1457	0.4284	0.9725	2.748
1458	0.4189	0.9764	2.361
1459	0.4236	0.9744	2.557
1460	0.4272	0.9728	2.716
1461	0.4246	0.9738	2.624
1462	0.4289	0.9720	2.804
1463	0.4289	0.9722	2.780
1464	0.4271	0.9729	2.706
1465	0.4261	0.9735	2.655
1466	0.4296	0.9716	2.844
1467	0.4281	0.9728	2.721
1468	0.4290	0.9719	2.811
1469	0.4269	0.9732	2.681
1470	0.4129	0.9793	2.066
1471	0.4130	0.9795	2.045
1472	0.4286	0.9722	2.785
1473	0.4271	0.9728	2.720
1474	0.4281	0.9725	2.754
1475	0.4191	0.9760	2.401
1476	0.4235	0.9745	2.547
1477	0.4245	0.9738	2.620
1478	0.4263	0.9729	2.714
1479	0.4272	0.9727	2.735
1480	0.4287	0.9723	2.769
1481	0.4270	0.9729	2.707
1482	0.4212	0.9755	2.451
1483	0.4263	0.9728	2.717
1484	0.4275	0.9728	2.720
1485	0.4227	0.9751	2.487
1486	0.4231	0.9742	2.583
1487	0.4152	0.9779	2.215
1488	0.4247	0.9739	2.614
1489	0.4268	0.9734	2.663
1490	0.4238	0.9747	2.529
1491	0.4284	0.9723	2.774
1492	0.4260	0.9731	2.691
1493	0.4286	0.9723	2.774
1494	0.4226	0.9746	2.543
1495	0.4259	0.9731	2.691
1496	0.4272	0.9729	2.709
1497	0.4267	0.9730	2.699
1498	0.4293	0.9724	2.764
1499	0.4206	0.9753	2.469
1500	0.4266	0.9733	2.673
1501	0.4306	0.9711	2.894
1502	0.4252	0.9734	2.660
1503	0.4298	0.9717	2.834
1504	0.4269	0.9729	2.710
1505	0.4244	0.9740	2.600
1506	0.4269	0.9727	2.732
1507	0.4265	0.9728	2.719
1508	0.4143	0.9785	2.152
1509	0.4237	0.9745	2.546
1510	0.4220	0.9748	2.524
1511	0.4261	0.9733	2.667
1512	0.4259	0.9733	2.668
1513	0.4155	0.9783	2.171
1514	0.4264	0.9734	2.664
1515	0.4260	0.9734	2.664
1516	0.4235	0.9741	2.588
1517	0.4274	0.9729	2.712
1518	0.4267	0.9731	2.693
1519	0.4257	0.9737	2.626
1520	0.4293	0.9723	2.767
1521	0.4283	0.9726	2.737
1522	0.4287	0.9721	2.786
1523	0.4302	0.9716	2.844
1524	0.4281	0.9721	2.787
1525	0.4256	0.9734	2.655
1526	0.4297	0.9717	2.833
1527	0.4131	0.9793	2.071
1528	0.4240	0.9744	2.559
1529	0.4279	0.9728	2.723
1530	0.4238	0.9740	2.604
1531	0.4225	0.9747	2.528
1532	0.4289	0.9721	2.788
1533	0.4296	0.9718	2.818
1534	0.4112	0.9801	1.991
1535	0.4279	0.9726	2.735
1536	0.4277	0.9727	2.734
1537	0.4280	0.9724	2.760
1538	0.4276	0.9721	2.788
1539	0.4221	0.9747	2.535
1540	0.4278	0.9728	2.722
1541	0.4130	0.9791	2.094
1542	0.4277	0.9723	2.769
1543	0.4287	0.9721	2.793
1544	0.4270	0.9731	2.686
1545	0.4272	0.9723	2.770
1546	0.4263	0.9731	2.689
1547	0.4249	0.9737	2.632
1548	0.4206	0.9752	2.475
1549	0.4280	0.9726	2.744
1550	0.4280	0.9726	2.742
1551	0.4287	0.9723	2.768
1552	0.4268	0.9732	2.681
1553	0.4266	0.9730	2.699
1554	0.4286	0.9721	2.785
1555	0.4206	0.9752	2.475
1556	0.4263	0.9731	2.689
1557	0.4306	0.9711	2.893
1558	0.4278	0.9728	2.722
1559	0.4270	0.9728	2.717
1560	0.4268	0.9734	2.664
1561	0.4279	0.9726	2.736
1562	0.4288	0.9720	2.802
1563	0.4217	0.9749	2.514
1564	0.4252	0.9734	2.657
1565	0.4151	0.9778	2.216
1566	0.4285	0.9722	2.785
1567	0.4271	0.9728	2.718
1568	0.4129	0.9795	2.045
1569	0.4234	0.9745	2.547
1570	0.4269	0.9727	2.733
1571	0.4302	0.9716	2.844
1572	0.4237	0.9740	2.605
1573	0.4289	0.9719	2.812
1574	0.4292	0.9724	2.764
1575	0.4224	0.9747	2.527
1576	0.4264	0.9728	2.719
1577	0.4266	0.9731	2.692
1578	0.4234	0.9745	2.554
1579	0.4268	0.9729	2.710
1580	0.4251	0.9734	2.660
1581	0.4283	0.9725	2.751
1582	0.4271	0.9726	2.736
1583	0.4292	0.9723	2.769
1584	0.4281	0.9721	2.787
1585	0.4277	0.9723	2.768
1586	0.4258	0.9733	2.667
1587	0.4218	0.9748	2.519
1588	0.4260	0.9734	2.665
1589	0.4211	0.9755	2.446
1590	0.4131	0.9793	2.071
1591	0.4219	0.9748	2.522
1592	0.4205	0.9753	2.469
1593	0.4226	0.9751	2.487
1594	0.4263	0.9733	2.665
1595	0.4293	0.9716	2.840
1596	0.4111	0.9801	1.991
1597	0.4246	0.9739	2.613
1598	0.4262	0.9729	2.715
1599	0.4222	0.9751	2.489
1600	0.4189	0.9760	2.401
1601	0.4221	0.9747	2.534
1602	0.4225	0.9746	2.543
1603	0.4279	0.9727	2.726
1604	0.4268	0.9729	2.707
1605	0.4168	0.9773	2.265
1606	0.4269	0.9729	2.710
1607	0.4248	0.9736	2.635
1608	0.4154	0.9783	2.171
1609	0.4285	0.9723	2.774
1610	0.4265	0.9732	2.680
1611	0.4289	0.9721	2.791
1612	0.4244	0.9738	2.618
1613	0.4297	0.9717	2.835
1614	0.4277	0.9726	2.737
1615	0.4279	0.9726	2.741
1616	0.4257	0.9731	2.691
1617	0.4259	0.9731	2.691
1618	0.4279	0.9727	2.730
1619	0.4280	0.9728	2.720
1620	0.4271	0.9729	2.707
1621	0.4273	0.9729	2.709
1622	0.4128	0.9793	2.066
1623	0.4261	0.9729	2.712
1624	0.4245	0.9738	2.624
1625	0.4255	0.9734	2.656
1626	0.4279	0.9726	2.744
1627	0.4234	0.9741	2.588
1628	0.4260	0.9734	2.655
1629	0.4187	0.9764	2.360
1630	0.4283	0.9723	2.773
1631	0.4272	0.9723	2.772
1632	0.4243	0.9740	2.602
1633	0.4129	0.9791	2.094
1634	0.4229	0.9742	2.582
1635	0.4287	0.9722	2.781
1636	0.4279	0.9725	2.755
1637	0.4259	0.9734	2.663
1638	0.4275	0.9721	2.791
1639	0.4282	0.9726	2.739
1640	0.4236	0.9745	2.546
1641	0.4236	0.9747	2.529
1642	0.4294	0.9716	2.843
1643	0.4296	0.9717	2.832
1644	0.4279	0.9724	2.761
1645	0.4255	0.9737	2.628
1646	0.4239	0.9744	2.559
1647	0.4294	0.9718	2.818
1648	0.4142	0.9785	2.152
1649	0.4286	0.9721	2.793
1650	0.4273	0.9729	2.715
1651	0.4269	0.9731	2.687
1652	0.4271	0.9723	2.770
1653	0.4261	0.9729	2.713
1654	0.4294	0.9718	2.819
1655	0.4111	0.9801	1.991
1656	0.4279	0.9724	2.761
1657	0.4127	0.9793	2.065
1658	0.4279	0.9728	2.720
1659	0.4259	0.9734	2.663
1660	0.4245	0.9739	2.614
1661	0.4268	0.9727	2.732
1662	0.4285	0.9722	2.782
1663	0.4225	0.9752	2.483
1664	0.4236	0.9739	2.607
1665	0.4285	0.9723	2.768
1666	0.4167	0.9773	2.267
1667	0.4150	0.9778	2.216
1668	0.4269	0.9731	2.688
1669	0.4232	0.9745	2.547
1670	0.4267	0.9729	2.710
1671	0.4263	0.9728	2.719
1672	0.4265	0.9730	2.698
1673	0.4281	0.9726	2.736
1674	0.4273	0.9728	2.717
1675	0.4268	0.9729	2.706
1676	0.4254	0.9734	2.656
1677	0.4278	0.9727	2.734
1678	0.4280	0.9721	2.788
1679	0.4233	0.9745	2.554
1680	0.4284	0.9722	2.784
1681	0.4288	0.9722	2.784
1682	0.4187	0.9764	2.360
1683	0.4267	0.9732	2.681
1684	0.4269	0.9728	2.717
1685	0.4234	0.9741	2.588
1686	0.4235	0.9745	2.546
1687	0.4255	0.9737	2.627
1688	0.4221	0.9751	2.488
1689	0.4224	0.9746	2.542
1690	0.4279	0.9726	2.743
1691	0.4250	0.9734	2.660
1692	0.4141	0.9785	2.153
1693	0.4304	0.9711	2.893
1694	0.4229	0.9742	2.582
1695	0.4218	0.9748	2.524
1696	0.4217	0.9748	2.521
1697	0.4259	0.9733	2.669
1698	0.4270	0.9726	2.738
1699	0.4279	0.9725	2.753
1700	0.4188	0.9760	2.402
1701	0.4128	0.9791	2.091
1702	0.4238	0.9744	2.559
1703	0.4268	0.9729	2.710
1704	0.4266	0.9734	2.664
1705	0.4276	0.9726	2.736
1706	0.4244	0.9738	2.623
1707	0.4261	0.9728	2.716
1708	0.4295	0.9717	2.835
1709	0.4286	0.9722	2.779
1710	0.4256	0.9731	2.690
1711	0.4209	0.9755	2.451
1712	0.4223	0.9747	2.528
1713	0.4262	0.9731	2.690
1714	0.4127	0.9795	2.046
1715	0.4296	0.9716	2.836
1716	0.4278	0.9727	2.730
1717	0.4259	0.9735	2.651
1718	0.4283	0.9723	2.774
1719	0.4258	0.9731	2.692
1720	0.4275	0.9723	2.769
1721	0.4236	0.9747	2.529
1722	0.4261	0.9733	2.666
1723	0.4264	0.9733	2.674
1724	0.4242	0.9738	2.619
1725	0.4216	0.9749	2.514
1726	0.4269	0.9729	2.708
1727	0.4219	0.9747	2.532
1728	0.4277	0.9728	2.724
1729	0.4293	0.9716	2.843
1730	0.4153	0.9783	2.170
1731	0.4292	0.9716	2.838
1732	0.4287	0.9720	2.804
1733	0.4257	0.9733	2.669
1734	0.4285	0.9721	2.789
1735	0.4272	0.9729	2.711
1736	0.4204	0.9752	2.475
1737	0.4242	0.9740	2.603
1738	0.4281	0.9725	2.748
1739	0.4291	0.9723	2.766
1740	0.4276	0.9728	2.722
1741	0.4282	0.9723	2.774
1742	0.4246	0.9737	2.632
1743	0.4300	0.9716	2.844
1744	0.4250	0.9734	2.656
1745	0.4274	0.9721	2.787
1746	0.4278	0.9726	2.741
1747	0.4269	0.9728	2.717
1748	0.4129	0.9793	2.071
1749	0.4265	0.9731	2.692
1750	0.4287	0.9719	2.812
1751	0.4204	0.9753	2.471
1752	0.4290	0.9724	2.764
1753	0.4246	0.9737	2.632
1754	0.4269	0.9729	2.707
1755	0.4267	0.9727	2.732
1756	0.4278	0.9726	2.742
1757	0.4284	0.9723	2.768
1758	0.4279	0.9721	2.786
1759	0.4269	0.9726	2.736
1760	0.4283	0.9723	2.770
1761	0.4266	0.9729	2.709
1762	0.4264	0.9731	2.692
1763	0.4273	0.9721	2.786
1764	0.4235	0.9745	2.546
1765	0.4235	0.9739	2.606
1766	0.4129	0.9793	2.070
1767	0.4293	0.9716	2.844
1768	0.4286	0.9720	2.802
1769	0.4250	0.9734	2.656
1770	0.4262	0.9728	2.718
1771	0.4258	0.9733	2.666
1772	0.4223	0.9746	2.539
1773	0.4209	0.9755	2.449
1774	0.4271	0.9729	2.709
1775	0.4233	0.9741	2.589
1776	0.4275	0.9723	2.768
1777	0.4277	0.9727	2.735
1778	0.4287	0.9721	2.786
1779	0.4278	0.9726	2.742
1780	0.4291	0.9716	2.839
1781	0.4231	0.9745	2.547
1782	0.4220	0.9751	2.489
1783	0.4269	0.9728	2.717
1784	0.4270	0.9723	2.770
1785	0.4287	0.9719	2.812
1786	0.4243	0.9738	2.625
1787	0.4290	0.9724	2.763
1788	0.4256	0.9733	2.668
1789	0.4257	0.9731	2.690
1790	0.4249	0.9734	2.658
1791	0.4276	0.9728	2.719
1792	0.4293	0.9718	2.816
1793	0.4222	0.9747	2.529
1794	0.4283	0.9722	2.782
1795	0.4266	0.9729	2.706
1796	0.4219	0.9747	2.534
1797	0.4228	0.9742	2.581
1798	0.4242	0.9738	2.616
1799	0.4275	0.9728	2.720
1800	0.4277	0.9727	2.730
1801	0.4217	0.9748	2.522
1802	0.4216	0.9748	2.519
1803	0.4261	0.9731	2.688
1804	0.4203	0.9753	2.469
1805	0.4267	0.9728	2.717
1806	0.4149	0.9778	2.217
1807	0.4140	0.9785	2.152
1808	0.4203	0.9752	2.475
1809	0.4275	0.9726	2.735
1810	0.4267	0.9731	2.688
1811	0.4290	0.9723	2.767
1812	0.4215	0.9749	2.513
1813	0.4264	0.9730	2.697
1814	0.4260	0.9734	2.665
1815	0.4244	0.9739	2.614
1816	0.4187	0.9760	2.401
1817	0.4125	0.9793	2.066
1818	0.4265	0.9732	2.683
1819	0.4295	0.9716	2.835
1820	0.4278	0.9725	2.753
1821	0.4127	0.9791	2.093
1822	0.4258	0.9735	2.654
1823	0.4255	0.9731	2.691
1824	0.4152	0.9783	2.170
1825	0.4257	0.9734	2.664
1826	0.4224	0.9751	2.487
1827	0.4284	0.9721	2.792
1828	0.4267	0.9729	2.709
1829	0.4265	0.9734	2.664
1830	0.4280	0.9725	2.745
1831	0.4237	0.9744	2.558
1832	0.4253	0.9737	2.627
1833	0.4259	0.9729	2.715
1834	0.4234	0.9747	2.529
1835	0.4259	0.9729	2.712
1836	0.4165	0.9773	2.267
1837	0.4303	0.9711	2.892
1838	0.4285	0.9722	2.781
1839	0.4126	0.9795	2.046
1840	0.4241	0.9740	2.603
1841	0.4281	0.9723	2.774
1842	0.4253	0.9734	2.656
1843	0.4283	0.9721	2.785
1844	0.4263	0.9733	2.674
1845	0.4280	0.9726	2.738
1846	0.4277	0.9728	2.721
1847	0.4185	0.9764	2.360
1848	0.4271	0.9728	2.716
1849	0.4109	0.9801	1.991
1850	0.4293	0.9717	2.834
1851	0.4277	0.9724	2.761
1852	0.4299	0.9716	2.845
1853	0.4232	0.9745	2.554
1854	0.4185	0.9764	2.360
1855	0.4253	0.9737	2.627
1856	0.4202	0.9753	2.469
1857	0.4281	0.9723	2.773
1858	0.4208	0.9755	2.449
1859	0.4248	0.9734	2.660
1860	0.4187	0.9760	2.401
1861	0.4260	0.9733	2.665
1862	0.4126	0.9795	2.045
1863	0.4282	0.9723	2.772
1864	0.4256	0.9733	2.671
1865	0.4266	0.9729	2.707
1866	0.4275	0.9728	2.724
1867	0.4245	0.9737	2.635
1868	0.4257	0.9733	2.668
1869	0.4284	0.9721	2.791
1870	0.4236	0.9744	2.558
1871	0.4259	0.9729	2.714
1872	0.4231	0.9744	2.556
1873	0.4139	0.9785	2.153
1874	0.4286	0.9721	2.787
1875	0.4280	0.9725	2.746
1876	0.4221	0.9747	2.528
1877	0.4286	0.9719	2.813
1878	0.4151	0.9783	2.169
1879	0.4216	0.9748	2.523
1880	0.4227	0.9742	2.581
1881	0.4214	0.9749	2.514
1882	0.4263	0.9731	2.693
1883	0.4265	0.9729	2.712
1884	0.4218	0.9746	2.537
1885	0.4242	0.9738	2.624
1886	0.4127	0.9793	2.070
1887	0.4202	0.9752	2.477
1888	0.4285	0.9720	2.805
1889	0.4277	0.9727	2.729
1890	0.4260	0.9731	2.689
1891	0.4266	0.9731	2.685
1892	0.4274	0.9726	2.739
1893	0.4148	0.9779	2.214
1894	0.4276	0.9724	2.761
1895	0.4293	0.9717	2.833
1896	0.4292	0.9716	2.843
1897	0.4294	0.9716	2.835
1898	0.4264	0.9732	2.681
1899	0.4126	0.9791	2.090
1900	0.4234	0.9740	2.601
1901	0.4223	0.9751	2.492
1902	0.4268	0.9729	2.714
1903	0.4124	0.9793	2.069
1904	0.4265	0.9727	2.733
1905	0.4164	0.9773	2.265
1906	0.4240	0.9739	2.607
1907	0.4233	0.9745	2.549
1908	0.4262	0.9732	2.680
1909	0.4243	0.9739	2.614
1910	0.4289	0.9724	2.763
1911	0.4268	0.9728	2.717
1912	0.4231	0.9741	2.589
1913	0.4258	0.9728	2.716
1914	0.4248	0.9734	2.659
1915	0.4271	0.9728	2.721
1916	0.4276	0.9727	2.731
1917	0.4264	0.9734	2.663
1918	0.4275	0.9727	2.726
1919	0.4279	0.9726	2.738
1920	0.4215	0.9748	2.518
1921	0.4234	0.9747	2.528
1922	0.4256	0.9734	2.662
1923	0.4255	0.9731	2.691
1924	0.4108	0.9801	1.992
1925	0.4252	0.9734	2.655
1926	0.4292	0.9718	2.816
1927	0.4276	0.9725	2.753
1928	0.4277	0.9721	2.787
1929	0.4266	0.9729	2.707
1930	0.4272	0.9721	2.790
1931	0.4230	0.9745	2.546
1932	0.4289	0.9723	2.766
1933	0.4290	0.9716	2.840
1934	0.4256	0.9734	2.655
1935	0.4302	0.9711	2.894
1936	0.4276	0.9726	2.742
1937	0.4275	0.9727	2.733
1938	0.4273	0.9723	2.768
1939	0.4284	0.9722	2.780
1940	0.4218	0.9751	2.487
1941	0.4298	0.9716	2.843
1942	0.4267	0.9726	2.736
1943	0.4268	0.9723	2.768
1944	0.4276	0.9726	2.739
1945	0.4282	0.9723	2.767
1946	0.4240	0.9738	2.615
1947	0.4254	0.9731	2.687
1948	0.4281	0.9722	2.782
1949	0.4266	0.9728	2.716
1950	0.4221	0.9746	2.539
1951	0.4282	0.9722	2.779
1952	0.4260	0.9728	2.717
1953	0.4262	0.9730	2.697
1954	0.4269	0.9729	2.708
1955	0.4264	0.9732	2.682
1956	0.4258	0.9729	2.712
1957	0.4276	0.9725	2.753
1958	0.4269	0.9729	2.707
1959	0.4232	0.9746	2.544
1960	0.4279	0.9723	2.773
1961	0.4282	0.9723	2.765
1962	0.4138	0.9785	2.152
1963	0.4240	0.9738	2.616
1964	0.4290	0.9716	2.838
1965	0.4266	0.9728	2.716
1966	0.4217	0.9747	2.534
1967	0.4288	0.9724	2.764
1968	0.4292	0.9717	2.834
1969	0.4259	0.9734	2.664
1970	0.4229	0.9745	2.548
1971	0.4262	0.9731	2.692
1972	0.4256	0.9734	2.663
1973	0.4215	0.9748	2.522
1974	0.4264	0.9727	2.729
1975	0.4244	0.9737	2.629
1976	0.4273	0.9728	2.720
1977	0.4127	0.9793	2.070
1978	0.4301	0.9710	2.895
1979	0.4265	0.9731	2.688
1980	0.4254	0.9733	2.668
1981	0.4202	0.9752	2.475
1982	0.4271	0.9721	2.786
1983	0.4275	0.9727	2.733
1984	0.4276	0.9721	2.787
1985	0.4288	0.9723	2.769
1986	0.4274	0.9728	2.720
1987	0.4291	0.9716	2.840
1988	0.4283	0.9722	2.780
1989	0.4284	0.9720	2.804
1990	0.4251	0.9737	2.627
1991	0.4184	0.9764	2.358
1992	0.4264	0.9729	2.708
1993	0.4265	0.9729	2.708
1994	0.4213	0.9749	2.513
1995	0.4272	0.9723	2.768
1996	0.4280	0.9722	2.780
1997	0.4164	0.9773	2.266
1998	0.4266	0.9728	2.717
1999	0.4259	0.9728	2.716
