0	0.4352	0.9718	2.822
1	0.4335	0.9723	2.772
2	0.4342	0.9724	2.758
3	0.4342	0.9725	2.748
4	0.4322	0.9734	2.658
5	0.4358	0.9718	2.822
6	0.4351	0.9719	2.812
7	0.4296	0.9745	2.549
8	0.4345	0.9726	2.745
9	0.4349	0.9723	2.773
10	0.4268	0.9752	2.478
11	0.4341	0.9727	2.735
12	0.4300	0.9739	2.609
13	0.4348	0.9722	2.783
14	0.4284	0.9750	2.496
15	0.4330	0.9728	2.718
16	0.4318	0.9734	2.660
17	0.4310	0.9737	2.631
18	0.4279	0.9748	2.517
19	0.4368	0.9710	2.896
20	0.4313	0.9734	2.663
21	0.4301	0.9744	2.563
22	0.4343	0.9721	2.791
23	0.4333	0.9728	2.720
24	0.4191	0.9790	2.099
25	0.4328	0.9730	2.705
26	0.4322	0.9732	2.676
27	0.4286	0.9747	2.534
28	0.4328	0.9731	2.695
29	0.4357	0.9715	2.848
30	0.4321	0.9733	2.673
31	0.4292	0.9741	2.587
32	0.4354	0.9723	2.769
33	0.4347	0.9721	2.788
34	0.4322	0.9733	2.668
35	0.4364	0.9715	2.850
36	0.4336	0.9728	2.722
37	0.4324	0.9728	2.717
38	0.4250	0.9764	2.363
39	0.4192	0.9792	2.075
40	0.4281	0.9747	2.526
41	0.4298	0.9745	2.554
42	0.4340	0.9728	2.723
43	0.4204	0.9784	2.159
44	0.4251	0.9759	2.408
45	0.4345	0.9725	2.753
46	0.4339	0.9723	2.770
47	0.4347	0.9722	2.777
48	0.4325	0.9731	2.689
49	0.4330	0.9729	2.712
50	0.4341	0.9727	2.728
51	0.4335	0.9729	2.714
52	0.4306	0.9738	2.625
53	0.4283	0.9746	2.543
54	0.4358	0.9716	2.842
55	0.4359	0.9717	2.835
56	0.4190	0.9795	2.050
57	0.4339	0.9726	2.737
58	0.4332	0.9728	2.721
59	0.4342	0.9725	2.749
60	0.4329	0.9733	2.666
61	0.4342	0.9727	2.726
62	0.4351	0.9720	2.795
63	0.4173	0.9800	1.996
64	0.4341	0.9726	2.738
65	0.4327	0.9732	2.678
66	0.4288	0.9751	2.492
67	0.4230	0.9773	2.269
68	0.4267	0.9752	2.475
69	0.4353	0.9723	2.771
70	0.4314	0.9734	2.662
71	0.4307	0.9737	2.628
72	0.4355	0.9715	2.848
73	0.4341	0.9724	2.762
74	0.4296	0.9741	2.591
75	0.4296	0.9744	2.559
76	0.4213	0.9778	2.219
77	0.4323	0.9728	2.719
78	0.4331	0.9731	2.695
79	0.4324	0.9733	2.667
80	0.4329	0.9731	2.690
81	0.4216	0.9783	2.172
82	0.4332	0.9729	2.715
83	0.4280	0.9748	2.525
84	0.4345	0.9722	2.776
85	0.4317	0.9737	2.633
86	0.4349	0.9722	2.783
87	0.4272	0.9755	2.454
88	0.4287	0.9745	2.548
89	0.4319	0.9730	2.701
90	0.4325	0.9727	2.729
91	0.4320	0.9730	2.698
92	0.4331	0.9728	2.716
93	0.4348	0.9720	2.799
94	0.4298	0.9747	2.533
95	0.4307	0.9738	2.618
96	0.4305	0.9739	2.608
97	0.4212	0.9778	2.216
98	0.4332	0.9728	2.720
99	0.4327	0.9732	2.681
100	0.4345	0.9722	2.777
101	0.4251	0.9759	2.406
102	0.4285	0.9747	2.533
103	0.4341	0.9725	2.748
104	0.4283	0.9750	2.495
105	0.4363	0.9715	2.852
106	0.4323	0.9728	2.716
107	0.4295	0.9744	2.560
108	0.4320	0.9733	2.673
109	0.4317	0.9737	2.634
110	0.4282	0.9746	2.542
111	0.4216	0.9783	2.171
112	0.4340	0.9726	2.735
113	0.4327	0.9730	2.704
114	0.4338	0.9723	2.769
115	0.4356	0.9715	2.848
116	0.4278	0.9748	2.518
117	0.4189	0.9793	2.069
118	0.4348	0.9720	2.799
119	0.4172	0.9800	1.995
120	0.4321	0.9733	2.672
121	0.4229	0.9773	2.270
122	0.4353	0.9723	2.773
123	0.4297	0.9744	2.555
124	0.4298	0.9747	2.533
125	0.4300	0.9744	2.562
126	0.4329	0.9726	2.740
127	0.4333	0.9723	2.772
128	0.4331	0.9731	2.694
129	0.4332	0.9726	2.739
130	0.4342	0.9721	2.791
131	0.4316	0.9734	2.660
132	0.4329	0.9728	2.719
133	0.4325	0.9727	2.726
134	0.4321	0.9733	2.675
135	0.4341	0.9725	2.751
136	0.4340	0.9724	2.764
137	0.4340	0.9727	2.727
138	0.4350	0.9718	2.821
139	0.4305	0.9737	2.625
140	0.4331	0.9728	2.721
141	0.4323	0.9728	2.718
142	0.4328	0.9731	2.689
143	0.4335	0.9727	2.725
144	0.4190	0.9790	2.098
145	0.4304	0.9739	2.608
146	0.4291	0.9741	2.587
147	0.4248	0.9763	2.365
148	0.4307	0.9738	2.617
149	0.4349	0.9719	2.809
150	0.4350	0.9721	2.793
151	0.4340	0.9726	2.737
152	0.4321	0.9734	2.658
153	0.4343	0.9726	2.745
154	0.4366	0.9711	2.894
155	0.4294	0.9745	2.548
156	0.4286	0.9745	2.549
157	0.4345	0.9721	2.788
158	0.4191	0.9792	2.076
159	0.4189	0.9795	2.050
160	0.4329	0.9729	2.711
161	0.4266	0.9752	2.479
162	0.4328	0.9733	2.670
163	0.4345	0.9722	2.778
164	0.4348	0.9722	2.784
165	0.4266	0.9752	2.475
166	0.4327	0.9730	2.696
167	0.4358	0.9716	2.836
168	0.4318	0.9730	2.700
169	0.4343	0.9724	2.757
170	0.4309	0.9737	2.635
171	0.4323	0.9733	2.667
172	0.4279	0.9747	2.526
173	0.4279	0.9748	2.524
174	0.4347	0.9721	2.787
175	0.4334	0.9729	2.714
176	0.4311	0.9734	2.663
177	0.4357	0.9716	2.842
178	0.4305	0.9737	2.627
179	0.4298	0.9739	2.606
180	0.4331	0.9729	2.714
181	0.4323	0.9731	2.690
182	0.4319	0.9730	2.697
183	0.4356	0.9718	2.821
184	0.4330	0.9728	2.716
185	0.4271	0.9755	2.454
186	0.4312	0.9734	2.662
187	0.4346	0.9723	2.774
188	0.4352	0.9723	2.770
189	0.4336	0.9721	2.794
190	0.4286	0.9751	2.493
191	0.4340	0.9724	2.757
192	0.4337	0.9726	2.738
193	0.4354	0.9715	2.848
194	0.4202	0.9784	2.159
195	0.4340	0.9727	2.729
196	0.4338	0.9728	2.725
197	0.4295	0.9741	2.591
198	0.4322	0.9728	2.719
199	0.4349	0.9718	2.822
200	0.4355	0.9715	2.846
201	0.4297	0.9739	2.609
202	0.4356	0.9716	2.841
203	0.4295	0.9741	2.591
204	0.4335	0.9721	2.795
205	0.4329	0.9728	2.717
206	0.4325	0.9732	2.679
207	0.4189	0.9795	2.049
208	0.4348	0.9719	2.812
209	0.4250	0.9759	2.406
210	0.4330	0.9728	2.722
211	0.4340	0.9725	2.751
212	0.4330	0.9731	2.694
213	0.4345	0.9722	2.776
214	0.4340	0.9724	2.756
215	0.4320	0.9733	2.666
216	0.4286	0.9751	2.492
217	0.4340	0.9721	2.790
218	0.4328	0.9729	2.711
219	0.4303	0.9740	2.603
220	0.4333	0.9729	2.712
221	0.4311	0.9734	2.661
222	0.4202	0.9784	2.158
223	0.4349	0.9721	2.795
224	0.4281	0.9746	2.541
225	0.4365	0.9710	2.896
226	0.4188	0.9793	2.067
227	0.4312	0.9734	2.662
228	0.4317	0.9730	2.698
229	0.4343	0.9722	2.777
230	0.4305	0.9737	2.627
231	0.4214	0.9783	2.171
232	0.4279	0.9747	2.526
233	0.4346	0.9722	2.785
234	0.4296	0.9745	2.553
235	0.4327	0.9733	2.666
236	0.4340	0.9727	2.729
237	0.4284	0.9747	2.533
238	0.4293	0.9745	2.550
239	0.4270	0.9755	2.454
240	0.4338	0.9727	2.735
241	0.4352	0.9723	2.769
242	0.4334	0.9728	2.723
243	0.4303	0.9738	2.624
244	0.4320	0.9734	2.657
245	0.4308	0.9737	2.631
246	0.4285	0.9745	2.548
247	0.4346	0.9720	2.796
248	0.4347	0.9722	2.782
249	0.4355	0.9718	2.821
250	0.4318	0.9733	2.673
251	0.4265	0.9753	2.474
252	0.4357	0.9716	2.835
253	0.4296	0.9747	2.534
254	0.4351	0.9723	2.769
255	0.4319	0.9733	2.673
256	0.4315	0.9737	2.633
257	0.4325	0.9730	2.705
258	0.4344	0.9722	2.784
259	0.4336	0.9726	2.737
260	0.4361	0.9715	2.848
261	0.4299	0.9744	2.563
262	0.4339	0.9726	2.742
263	0.4322	0.9733	2.667
264	0.4342	0.9725	2.753
265	0.4353	0.9715	2.847
266	0.4337	0.9728	2.723
267	0.4327	0.9728	2.716
268	0.4338	0.9728	2.723
269	0.4315	0.9734	2.660
270	0.4339	0.9727	2.732
271	0.4318	0.9731	2.694
272	0.4328	0.9727	2.731
273	0.4346	0.9723	2.767
274	0.4339	0.9724	2.760
275	0.4276	0.9748	2.515
276	0.4247	0.9764	2.363
277	0.4305	0.9738	2.615
278	0.4227	0.9773	2.271
279	0.4330	0.9726	2.736
280	0.4336	0.9723	2.769
281	0.4190	0.9792	2.077
282	0.4293	0.9744	2.555
283	0.4210	0.9778	2.220
284	0.4322	0.9731	2.688
285	0.4330	0.9729	2.706
286	0.4170	0.9800	1.996
287	0.4321	0.9728	2.717
288	0.4331	0.9723	2.770
289	0.4323	0.9727	2.725
290	0.4281	0.9751	2.494
291	0.4289	0.9741	2.587
292	0.4265	0.9752	2.478
293	0.4341	0.9726	2.744
294	0.4327	0.9731	2.689
295	0.4325	0.9730	2.696
296	0.4330	0.9728	2.720
297	0.4188	0.9790	2.098
298	0.4277	0.9748	2.524
299	0.4322	0.9733	2.666
300	0.4303	0.9739	2.608
301	0.4325	0.9730	2.696
302	0.4364	0.9711	2.895
303	0.4227	0.9773	2.269
304	0.4347	0.9722	2.784
305	0.4330	0.9726	2.739
306	0.4280	0.9746	2.541
307	0.4293	0.9741	2.594
308	0.4170	0.9801	1.994
309	0.4247	0.9763	2.365
310	0.4346	0.9720	2.800
311	0.4318	0.9730	2.698
312	0.4322	0.9731	2.693
313	0.4210	0.9778	2.216
314	0.4339	0.9726	2.738
315	0.4304	0.9737	2.627
316	0.4356	0.9716	2.837
317	0.4336	0.9726	2.738
318	0.4330	0.9729	2.715
319	0.4321	0.9728	2.716
320	0.4285	0.9751	2.494
321	0.4331	0.9723	2.772
322	0.4307	0.9736	2.635
323	0.4351	0.9723	2.771
324	0.4186	0.9793	2.069
325	0.4347	0.9721	2.793
326	0.4317	0.9733	2.674
327	0.4341	0.9725	2.754
328	0.4338	0.9725	2.748
329	0.4296	0.9747	2.534
330	0.4296	0.9739	2.607
331	0.4292	0.9745	2.549
332	0.4338	0.9724	2.761
333	0.4352	0.9715	2.848
334	0.4335	0.9723	2.771
335	0.4334	0.9721	2.794
336	0.4310	0.9734	2.661
337	0.4338	0.9724	2.756
338	0.4333	0.9728	2.721
339	0.4348	0.9718	2.818
340	0.4327	0.9726	2.737
341	0.4281	0.9751	2.494
342	0.4277	0.9748	2.524
343	0.4329	0.9728	2.719
344	0.4326	0.9731	2.687
345	0.4338	0.9727	2.725
346	0.4248	0.9759	2.405
347	0.4309	0.9734	2.662
348	0.4337	0.9728	2.725
349	0.4188	0.9790	2.099
350	0.4354	0.9718	2.821
351	0.4350	0.9723	2.770
352	0.4264	0.9753	2.474
353	0.4336	0.9727	2.725
354	0.4200	0.9784	2.158
355	0.4318	0.9733	2.674
356	0.4293	0.9744	2.560
357	0.4344	0.9722	2.783
358	0.4337	0.9726	2.735
359	0.4323	0.9732	2.678
360	0.4314	0.9734	2.659
361	0.4282	0.9747	2.532
362	0.4304	0.9738	2.618
363	0.4320	0.9728	2.717
364	0.4346	0.9719	2.811
365	0.4325	0.9733	2.667
366	0.4213	0.9783	2.173
367	0.4324	0.9729	2.706
368	0.4277	0.9748	2.524
369	0.4283	0.9745	2.549
370	0.4328	0.9731	2.695
371	0.4340	0.9726	2.744
372	0.4326	0.9728	2.716
373	0.4264	0.9752	2.478
374	0.4344	0.9723	2.775
375	0.4343	0.9722	2.777
376	0.4360	0.9715	2.852
377	0.4339	0.9721	2.791
378	0.4288	0.9741	2.586
379	0.4343	0.9721	2.789
380	0.4328	0.9728	2.721
381	0.4331	0.9729	2.713
382	0.4316	0.9730	2.701
383	0.4322	0.9727	2.727
384	0.4353	0.9715	2.847
385	0.4269	0.9755	2.453
386	0.4275	0.9748	2.517
387	0.4297	0.9744	2.562
388	0.4318	0.9734	2.659
389	0.4354	0.9716	2.843
390	0.4327	0.9728	2.716
391	0.4188	0.9792	2.076
392	0.4302	0.9738	2.625
393	0.4341	0.9722	2.777
394	0.4294	0.9745	2.552
395	0.4317	0.9733	2.669
396	0.4338	0.9725	2.749
397	0.4314	0.9737	2.632
398	0.4326	0.9729	2.713
399	0.4186	0.9795	2.050
400	0.4282	0.9747	2.533
401	0.4169	0.9801	1.994
402	0.4338	0.9721	2.793
403	0.4332	0.9728	2.725
404	0.4329	0.9726	2.739
405	0.4280	0.9750	2.496
406	0.4279	0.9746	2.542
407	0.4342	0.9722	2.777
408	0.4277	0.9747	2.526
409	0.4353	0.9715	2.847
410	0.4276	0.9748	2.524
411	0.4263	0.9752	2.479
412	0.4351	0.9715	2.853
413	0.4315	0.9730	2.699
414	0.4185	0.9793	2.067
415	0.4344	0.9720	2.800
416	0.4323	0.9732	2.681
417	0.4283	0.9745	2.548
418	0.4340	0.9726	2.744
419	0.4292	0.9741	2.593
420	0.4225	0.9773	2.270
421	0.4344	0.9723	2.775
422	0.4325	0.9731	2.686
423	0.4336	0.9727	2.731
424	0.4186	0.9790	2.096
425	0.4363	0.9710	2.895
426	0.4353	0.9718	2.821
427	0.4346	0.9719	2.813
428	0.4340	0.9725	2.752
429	0.4345	0.9721	2.786
430	0.4308	0.9734	2.662
431	0.4313	0.9734	2.659
432	0.4294	0.9745	2.555
433	0.4302	0.9737	2.626
434	0.4355	0.9716	2.836
435	0.4328	0.9729	2.715
436	0.4335	0.9727	2.726
437	0.4301	0.9739	2.610
438	0.4323	0.9730	2.702
439	0.4316	0.9732	2.675
440	0.4291	0.9745	2.549
441	0.4313	0.9737	2.632
442	0.4316	0.9730	2.696
443	0.4287	0.9741	2.586
444	0.4327	0.9728	2.717
445	0.4292	0.9744	2.559
446	0.4341	0.9722	2.777
447	0.4346	0.9718	2.821
448	0.4208	0.9778	2.218
449	0.4343	0.9722	2.784
450	0.4212	0.9783	2.171
451	0.4342	0.9721	2.789
452	0.4321	0.9727	2.726
453	0.4329	0.9723	2.770
454	0.4327	0.9728	2.721
455	0.4328	0.9728	2.720
456	0.4337	0.9726	2.739
457	0.4319	0.9728	2.718
458	0.4187	0.9792	2.076
459	0.4353	0.9716	2.843
460	0.4336	0.9727	2.734
461	0.4332	0.9721	2.794
462	0.4317	0.9734	2.659
463	0.4326	0.9729	2.712
464	0.4330	0.9729	2.713
465	0.4309	0.9734	2.662
466	0.4317	0.9733	2.668
467	0.4325	0.9728	2.717
468	0.4334	0.9726	2.737
469	0.4337	0.9725	2.745
470	0.4319	0.9728	2.716
471	0.4334	0.9723	2.770
472	0.4337	0.9728	2.723
473	0.4303	0.9738	2.618
474	0.4337	0.9724	2.756
475	0.4325	0.9727	2.734
476	0.4305	0.9737	2.628
477	0.4246	0.9760	2.404
478	0.4349	0.9723	2.771
479	0.4268	0.9755	2.452
480	0.4326	0.9731	2.691
481	0.4294	0.9739	2.608
482	0.4348	0.9723	2.768
483	0.4283	0.9751	2.488
484	0.4320	0.9733	2.668
485	0.4245	0.9764	2.365
486	0.4336	0.9725	2.746
487	0.4336	0.9724	2.760
488	0.4320	0.9731	2.689
489	0.4323	0.9730	2.697
490	0.4324	0.9734	2.665
491	0.4359	0.9715	2.848
492	0.4199	0.9784	2.158
493	0.4345	0.9721	2.794
494	0.4300	0.9738	2.623
495	0.4262	0.9753	2.475
496	0.4294	0.9746	2.535
497	0.4274	0.9748	2.516
498	0.4296	0.9744	2.564
499	0.4317	0.9733	2.674
500	0.4185	0.9795	2.048
501	0.4330	0.9729	2.714
502	0.4327	0.9726	2.736
503	0.4362	0.9710	2.895
504	0.4324	0.9733	2.665
505	0.4283	0.9751	2.488
506	0.4199	0.9784	2.158
507	0.4323	0.9730	2.705
508	0.4350	0.9715	2.845
509	0.4343	0.9720	2.796
510	0.4302	0.9737	2.627
511	0.4246	0.9760	2.405
512	0.4168	0.9801	1.995
513	0.4312	0.9734	2.660
514	0.4348	0.9723	2.771
515	0.4349	0.9723	2.769
516	0.4318	0.9728	2.717
517	0.4184	0.9793	2.067
518	0.4308	0.9734	2.663
519	0.4291	0.9744	2.560
520	0.4277	0.9746	2.541
521	0.4336	0.9724	2.763
522	0.4330	0.9728	2.724
523	0.4267	0.9755	2.453
524	0.4323	0.9730	2.697
525	0.4244	0.9764	2.363
526	0.4342	0.9723	2.774
527	0.4290	0.9745	2.548
528	0.4346	0.9718	2.822
529	0.4307	0.9734	2.663
530	0.4327	0.9729	2.714
531	0.4185	0.9795	2.051
532	0.4315	0.9730	2.697
533	0.4333	0.9726	2.736
534	0.4186	0.9793	2.075
535	0.4344	0.9719	2.810
536	0.4261	0.9753	2.475
537	0.4336	0.9725	2.754
538	0.4342	0.9721	2.789
539	0.4314	0.9730	2.699
540	0.4345	0.9721	2.793
541	0.4336	0.9727	2.730
542	0.4275	0.9747	2.526
543	0.4337	0.9721	2.793
544	0.4286	0.9741	2.585
545	0.4331	0.9720	2.796
546	0.4321	0.9732	2.681
547	0.4326	0.9731	2.694
548	0.4312	0.9737	2.632
549	0.4318	0.9728	2.717
550	0.4302	0.9738	2.617
551	0.4316	0.9733	2.670
552	0.4316	0.9733	2.673
553	0.4300	0.9737	2.625
554	0.4319	0.9731	2.690
555	0.4304	0.9737	2.634
556	0.4224	0.9773	2.269
557	0.4338	0.9726	2.743
558	0.4325	0.9728	2.717
559	0.4280	0.9747	2.533
560	0.4292	0.9745	2.553
561	0.4316	0.9734	2.659
562	0.4299	0.9739	2.608
563	0.4353	0.9716	2.835
564	0.4319	0.9728	2.725
565	0.4336	0.9725	2.748
566	0.4334	0.9727	2.734
567	0.4295	0.9744	2.564
568	0.4293	0.9747	2.533
569	0.4339	0.9722	2.777
570	0.4332	0.9723	2.771
571	0.4324	0.9729	2.710
572	0.4323	0.9731	2.687
573	0.4343	0.9722	2.781
574	0.4210	0.9783	2.172
575	0.4261	0.9752	2.477
576	0.4273	0.9748	2.517
577	0.4324	0.9726	2.738
578	0.4324	0.9728	2.716
579	0.4333	0.9728	2.722
580	0.4352	0.9716	2.842
581	0.4357	0.9715	2.850
582	0.4340	0.9721	2.787
583	0.4351	0.9718	2.821
584	0.4338	0.9725	2.755
585	0.4290	0.9741	2.590
586	0.4351	0.9716	2.844
587	0.4281	0.9745	2.547
588	0.4325	0.9728	2.720
589	0.4318	0.9733	2.667
590	0.4185	0.9790	2.098
591	0.4334	0.9727	2.728
592	0.4314	0.9733	2.672
593	0.4335	0.9724	2.756
594	0.4326	0.9728	2.720
595	0.4207	0.9778	2.219
596	0.4293	0.9739	2.608
597	0.4274	0.9748	2.523
598	0.4328	0.9723	2.770
599	0.4340	0.9722	2.776
600	0.4277	0.9750	2.496
601	0.4335	0.9726	2.739
602	0.4342	0.9720	2.797
603	0.4223	0.9773	2.270
604	0.4353	0.9716	2.835
605	0.4281	0.9751	2.492
606	0.4290	0.9744	2.557
607	0.4198	0.9784	2.157
608	0.4301	0.9738	2.618
609	0.4277	0.9750	2.495
610	0.4336	0.9721	2.790
611	0.4322	0.9730	2.696
612	0.4317	0.9728	2.717
613	0.4261	0.9753	2.473
614	0.4332	0.9726	2.737
615	0.4314	0.9730	2.698
616	0.4310	0.9734	2.660
617	0.4338	0.9726	2.743
618	0.4318	0.9731	2.689
619	0.4326	0.9728	2.719
620	0.4313	0.9730	2.698
621	0.4321	0.9729	2.705
622	0.4299	0.9740	2.603
623	0.4329	0.9728	2.720
624	0.4333	0.9728	2.724
625	0.4322	0.9733	2.665
626	0.4288	0.9745	2.553
627	0.4335	0.9726	2.742
628	0.4320	0.9732	2.676
629	0.4274	0.9747	2.527
630	0.4319	0.9728	2.723
631	0.4303	0.9737	2.629
632	0.4328	0.9729	2.712
633	0.4272	0.9749	2.515
634	0.4335	0.9724	2.756
635	0.4334	0.9728	2.723
636	0.4290	0.9741	2.592
637	0.4311	0.9737	2.634
638	0.4261	0.9753	2.474
639	0.4294	0.9744	2.562
640	0.4357	0.9715	2.849
641	0.4350	0.9716	2.844
642	0.4184	0.9795	2.048
643	0.4344	0.9718	2.817
644	0.4327	0.9723	2.771
645	0.4210	0.9783	2.173
646	0.4292	0.9747	2.533
647	0.4243	0.9764	2.364
648	0.4265	0.9755	2.453
649	0.4279	0.9747	2.532
650	0.4291	0.9745	2.551
651	0.4185	0.9792	2.076
652	0.4280	0.9745	2.549
653	0.4324	0.9731	2.693
654	0.4340	0.9722	2.777
655	0.4342	0.9722	2.784
656	0.4292	0.9739	2.605
657	0.4323	0.9728	2.716
658	0.4333	0.9727	2.733
659	0.4313	0.9733	2.673
660	0.4343	0.9719	2.811
661	0.4331	0.9723	2.771
662	0.4166	0.9801	1.994
663	0.4351	0.9716	2.842
664	0.4276	0.9746	2.541
665	0.4323	0.9729	2.713
666	0.4350	0.9718	2.818
667	0.4182	0.9793	2.068
668	0.4341	0.9722	2.784
669	0.4298	0.9738	2.625
670	0.4335	0.9727	2.727
671	0.4325	0.9726	2.739
672	0.4314	0.9733	2.666
673	0.4337	0.9725	2.754
674	0.4324	0.9728	2.720
675	0.4316	0.9728	2.717
676	0.4306	0.9734	2.662
677	0.4347	0.9723	2.769
678	0.4317	0.9733	2.667
679	0.4341	0.9723	2.774
680	0.4284	0.9741	2.587
681	0.4314	0.9733	2.673
682	0.4184	0.9790	2.098
683	0.4334	0.9726	2.738
684	0.4299	0.9737	2.627
685	0.4325	0.9729	2.714
686	0.4273	0.9748	2.525
687	0.4348	0.9715	2.849
688	0.4322	0.9731	2.690
689	0.4324	0.9728	2.716
690	0.4314	0.9734	2.658
691	0.4306	0.9734	2.662
692	0.4205	0.9778	2.216
693	0.4339	0.9721	2.790
694	0.4334	0.9725	2.751
695	0.4346	0.9723	2.772
696	0.4334	0.9724	2.764
697	0.4330	0.9721	2.795
698	0.4323	0.9726	2.738
699	0.4338	0.9722	2.777
700	0.4360	0.9710	2.897
701	0.4343	0.9721	2.794
702	0.4244	0.9759	2.405
703	0.4298	0.9738	2.625
704	0.4314	0.9733	2.673
705	0.4244	0.9759	2.406
706	0.4324	0.9728	2.721
707	0.4276	0.9750	2.497
708	0.4273	0.9748	2.525
709	0.4323	0.9726	2.739
710	0.4340	0.9721	2.785
711	0.4320	0.9730	2.705
712	0.4299	0.9737	2.627
713	0.4338	0.9722	2.777
714	0.4335	0.9721	2.789
715	0.4316	0.9728	2.718
716	0.4313	0.9730	2.696
717	0.4334	0.9725	2.747
718	0.4325	0.9726	2.739
719	0.4287	0.9745	2.552
720	0.4291	0.9746	2.536
721	0.4320	0.9730	2.695
722	0.4297	0.9740	2.603
723	0.4314	0.9734	2.658
724	0.4279	0.9745	2.548
725	0.4222	0.9773	2.269
726	0.4339	0.9721	2.786
727	0.4182	0.9793	2.067
728	0.4183	0.9790	2.098
729	0.4319	0.9732	2.680
730	0.4280	0.9751	2.492
731	0.4327	0.9729	2.714
732	0.4334	0.9728	2.723
733	0.4265	0.9755	2.453
734	0.4349	0.9716	2.843
735	0.4343	0.9721	2.795
736	0.4341	0.9722	2.780
737	0.4260	0.9752	2.476
738	0.4345	0.9723	2.769
739	0.4311	0.9730	2.697
740	0.4351	0.9716	2.835
741	0.4323	0.9728	2.715
742	0.4346	0.9723	2.769
743	0.4349	0.9718	2.819
744	0.4312	0.9733	2.671
745	0.4309	0.9734	2.660
746	0.4330	0.9723	2.769
747	0.4278	0.9747	2.533
748	0.4272	0.9748	2.521
749	0.4209	0.9783	2.173
750	0.4322	0.9729	2.711
751	0.4284	0.9741	2.586
752	0.4332	0.9728	2.725
753	0.4316	0.9728	2.716
754	0.4336	0.9726	2.743
755	0.4333	0.9725	2.746
756	0.4321	0.9734	2.664
757	0.4333	0.9724	2.760
758	0.4184	0.9792	2.076
759	0.4321	0.9731	2.687
760	0.4290	0.9745	2.550
761	0.4324	0.9728	2.718
762	0.4317	0.9727	2.726
763	0.4316	0.9733	2.666
764	0.4340	0.9720	2.796
765	0.4333	0.9726	2.738
766	0.4196	0.9784	2.158
767	0.4321	0.9728	2.717
768	0.4270	0.9748	2.515
769	0.4241	0.9764	2.364
770	0.4327	0.9727	2.726
771	0.4332	0.9727	2.733
772	0.4323	0.9731	2.695
773	0.4288	0.9741	2.593
774	0.4359	0.9711	2.895
775	0.4316	0.9731	2.690
776	0.4347	0.9715	2.847
777	0.4330	0.9726	2.738
778	0.4259	0.9753	2.473
779	0.4355	0.9715	2.850
780	0.4329	0.9720	2.796
781	0.4339	0.9723	2.774
782	0.4313	0.9733	2.670
783	0.4331	0.9728	2.723
784	0.4333	0.9724	2.756
785	0.4292	0.9744	2.564
786	0.4305	0.9734	2.661
787	0.4164	0.9801	1.993
788	0.4182	0.9795	2.050
789	0.4341	0.9719	2.809
790	0.4338	0.9722	2.776
791	0.4336	0.9724	2.756
792	0.4304	0.9734	2.664
793	0.4301	0.9737	2.634
794	0.4274	0.9746	2.541
795	0.4324	0.9729	2.714
796	0.4290	0.9740	2.604
797	0.4325	0.9723	2.771
798	0.4204	0.9778	2.216
799	0.4299	0.9738	2.617
800	0.4309	0.9737	2.631
801	0.4287	0.9744	2.559
802	0.4342	0.9718	2.823
803	0.4349	0.9716	2.843
804	0.4323	0.9731	2.693
805	0.4299	0.9738	2.616
806	0.4277	0.9747	2.532
807	0.4315	0.9728	2.718
808	0.4320	0.9733	2.668
809	0.4286	0.9745	2.549
810	0.4181	0.9793	2.067
811	0.4290	0.9747	2.533
812	0.4316	0.9733	2.665
813	0.4305	0.9734	2.662
814	0.4341	0.9722	2.782
815	0.4321	0.9726	2.736
816	0.4289	0.9745	2.550
817	0.4287	0.9744	2.556
818	0.4349	0.9716	2.840
819	0.4183	0.9792	2.076
820	0.4345	0.9723	2.769
821	0.4336	0.9725	2.754
822	0.4330	0.9728	2.724
823	0.4311	0.9733	2.668
824	0.4323	0.9728	2.721
825	0.4329	0.9723	2.770
826	0.4331	0.9727	2.735
827	0.4310	0.9730	2.697
828	0.4258	0.9752	2.475
829	0.4312	0.9731	2.695
830	0.4322	0.9728	2.717
831	0.4316	0.9731	2.689
832	0.4241	0.9764	2.363
833	0.4204	0.9778	2.220
834	0.4323	0.9726	2.737
835	0.4335	0.9726	2.742
836	0.4325	0.9723	2.771
837	0.4182	0.9790	2.099
838	0.4308	0.9734	2.660
839	0.4346	0.9715	2.846
840	0.4339	0.9720	2.797
841	0.4337	0.9722	2.775
842	0.4242	0.9759	2.405
843	0.4336	0.9722	2.778
844	0.4290	0.9739	2.607
845	0.4207	0.9783	2.173
846	0.4331	0.9727	2.725
847	0.4283	0.9742	2.585
848	0.4271	0.9748	2.524
849	0.4354	0.9715	2.850
850	0.4318	0.9729	2.706
851	0.4339	0.9723	2.774
852	0.4312	0.9733	2.673
853	0.4347	0.9715	2.848
854	0.4292	0.9744	2.562
855	0.4269	0.9748	2.515
856	0.4321	0.9729	2.711
857	0.4329	0.9726	2.737
858	0.4323	0.9729	2.713
859	0.4258	0.9752	2.475
860	0.4314	0.9728	2.716
861	0.4163	0.9801	1.994
862	0.4332	0.9725	2.747
863	0.4194	0.9784	2.159
864	0.4271	0.9748	2.524
865	0.4296	0.9739	2.609
866	0.4287	0.9741	2.593
867	0.4312	0.9733	2.670
868	0.4296	0.9737	2.626
869	0.4340	0.9719	2.809
870	0.4332	0.9727	2.729
871	0.4350	0.9716	2.836
872	0.4300	0.9737	2.634
873	0.4318	0.9730	2.696
874	0.4220	0.9773	2.270
875	0.4333	0.9721	2.793
876	0.4181	0.9795	2.050
877	0.4332	0.9724	2.758
878	0.4332	0.9725	2.752
879	0.4358	0.9711	2.894
880	0.4332	0.9723	2.767
881	0.4338	0.9722	2.785
882	0.4312	0.9734	2.658
883	0.4303	0.9734	2.663
884	0.4337	0.9721	2.789
885	0.4326	0.9728	2.722
886	0.4341	0.9721	2.794
887	0.4341	0.9718	2.821
888	0.4316	0.9727	2.726
889	0.4274	0.9750	2.496
890	0.4325	0.9729	2.713
891	0.4278	0.9751	2.492
892	0.4320	0.9731	2.690
893	0.4347	0.9718	2.819
894	0.4308	0.9737	2.632
895	0.4273	0.9746	2.540
896	0.4297	0.9737	2.627
897	0.4344	0.9723	2.772
898	0.4321	0.9728	2.716
899	0.4317	0.9732	2.680
900	0.4327	0.9721	2.793
901	0.4332	0.9726	2.738
902	0.4262	0.9755	2.453
903	0.4277	0.9745	2.546
904	0.4320	0.9728	2.718
905	0.4332	0.9726	2.738
906	0.4321	0.9731	2.692
907	0.4341	0.9718	2.817
908	0.4349	0.9716	2.837
909	0.4357	0.9710	2.895
910	0.4257	0.9753	2.473
911	0.4203	0.9778	2.217
912	0.4320	0.9729	2.712
913	0.4319	0.9733	2.667
914	0.4194	0.9784	2.157
915	0.4338	0.9720	2.796
916	0.4303	0.9734	2.663
917	0.4348	0.9716	2.842
918	0.4321	0.9728	2.721
919	0.4330	0.9727	2.725
920	0.4311	0.9730	2.697
921	0.4277	0.9745	2.547
922	0.4311	0.9733	2.669
923	0.4345	0.9715	2.846
924	0.4307	0.9734	2.661
925	0.4340	0.9719	2.810
926	0.4206	0.9783	2.172
927	0.4322	0.9729	2.714
928	0.4332	0.9727	2.730
929	0.4331	0.9724	2.764
930	0.4270	0.9748	2.524
931	0.4322	0.9726	2.739
932	0.4329	0.9728	2.725
933	0.4336	0.9721	2.786
934	0.4311	0.9733	2.672
935	0.4347	0.9718	2.819
936	0.4346	0.9716	2.844
937	0.4239	0.9764	2.365
938	0.4336	0.9723	2.774
939	0.4319	0.9728	2.716
940	0.4311	0.9734	2.655
941	0.4340	0.9721	2.794
942	0.4288	0.9746	2.535
943	0.4331	0.9726	2.743
944	0.4334	0.9725	2.753
945	0.4330	0.9726	2.736
946	0.4325	0.9729	2.710
947	0.4316	0.9732	2.676
948	0.4276	0.9747	2.533
949	0.4288	0.9745	2.547
950	0.4277	0.9751	2.486
951	0.4273	0.9751	2.492
952	0.4317	0.9730	2.702
953	0.4303	0.9734	2.658
954	0.4343	0.9723	2.766
955	0.4182	0.9792	2.077
956	0.4313	0.9728	2.717
957	0.4162	0.9801	1.994
958	0.4307	0.9737	2.633
959	0.4322	0.9728	2.721
960	0.4326	0.9721	2.791
961	0.4315	0.9728	2.724
962	0.4320	0.9729	2.714
963	0.4257	0.9752	2.476
964	0.4286	0.9741	2.590
965	0.4319	0.9731	2.688
966	0.4290	0.9744	2.563
967	0.4323	0.9723	2.770
968	0.4334	0.9722	2.776
969	0.4331	0.9725	2.748
970	0.4353	0.9715	2.851
971	0.4313	0.9728	2.717
972	0.4284	0.9745	2.552
973	0.4314	0.9733	2.668
974	0.4296	0.9737	2.627
975	0.4219	0.9773	2.269
976	0.4294	0.9740	2.604
977	0.4297	0.9738	2.618
978	0.4295	0.9738	2.624
979	0.4299	0.9737	2.629
980	0.4262	0.9755	2.454
981	0.4333	0.9726	2.743
982	0.4269	0.9748	2.524
983	0.4180	0.9795	2.049
984	0.4179	0.9793	2.068
985	0.4268	0.9748	2.516
986	0.4240	0.9759	2.407
987	0.4317	0.9730	2.698
988	0.4337	0.9723	2.774
989	0.4288	0.9739	2.606
990	0.4309	0.9730	2.699
991	0.4337	0.9721	2.791
992	0.4331	0.9721	2.792
993	0.4328	0.9723	2.770
994	0.4281	0.9741	2.585
995	0.4319	0.9726	2.739
996	0.4338	0.9722	2.783
997	0.4272	0.9746	2.540
998	0.4285	0.9744	2.560
999	0.4314	0.9731	2.688
1000	0.4328	0.9726	2.737
1001	0.4343	0.9723	2.770
1002	0.4180	0.9790	2.098
1003	0.4309	0.9733	2.673
1004	0.4331	0.9724	2.756
1005	0.4325	0.9728	2.722
1006	0.4284	0.9745	2.549
1007	0.4308	0.9730	2.698
1008	0.4294	0.9738	2.624
1009	0.4238	0.9764	2.363
1010	0.4330	0.9725	2.749
1011	0.4321	0.9726	2.739
1012	0.4178	0.9793	2.068
1013	0.4319	0.9729	2.712
1014	0.4330	0.9724	2.763
1015	0.4314	0.9731	2.689
1016	0.4320	0.9728	2.720
1017	0.4302	0.9734	2.662
1018	0.4321	0.9728	2.719
1019	0.4336	0.9722	2.783
1020	0.4323	0.9723	2.771
1021	0.4310	0.9733	2.672
1022	0.4162	0.9801	1.993
1023	0.4319	0.9726	2.737
1024	0.4256	0.9753	2.474
1025	0.4333	0.9726	2.743
1026	0.4309	0.9733	2.673
1027	0.4330	0.9726	2.738
1028	0.4272	0.9750	2.496
1029	0.4318	0.9731	2.690
1030	0.4309	0.9730	2.697
1031	0.4317	0.9730	2.695
1032	0.4338	0.9719	2.809
1033	0.4320	0.9728	2.716
1034	0.4269	0.9748	2.524
1035	0.4269	0.9748	2.524
1036	0.4240	0.9759	2.406
1037	0.4329	0.9727	2.730
1038	0.4327	0.9723	2.770
1039	0.4334	0.9722	2.776
1040	0.4306	0.9737	2.631
1041	0.4218	0.9773	2.269
1042	0.4336	0.9723	2.775
1043	0.4275	0.9745	2.547
1044	0.4310	0.9733	2.670
1045	0.4192	0.9784	2.159
1046	0.4314	0.9727	2.725
1047	0.4335	0.9722	2.777
1048	0.4305	0.9734	2.661
1049	0.4330	0.9727	2.729
1050	0.4298	0.9736	2.636
1051	0.4280	0.9741	2.587
1052	0.4345	0.9715	2.848
1053	0.4287	0.9747	2.532
1054	0.4347	0.9716	2.836
1055	0.4316	0.9730	2.702
1056	0.4356	0.9711	2.894
1057	0.4344	0.9715	2.847
1058	0.4352	0.9715	2.851
1059	0.4287	0.9740	2.605
1060	0.4327	0.9726	2.737
1061	0.4274	0.9747	2.533
1062	0.4295	0.9737	2.627
1063	0.4323	0.9729	2.714
1064	0.4342	0.9723	2.769
1065	0.4337	0.9720	2.796
1066	0.4201	0.9778	2.218
1067	0.4339	0.9721	2.793
1068	0.4276	0.9751	2.492
1069	0.4286	0.9745	2.550
1070	0.4317	0.9733	2.668
1071	0.4318	0.9728	2.716
1072	0.4324	0.9728	2.722
1073	0.4296	0.9738	2.616
1074	0.4312	0.9728	2.717
1075	0.4256	0.9752	2.475
1076	0.4345	0.9718	2.818
1077	0.4310	0.9734	2.657
1078	0.4315	0.9732	2.678
1079	0.4204	0.9783	2.171
1080	0.4330	0.9724	2.756
1081	0.4312	0.9733	2.666
1082	0.4334	0.9721	2.788
1083	0.4329	0.9726	2.745
1084	0.4330	0.9721	2.790
1085	0.4284	0.9744	2.557
1086	0.4321	0.9729	2.709
1087	0.4260	0.9755	2.453
1088	0.4289	0.9744	2.563
1089	0.4319	0.9731	2.689
1090	0.4312	0.9728	2.716
1091	0.4325	0.9721	2.793
1092	0.4327	0.9728	2.724
1093	0.4339	0.9719	2.814
1094	0.4267	0.9748	2.515
1095	0.4178	0.9795	2.047
1096	0.4179	0.9790	2.099
1097	0.4271	0.9746	2.541
1098	0.4341	0.9723	2.771
1099	0.4301	0.9734	2.662
1100	0.4284	0.9741	2.593
1101	0.4337	0.9722	2.780
1102	0.4293	0.9740	2.604
1103	0.4328	0.9726	2.735
1104	0.4346	0.9716	2.841
1105	0.4180	0.9793	2.075
1106	0.4332	0.9724	2.756
1107	0.4279	0.9742	2.584
1108	0.4312	0.9731	2.689
1109	0.4312	0.9733	2.667
1110	0.4295	0.9738	2.617
1111	0.4320	0.9728	2.719
1112	0.4311	0.9728	2.716
1113	0.4327	0.9728	2.724
1114	0.4316	0.9731	2.695
1115	0.4319	0.9728	2.719
1116	0.4239	0.9759	2.405
1117	0.4329	0.9726	2.738
1118	0.4308	0.9730	2.696
1119	0.4344	0.9715	2.846
1120	0.4319	0.9728	2.717
1121	0.4293	0.9738	2.624
1122	0.4318	0.9726	2.736
1123	0.4177	0.9793	2.068
1124	0.4321	0.9723	2.770
1125	0.4301	0.9734	2.662
1126	0.4338	0.9718	2.820
1127	0.4309	0.9733	2.667
1128	0.4337	0.9722	2.782
1129	0.4341	0.9723	2.769
1130	0.4254	0.9753	2.473
1131	0.4346	0.9716	2.835
1132	0.4270	0.9746	2.541
1133	0.4268	0.9748	2.525
1134	0.4335	0.9723	2.775
1135	0.4341	0.9723	2.771
1136	0.4318	0.9729	2.711
1137	0.4326	0.9726	2.737
1138	0.4355	0.9710	2.896
1139	0.4315	0.9729	2.705
1140	0.4273	0.9747	2.533
1141	0.4314	0.9732	2.678
1142	0.4309	0.9734	2.655
1143	0.4335	0.9722	2.782
1144	0.4275	0.9751	2.489
1145	0.4274	0.9745	2.547
1146	0.4332	0.9722	2.778
1147	0.4160	0.9801	1.994
1148	0.4200	0.9778	2.219
1149	0.4317	0.9731	2.687
1150	0.4328	0.9728	2.724
1151	0.4282	0.9745	2.553
1152	0.4334	0.9723	2.775
1153	0.4271	0.9751	2.493
1154	0.4311	0.9728	2.716
1155	0.4255	0.9752	2.475
1156	0.4286	0.9747	2.533
1157	0.4322	0.9729	2.712
1158	0.4331	0.9726	2.743
1159	0.4300	0.9734	2.660
1160	0.4320	0.9729	2.709
1161	0.4307	0.9733	2.668
1162	0.4337	0.9719	2.811
1163	0.4351	0.9715	2.850
1164	0.4217	0.9773	2.270
1165	0.4344	0.9718	2.818
1166	0.4328	0.9726	2.744
1167	0.4333	0.9722	2.785
1168	0.4306	0.9730	2.697
1169	0.4283	0.9741	2.590
1170	0.4178	0.9790	2.100
1171	0.4259	0.9755	2.452
1172	0.4328	0.9724	2.760
1173	0.4329	0.9724	2.756
1174	0.4267	0.9748	2.521
1175	0.4331	0.9725	2.755
1176	0.4179	0.9793	2.075
1177	0.4191	0.9784	2.158
1178	0.4292	0.9739	2.605
1179	0.4329	0.9727	2.726
1180	0.4304	0.9737	2.633
1181	0.4312	0.9727	2.725
1182	0.4283	0.9744	2.556
1183	0.4236	0.9764	2.364
1184	0.4317	0.9728	2.715
1185	0.4286	0.9739	2.607
1186	0.4342	0.9715	2.846
1187	0.4285	0.9745	2.550
1188	0.4327	0.9726	2.736
1189	0.4316	0.9733	2.665
1190	0.4288	0.9744	2.562
1191	0.4345	0.9716	2.840
1192	0.4308	0.9733	2.672
1193	0.4297	0.9737	2.630
1194	0.4319	0.9726	2.738
1195	0.4177	0.9795	2.047
1196	0.4328	0.9726	2.744
1197	0.4335	0.9720	2.797
1198	0.4203	0.9783	2.171
1199	0.4265	0.9748	2.515
1200	0.4324	0.9721	2.795
1201	0.4318	0.9731	2.693
1202	0.4325	0.9723	2.770
1203	0.4304	0.9734	2.661
1204	0.4337	0.9721	2.793
1205	0.4329	0.9721	2.789
1206	0.4293	0.9737	2.626
1207	0.4322	0.9728	2.722
1208	0.4177	0.9790	2.096
1209	0.4274	0.9751	2.492
1210	0.4199	0.9778	2.217
1211	0.4327	0.9727	2.730
1212	0.4330	0.9726	2.742
1213	0.4342	0.9715	2.846
1214	0.4292	0.9740	2.605
1215	0.4328	0.9727	2.726
1216	0.4259	0.9755	2.453
1217	0.4325	0.9726	2.737
1218	0.4311	0.9733	2.665
1219	0.4236	0.9764	2.363
1220	0.4266	0.9748	2.524
1221	0.4273	0.9745	2.548
1222	0.4320	0.9723	2.771
1223	0.4314	0.9730	2.697
1224	0.4159	0.9801	1.992
1225	0.4285	0.9747	2.532
1226	0.4343	0.9718	2.819
1227	0.4267	0.9747	2.525
1228	0.4272	0.9747	2.532
1229	0.4335	0.9720	2.797
1230	0.4316	0.9726	2.739
1231	0.4253	0.9753	2.475
1232	0.4216	0.9773	2.270
1233	0.4296	0.9736	2.640
1234	0.4317	0.9728	2.716
1235	0.4300	0.9734	2.662
1236	0.4315	0.9733	2.671
1237	0.4310	0.9728	2.721
1238	0.4333	0.9722	2.777
1239	0.4299	0.9734	2.663
1240	0.4328	0.9724	2.757
1241	0.4334	0.9721	2.787
1242	0.4345	0.9716	2.835
1243	0.4328	0.9725	2.750
1244	0.4319	0.9726	2.738
1245	0.4318	0.9728	2.719
1246	0.4311	0.9731	2.689
1247	0.4282	0.9741	2.592
1248	0.4294	0.9738	2.616
1249	0.4323	0.9721	2.795
1250	0.4307	0.9733	2.667
1251	0.4340	0.9723	2.769
1252	0.4336	0.9719	2.810
1253	0.4332	0.9721	2.786
1254	0.4316	0.9729	2.711
1255	0.4335	0.9722	2.781
1256	0.4326	0.9726	2.737
1257	0.4293	0.9737	2.627
1258	0.4308	0.9733	2.671
1259	0.4328	0.9721	2.790
1260	0.4178	0.9792	2.075
1261	0.4303	0.9734	2.660
1262	0.4343	0.9715	2.845
1263	0.4308	0.9734	2.656
1264	0.4175	0.9793	2.068
1265	0.4287	0.9744	2.562
1266	0.4307	0.9730	2.696
1267	0.4309	0.9728	2.717
1268	0.4318	0.9729	2.711
1269	0.4306	0.9733	2.672
1270	0.4311	0.9727	2.725
1271	0.4202	0.9783	2.170
1272	0.4344	0.9716	2.843
1273	0.4176	0.9795	2.050
1274	0.4318	0.9728	2.717
1275	0.4327	0.9725	2.747
1276	0.4315	0.9728	2.717
1277	0.4317	0.9731	2.693
1278	0.4268	0.9746	2.540
1279	0.4321	0.9729	2.714
1280	0.4291	0.9738	2.624
1281	0.4313	0.9730	2.704
1282	0.4269	0.9750	2.495
1283	0.4349	0.9715	2.851
1284	0.4327	0.9724	2.764
1285	0.4333	0.9722	2.776
1286	0.4339	0.9723	2.772
1287	0.4330	0.9724	2.756
1288	0.4277	0.9741	2.585
1289	0.4284	0.9745	2.552
1290	0.4313	0.9732	2.679
1291	0.4303	0.9737	2.632
1292	0.4264	0.9749	2.515
1293	0.4189	0.9784	2.157
1294	0.4336	0.9718	2.819
1295	0.4281	0.9745	2.547
1296	0.4305	0.9730	2.699
1297	0.4321	0.9728	2.724
1298	0.4281	0.9744	2.559
1299	0.4315	0.9731	2.691
1300	0.4353	0.9711	2.895
1301	0.4253	0.9752	2.477
1302	0.4324	0.9723	2.771
1303	0.4325	0.9728	2.724
1304	0.4284	0.9739	2.607
1305	0.4331	0.9722	2.776
1306	0.4237	0.9760	2.405
1307	0.4327	0.9726	2.738
1308	0.4336	0.9721	2.793
1309	0.4235	0.9764	2.363
1310	0.4327	0.9725	2.755
1311	0.4335	0.9722	2.782
1312	0.4333	0.9722	2.775
1313	0.4327	0.9727	2.726
1314	0.4273	0.9751	2.492
1315	0.4313	0.9730	2.705
1316	0.4330	0.9722	2.775
1317	0.4311	0.9727	2.725
1318	0.4309	0.9728	2.717
1319	0.4253	0.9752	2.475
1320	0.4329	0.9726	2.743
1321	0.4290	0.9740	2.605
1322	0.4327	0.9726	2.736
1323	0.4330	0.9725	2.754
1324	0.4321	0.9728	2.720
1325	0.4315	0.9731	2.686
1326	0.4177	0.9793	2.074
1327	0.4352	0.9710	2.896
1328	0.4318	0.9726	2.739
1329	0.4269	0.9750	2.496
1330	0.4326	0.9726	2.745
1331	0.4318	0.9728	2.718
1332	0.4314	0.9734	2.664
1333	0.4265	0.9748	2.522
1334	0.4324	0.9727	2.725
1335	0.4286	0.9744	2.563
1336	0.4175	0.9793	2.067
1337	0.4201	0.9783	2.171
1338	0.4339	0.9723	2.771
1339	0.4281	0.9744	2.559
1340	0.4339	0.9723	2.769
1341	0.4309	0.9733	2.665
1342	0.4315	0.9728	2.717
1343	0.4283	0.9745	2.551
1344	0.4302	0.9734	2.660
1345	0.4331	0.9721	2.786
1346	0.4277	0.9742	2.584
1347	0.4176	0.9790	2.097
1348	0.4333	0.9720	2.795
1349	0.4298	0.9734	2.662
1350	0.4323	0.9726	2.737
1351	0.4312	0.9732	2.680
1352	0.4325	0.9726	2.735
1353	0.4214	0.9773	2.269
1354	0.4315	0.9726	2.737
1355	0.4198	0.9778	2.218
1356	0.4271	0.9747	2.533
1357	0.4343	0.9716	2.840
1358	0.4316	0.9728	2.721
1359	0.4263	0.9749	2.515
1360	0.4290	0.9738	2.625
1361	0.4175	0.9795	2.051
1362	0.4326	0.9725	2.751
1363	0.4342	0.9718	2.819
1364	0.4340	0.9715	2.847
1365	0.4327	0.9721	2.791
1366	0.4236	0.9759	2.406
1367	0.4325	0.9727	2.730
1368	0.4318	0.9723	2.771
1369	0.4331	0.9723	2.774
1370	0.4265	0.9748	2.524
1371	0.4283	0.9747	2.533
1372	0.4284	0.9739	2.606
1373	0.4304	0.9730	2.698
1374	0.4302	0.9737	2.631
1375	0.4306	0.9733	2.667
1376	0.4335	0.9721	2.793
1377	0.4305	0.9733	2.671
1378	0.4323	0.9723	2.770
1379	0.4280	0.9745	2.552
1380	0.4326	0.9724	2.760
1381	0.4294	0.9737	2.629
1382	0.4316	0.9729	2.714
1383	0.4334	0.9719	2.810
1384	0.4317	0.9729	2.708
1385	0.4321	0.9721	2.793
1386	0.4251	0.9753	2.473
1387	0.4292	0.9738	2.617
1388	0.4312	0.9730	2.695
1389	0.4281	0.9741	2.590
1390	0.4315	0.9729	2.711
1391	0.4271	0.9745	2.547
1392	0.4306	0.9733	2.672
1393	0.4267	0.9746	2.540
1394	0.4188	0.9784	2.158
1395	0.4306	0.9734	2.659
1396	0.4319	0.9729	2.713
1397	0.4341	0.9716	2.845
1398	0.4332	0.9722	2.783
1399	0.4343	0.9716	2.836
1400	0.4305	0.9731	2.694
1401	0.4348	0.9715	2.851
1402	0.4309	0.9731	2.688
1403	0.4291	0.9737	2.627
1404	0.4308	0.9728	2.717
1405	0.4257	0.9755	2.452
1406	0.4315	0.9731	2.691
1407	0.4157	0.9801	1.993
1408	0.4335	0.9718	2.820
1409	0.4298	0.9734	2.660
1410	0.4285	0.9744	2.563
1411	0.4323	0.9727	2.725
1412	0.4335	0.9718	2.815
1413	0.4176	0.9793	2.074
1414	0.4305	0.9731	2.695
1415	0.4306	0.9734	2.657
1416	0.4339	0.9716	2.845
1417	0.4320	0.9728	2.721
1418	0.4265	0.9748	2.525
1419	0.4234	0.9764	2.363
1420	0.4316	0.9728	2.721
1421	0.4313	0.9733	2.667
1422	0.4325	0.9726	2.745
1423	0.4197	0.9778	2.218
1424	0.4325	0.9725	2.748
1425	0.4317	0.9729	2.711
1426	0.4337	0.9723	2.769
1427	0.4267	0.9746	2.541
1428	0.4328	0.9725	2.754
1429	0.4325	0.9724	2.761
1430	0.4332	0.9720	2.797
1431	0.4322	0.9726	2.736
1432	0.4324	0.9726	2.737
1433	0.4271	0.9745	2.547
1434	0.4251	0.9753	2.475
1435	0.4270	0.9747	2.532
1436	0.4268	0.9750	2.496
1437	0.4301	0.9737	2.631
1438	0.4316	0.9728	2.718
1439	0.4334	0.9721	2.793
1440	0.4338	0.9723	2.770
1441	0.4297	0.9734	2.659
1442	0.4301	0.9734	2.660
1443	0.4314	0.9727	2.734
1444	0.4314	0.9729	2.710
1445	0.4256	0.9755	2.451
1446	0.4311	0.9732	2.677
1447	0.4318	0.9723	2.771
1448	0.4308	0.9733	2.666
1449	0.4282	0.9747	2.532
1450	0.4330	0.9723	2.774
1451	0.4309	0.9728	2.723
1452	0.4315	0.9731	2.690
1453	0.4280	0.9741	2.590
1454	0.4311	0.9730	2.704
1455	0.4315	0.9729	2.714
1456	0.4313	0.9729	2.715
1457	0.4293	0.9737	2.629
1458	0.4175	0.9790	2.099
1459	0.4304	0.9733	2.673
1460	0.4324	0.9728	2.725
1461	0.4305	0.9733	2.672
1462	0.4282	0.9739	2.606
1463	0.4291	0.9738	2.617
1464	0.4326	0.9721	2.790
1465	0.4331	0.9722	2.783
1466	0.4235	0.9759	2.405
1467	0.4343	0.9716	2.835
1468	0.4333	0.9722	2.780
1469	0.4325	0.9728	2.721
1470	0.4156	0.9801	1.993
1471	0.4311	0.9731	2.694
1472	0.4278	0.9745	2.551
1473	0.4331	0.9723	2.769
1474	0.4174	0.9795	2.047
1475	0.4325	0.9724	2.756
1476	0.4250	0.9753	2.474
1477	0.4327	0.9726	2.741
1478	0.4340	0.9718	2.818
1479	0.4289	0.9738	2.624
1480	0.4318	0.9729	2.713
1481	0.4262	0.9749	2.514
1482	0.4322	0.9723	2.770
1483	0.4350	0.9711	2.894
1484	0.4341	0.9716	2.839
1485	0.4288	0.9740	2.602
1486	0.4263	0.9748	2.522
1487	0.4328	0.9722	2.778
1488	0.4296	0.9734	2.661
1489	0.4187	0.9784	2.157
1490	0.4330	0.9721	2.786
1491	0.4320	0.9721	2.793
1492	0.4307	0.9728	2.717
1493	0.4305	0.9734	2.665
1494	0.4213	0.9773	2.269
1495	0.4312	0.9731	2.688
1496	0.4290	0.9737	2.627
1497	0.4281	0.9745	2.551
1498	0.4173	0.9793	2.068
1499	0.4275	0.9741	2.586
1500	0.4302	0.9730	2.698
1501	0.4308	0.9731	2.689
1502	0.4307	0.9728	2.721
1503	0.4316	0.9726	2.739
1504	0.4325	0.9726	2.738
1505	0.4340	0.9715	2.846
1506	0.4333	0.9719	2.809
1507	0.4199	0.9783	2.170
1508	0.4347	0.9715	2.850
1509	0.4279	0.9744	2.559
1510	0.4271	0.9751	2.493
1511	0.4307	0.9728	2.717
1512	0.4312	0.9733	2.667
1513	0.4334	0.9718	2.821
1514	0.4304	0.9733	2.668
1515	0.4340	0.9715	2.847
1516	0.4324	0.9724	2.763
1517	0.4324	0.9725	2.749
1518	0.4313	0.9726	2.736
1519	0.4315	0.9726	2.739
1520	0.4331	0.9723	2.774
1521	0.4271	0.9751	2.491
1522	0.4266	0.9746	2.540
1523	0.4311	0.9730	2.704
1524	0.4156	0.9801	1.994
1525	0.4290	0.9737	2.627
1526	0.4263	0.9748	2.524
1527	0.4304	0.9734	2.659
1528	0.4323	0.9727	2.727
1529	0.4279	0.9744	2.558
1530	0.4322	0.9727	2.726
1531	0.4187	0.9784	2.157
1532	0.4269	0.9747	2.532
1533	0.4312	0.9731	2.690
1534	0.4291	0.9738	2.616
1535	0.4295	0.9734	2.662
1536	0.4307	0.9733	2.667
1537	0.4250	0.9752	2.477
1538	0.4199	0.9783	2.170
1539	0.4269	0.9745	2.550
1540	0.4321	0.9723	2.773
1541	0.4315	0.9728	2.717
1542	0.4320	0.9720	2.797
1543	0.4266	0.9751	2.492
1544	0.4325	0.9721	2.794
1545	0.4174	0.9793	2.072
1546	0.4278	0.9746	2.545
1547	0.4281	0.9747	2.533
1548	0.4350	0.9711	2.894
1549	0.4279	0.9741	2.592
1550	0.4274	0.9741	2.588
1551	0.4232	0.9764	2.365
1552	0.4312	0.9729	2.714
1553	0.4333	0.9720	2.796
1554	0.4314	0.9727	2.725
1555	0.4324	0.9724	2.759
1556	0.4280	0.9745	2.553
1557	0.4318	0.9729	2.712
1558	0.4249	0.9753	2.474
1559	0.4288	0.9738	2.623
1560	0.4292	0.9736	2.641
1561	0.4288	0.9739	2.611
1562	0.4173	0.9790	2.095
1563	0.4318	0.9727	2.725
1564	0.4303	0.9732	2.678
1565	0.4172	0.9795	2.050
1566	0.4330	0.9721	2.792
1567	0.4327	0.9725	2.752
1568	0.4316	0.9723	2.770
1569	0.4315	0.9729	2.714
1570	0.4308	0.9727	2.728
1571	0.4283	0.9744	2.560
1572	0.4172	0.9793	2.067
1573	0.4306	0.9728	2.718
1574	0.4336	0.9723	2.772
1575	0.4304	0.9733	2.673
1576	0.4341	0.9716	2.835
1577	0.4331	0.9720	2.798
1578	0.4313	0.9728	2.716
1579	0.4300	0.9737	2.629
1580	0.4321	0.9726	2.737
1581	0.4326	0.9726	2.741
1582	0.4324	0.9726	2.738
1583	0.4324	0.9727	2.728
1584	0.4329	0.9723	2.774
1585	0.4346	0.9715	2.850
1586	0.4310	0.9731	2.695
1587	0.4261	0.9749	2.514
1588	0.4303	0.9730	2.698
1589	0.4313	0.9731	2.692
1590	0.4299	0.9734	2.660
1591	0.4328	0.9721	2.788
1592	0.4307	0.9731	2.689
1593	0.4254	0.9755	2.454
1594	0.4233	0.9759	2.405
1595	0.4263	0.9748	2.524
1596	0.4322	0.9727	2.733
1597	0.4340	0.9716	2.841
1598	0.4331	0.9722	2.781
1599	0.4309	0.9732	2.679
1600	0.4211	0.9773	2.269
1601	0.4296	0.9734	2.660
1602	0.4336	0.9723	2.769
1603	0.4327	0.9722	2.775
1604	0.4301	0.9730	2.697
1605	0.4339	0.9718	2.818
1606	0.4337	0.9716	2.845
1607	0.4312	0.9729	2.710
1608	0.4332	0.9719	2.810
1609	0.4281	0.9739	2.606
1610	0.4323	0.9726	2.743
1611	0.4195	0.9778	2.218
1612	0.4329	0.9722	2.783
1613	0.4301	0.9730	2.696
1614	0.4270	0.9751	2.489
1615	0.4292	0.9737	2.628
1616	0.4305	0.9728	2.717
1617	0.4320	0.9726	2.736
1618	0.4273	0.9742	2.584
1619	0.4349	0.9711	2.894
1620	0.4305	0.9728	2.717
1621	0.4323	0.9726	2.745
1622	0.4322	0.9728	2.723
1623	0.4287	0.9738	2.621
1624	0.4317	0.9728	2.720
1625	0.4320	0.9723	2.770
1626	0.4186	0.9784	2.156
1627	0.4331	0.9719	2.810
1628	0.4281	0.9739	2.607
1629	0.4337	0.9715	2.846
1630	0.4307	0.9728	2.725
1631	0.4339	0.9716	2.839
1632	0.4194	0.9778	2.218
1633	0.4278	0.9741	2.591
1634	0.4324	0.9721	2.790
1635	0.4303	0.9733	2.666
1636	0.4335	0.9723	2.769
1637	0.4335	0.9723	2.771
1638	0.4338	0.9716	2.843
1639	0.4328	0.9722	2.775
1640	0.4268	0.9745	2.545
1641	0.4309	0.9731	2.694
1642	0.4198	0.9783	2.172
1643	0.4332	0.9721	2.792
1644	0.4254	0.9755	2.453
1645	0.4306	0.9731	2.688
1646	0.4171	0.9793	2.068
1647	0.4338	0.9718	2.817
1648	0.4315	0.9723	2.772
1649	0.4322	0.9724	2.763
1650	0.4322	0.9727	2.735
1651	0.4323	0.9727	2.726
1652	0.4248	0.9753	2.473
1653	0.4279	0.9745	2.551
1654	0.4261	0.9748	2.522
1655	0.4302	0.9733	2.673
1656	0.4154	0.9801	1.992
1657	0.4331	0.9722	2.781
1658	0.4171	0.9795	2.049
1659	0.4172	0.9790	2.096
1660	0.4280	0.9747	2.532
1661	0.4303	0.9734	2.657
1662	0.4308	0.9732	2.679
1663	0.4311	0.9729	2.710
1664	0.4340	0.9716	2.835
1665	0.4314	0.9728	2.717
1666	0.4294	0.9734	2.662
1667	0.4306	0.9733	2.666
1668	0.4286	0.9739	2.605
1669	0.4309	0.9730	2.704
1670	0.4326	0.9725	2.755
1671	0.4232	0.9759	2.405
1672	0.4282	0.9744	2.561
1673	0.4173	0.9793	2.074
1674	0.4314	0.9729	2.713
1675	0.4298	0.9734	2.660
1676	0.4289	0.9738	2.616
1677	0.4323	0.9725	2.755
1678	0.4303	0.9733	2.671
1679	0.4298	0.9737	2.631
1680	0.4288	0.9737	2.627
1681	0.4316	0.9729	2.712
1682	0.4312	0.9728	2.717
1683	0.4264	0.9746	2.539
1684	0.4310	0.9733	2.666
1685	0.4262	0.9747	2.525
1686	0.4318	0.9721	2.793
1687	0.4320	0.9727	2.726
1688	0.4329	0.9720	2.797
1689	0.4267	0.9747	2.533
1690	0.4311	0.9728	2.716
1691	0.4322	0.9726	2.736
1692	0.4294	0.9734	2.659
1693	0.4327	0.9721	2.786
1694	0.4311	0.9727	2.734
1695	0.4329	0.9723	2.771
1696	0.4312	0.9731	2.691
1697	0.4301	0.9731	2.694
1698	0.4260	0.9749	2.514
1699	0.4332	0.9718	2.816
1700	0.4210	0.9773	2.269
1701	0.4248	0.9752	2.475
1702	0.4276	0.9745	2.550
1703	0.4312	0.9729	2.715
1704	0.4344	0.9715	2.852
1705	0.4325	0.9726	2.741
1706	0.4277	0.9744	2.556
1707	0.4326	0.9722	2.776
1708	0.4230	0.9764	2.365
1709	0.4310	0.9731	2.686
1710	0.4313	0.9726	2.739
1711	0.4264	0.9750	2.495
1712	0.4322	0.9726	2.745
1713	0.4248	0.9752	2.475
1714	0.4153	0.9801	1.993
1715	0.4339	0.9716	2.841
1716	0.4313	0.9726	2.739
1717	0.4327	0.9721	2.787
1718	0.4171	0.9790	2.098
1719	0.4309	0.9733	2.667
1720	0.4260	0.9748	2.523
1721	0.4334	0.9723	2.769
1722	0.4322	0.9725	2.755
1723	0.4323	0.9721	2.790
1724	0.4297	0.9734	2.660
1725	0.4311	0.9729	2.710
1726	0.4173	0.9793	2.074
1727	0.4298	0.9737	2.631
1728	0.4293	0.9734	2.661
1729	0.4336	0.9716	2.844
1730	0.4305	0.9733	2.666
1731	0.4278	0.9745	2.550
1732	0.4286	0.9738	2.624
1733	0.4334	0.9723	2.769
1734	0.4308	0.9731	2.695
1735	0.4290	0.9737	2.629
1736	0.4304	0.9728	2.717
1737	0.4286	0.9740	2.605
1738	0.4294	0.9734	2.659
1739	0.4329	0.9720	2.796
1740	0.4322	0.9726	2.744
1741	0.4210	0.9773	2.270
1742	0.4319	0.9726	2.736
1743	0.4281	0.9744	2.561
1744	0.4184	0.9784	2.157
1745	0.4316	0.9728	2.721
1746	0.4328	0.9722	2.784
1747	0.4302	0.9734	2.665
1748	0.4279	0.9747	2.532
1749	0.4322	0.9726	2.745
1750	0.4276	0.9741	2.590
1751	0.4302	0.9734	2.656
1752	0.4310	0.9727	2.734
1753	0.4317	0.9721	2.792
1754	0.4339	0.9717	2.834
1755	0.4312	0.9728	2.716
1756	0.4313	0.9729	2.707
1757	0.4302	0.9733	2.670
1758	0.4307	0.9733	2.674
1759	0.4263	0.9746	2.538
1760	0.4268	0.9751	2.486
1761	0.4320	0.9727	2.735
1762	0.4266	0.9747	2.532
1763	0.4318	0.9723	2.769
1764	0.4247	0.9753	2.472
1765	0.4322	0.9728	2.721
1766	0.4337	0.9718	2.820
1767	0.4309	0.9731	2.686
1768	0.4170	0.9795	2.046
1769	0.4308	0.9730	2.704
1770	0.4324	0.9725	2.752
1771	0.4325	0.9722	2.778
1772	0.4329	0.9722	2.781
1773	0.4300	0.9733	2.669
1774	0.4264	0.9751	2.491
1775	0.4261	0.9747	2.526
1776	0.4315	0.9729	2.712
1777	0.4193	0.9778	2.219
1778	0.4343	0.9715	2.849
1779	0.4303	0.9728	2.716
1780	0.4321	0.9727	2.733
1781	0.4288	0.9738	2.616
1782	0.4267	0.9745	2.545
1783	0.4229	0.9764	2.365
1784	0.4272	0.9742	2.582
1785	0.4311	0.9729	2.715
1786	0.4347	0.9710	2.896
1787	0.4329	0.9719	2.809
1788	0.4252	0.9755	2.451
1789	0.4275	0.9745	2.551
1790	0.4305	0.9727	2.725
1791	0.4196	0.9783	2.171
1792	0.4276	0.9744	2.558
1793	0.4327	0.9722	2.775
1794	0.4319	0.9728	2.725
1795	0.4299	0.9730	2.699
1796	0.4304	0.9731	2.689
1797	0.4258	0.9749	2.514
1798	0.4330	0.9721	2.791
1799	0.4313	0.9723	2.771
1800	0.4279	0.9740	2.605
1801	0.4300	0.9730	2.696
1802	0.4330	0.9718	2.820
1803	0.4336	0.9715	2.847
1804	0.4231	0.9759	2.405
1805	0.4169	0.9793	2.068
1806	0.4320	0.9727	2.730
1807	0.4309	0.9729	2.714
1808	0.4286	0.9737	2.626
1809	0.4323	0.9726	2.741
1810	0.4326	0.9723	2.775
1811	0.4311	0.9731	2.692
1812	0.4312	0.9728	2.717
1813	0.4321	0.9724	2.761
1814	0.4318	0.9723	2.769
1815	0.4336	0.9716	2.843
1816	0.4303	0.9728	2.717
1817	0.4170	0.9795	2.048
1818	0.4310	0.9729	2.714
1819	0.4321	0.9724	2.755
1820	0.4266	0.9745	2.546
1821	0.4320	0.9724	2.764
1822	0.4152	0.9801	1.992
1823	0.4321	0.9725	2.749
1824	0.4304	0.9733	2.667
1825	0.4259	0.9748	2.524
1826	0.4301	0.9734	2.657
1827	0.4328	0.9721	2.794
1828	0.4289	0.9737	2.635
1829	0.4169	0.9793	2.068
1830	0.4311	0.9731	2.691
1831	0.4312	0.9726	2.740
1832	0.4337	0.9716	2.842
1833	0.4209	0.9773	2.269
1834	0.4321	0.9721	2.790
1835	0.4275	0.9741	2.592
1836	0.4313	0.9723	2.770
1837	0.4307	0.9730	2.700
1838	0.4315	0.9728	2.725
1839	0.4170	0.9790	2.096
1840	0.4333	0.9723	2.770
1841	0.4312	0.9729	2.714
1842	0.4265	0.9747	2.532
1843	0.4346	0.9711	2.894
1844	0.4300	0.9733	2.668
1845	0.4327	0.9721	2.785
1846	0.4171	0.9793	2.074
1847	0.4330	0.9721	2.791
1848	0.4319	0.9727	2.728
1849	0.4319	0.9727	2.735
1850	0.4258	0.9749	2.514
1851	0.4228	0.9764	2.364
1852	0.4303	0.9728	2.719
1853	0.4343	0.9715	2.850
1854	0.4301	0.9733	2.673
1855	0.4327	0.9723	2.773
1856	0.4328	0.9722	2.784
1857	0.4309	0.9729	2.714
1858	0.4292	0.9734	2.663
1859	0.4316	0.9720	2.796
1860	0.4246	0.9753	2.474
1861	0.4259	0.9747	2.526
1862	0.4261	0.9746	2.542
1863	0.4334	0.9715	2.848
1864	0.4308	0.9733	2.669
1865	0.4325	0.9722	2.775
1866	0.4251	0.9755	2.453
1867	0.4230	0.9759	2.406
1868	0.4306	0.9732	2.682
1869	0.4195	0.9783	2.168
1870	0.4309	0.9726	2.737
1871	0.4299	0.9732	2.678
1872	0.4307	0.9730	2.697
1873	0.4284	0.9738	2.623
1874	0.4338	0.9716	2.835
1875	0.4304	0.9727	2.729
1876	0.4336	0.9718	2.819
1877	0.4325	0.9721	2.790
1878	0.4320	0.9725	2.747
1879	0.4311	0.9728	2.717
1880	0.4292	0.9734	2.660
1881	0.4278	0.9740	2.605
1882	0.4277	0.9745	2.550
1883	0.4298	0.9730	2.698
1884	0.4308	0.9731	2.691
1885	0.4270	0.9741	2.587
1886	0.4310	0.9728	2.721
1887	0.4317	0.9726	2.738
1888	0.4323	0.9726	2.742
1889	0.4266	0.9751	2.493
1890	0.4320	0.9727	2.728
1891	0.4332	0.9723	2.769
1892	0.4182	0.9784	2.157
1893	0.4320	0.9726	2.737
1894	0.4314	0.9729	2.714
1895	0.4328	0.9719	2.809
1896	0.4324	0.9722	2.775
1897	0.4246	0.9752	2.475
1898	0.4284	0.9739	2.606
1899	0.4273	0.9745	2.551
1900	0.4295	0.9734	2.660
1901	0.4318	0.9727	2.726
1902	0.4262	0.9751	2.494
1903	0.4286	0.9738	2.616
1904	0.4285	0.9737	2.626
1905	0.4279	0.9744	2.564
1906	0.4329	0.9719	2.813
1907	0.4277	0.9747	2.531
1908	0.4299	0.9731	2.692
1909	0.4191	0.9778	2.218
1910	0.4274	0.9744	2.557
1911	0.4303	0.9731	2.688
1912	0.4296	0.9737	2.631
1913	0.4323	0.9725	2.753
1914	0.4308	0.9729	2.711
1915	0.4320	0.9726	2.742
1916	0.4342	0.9715	2.847
1917	0.4314	0.9728	2.721
1918	0.4245	0.9753	2.472
1919	0.4325	0.9723	2.774
1920	0.4328	0.9719	2.809
1921	0.4274	0.9741	2.590
1922	0.4319	0.9724	2.759
1923	0.4318	0.9726	2.736
1924	0.4315	0.9721	2.792
1925	0.4319	0.9727	2.733
1926	0.4270	0.9742	2.585
1927	0.4326	0.9722	2.782
1928	0.4277	0.9747	2.532
1929	0.4228	0.9764	2.362
1930	0.4292	0.9734	2.659
1931	0.4265	0.9746	2.545
1932	0.4279	0.9744	2.564
1933	0.4246	0.9753	2.473
1934	0.4317	0.9726	2.735
1935	0.4332	0.9723	2.771
1936	0.4329	0.9719	2.813
1937	0.4298	0.9733	2.669
1938	0.4324	0.9721	2.786
1939	0.4320	0.9721	2.787
1940	0.4326	0.9721	2.794
1941	0.4168	0.9793	2.068
1942	0.4336	0.9716	2.836
1943	0.4307	0.9732	2.684
1944	0.4331	0.9723	2.765
1945	0.4335	0.9718	2.818
1946	0.4302	0.9733	2.668
1947	0.4306	0.9731	2.693
1948	0.4301	0.9728	2.717
1949	0.4258	0.9748	2.525
1950	0.4277	0.9739	2.607
1951	0.4309	0.9729	2.714
1952	0.4191	0.9778	2.217
1953	0.4286	0.9738	2.617
1954	0.4262	0.9751	2.493
1955	0.4168	0.9795	2.047
1956	0.4169	0.9790	2.097
1957	0.4322	0.9726	2.741
1958	0.4310	0.9729	2.713
1959	0.4297	0.9730	2.698
1960	0.4295	0.9734	2.660
1961	0.4305	0.9732	2.678
1962	0.4273	0.9745	2.553
1963	0.4327	0.9722	2.780
1964	0.4299	0.9734	2.655
1965	0.4250	0.9755	2.451
1966	0.4334	0.9716	2.843
1967	0.4345	0.9711	2.894
1968	0.4311	0.9723	2.772
1969	0.4317	0.9728	2.722
1970	0.4274	0.9745	2.554
1971	0.4308	0.9727	2.732
1972	0.4151	0.9801	1.993
1973	0.4309	0.9728	2.717
1974	0.4290	0.9734	2.660
1975	0.4265	0.9751	2.488
1976	0.4302	0.9731	2.690
1977	0.4310	0.9726	2.737
1978	0.4309	0.9731	2.690
1979	0.4303	0.9728	2.721
1980	0.4325	0.9723	2.768
1981	0.4284	0.9737	2.625
1982	0.4181	0.9784	2.156
1983	0.4287	0.9737	2.629
1984	0.4260	0.9746	2.539
1985	0.4310	0.9728	2.717
1986	0.4308	0.9729	2.710
1987	0.4336	0.9716	2.835
1988	0.4322	0.9722	2.777
1989	0.4283	0.9738	2.620
1990	0.4307	0.9729	2.714
1991	0.4283	0.9740	2.603
1992	0.4319	0.9726	2.744
1993	0.4316	0.9723	2.770
1994	0.4333	0.9716	2.844
1995	0.4263	0.9747	2.531
1996	0.4322	0.9725	2.752
1997	0.4229	0.9760	2.404
1998	0.4257	0.9748	2.522
1999	0.4194	0.9783	2.172
