0	0.4668	0.9724	2.762
1	0.4671	0.9727	2.732
2	0.4630	0.9742	2.580
3	0.4683	0.9714	2.857
4	0.4664	0.9724	2.756
5	0.4611	0.9746	2.544
6	0.4645	0.9732	2.682
7	0.4561	0.9771	2.288
8	0.4628	0.9742	2.579
9	0.4653	0.9732	2.684
10	0.4653	0.9729	2.706
11	0.4660	0.9728	2.716
12	0.4666	0.9720	2.796
13	0.4673	0.9722	2.778
14	0.4619	0.9743	2.570
15	0.4613	0.9745	2.551
16	0.4599	0.9750	2.495
17	0.4663	0.9725	2.750
18	0.4598	0.9751	2.494
19	0.4685	0.9720	2.799
20	0.4676	0.9721	2.788
21	0.4630	0.9744	2.562
22	0.4580	0.9760	2.395
23	0.4614	0.9743	2.573
24	0.4619	0.9747	2.525
25	0.4521	0.9789	2.111
26	0.4681	0.9718	2.815
27	0.4659	0.9727	2.727
28	0.4671	0.9725	2.747
29	0.4534	0.9782	2.176
30	0.4655	0.9731	2.689
31	0.4644	0.9732	2.685
32	0.4662	0.9725	2.745
33	0.4615	0.9749	2.513
34	0.4688	0.9712	2.881
35	0.4657	0.9731	2.695
36	0.4543	0.9776	2.235
37	0.4669	0.9724	2.758
38	0.4663	0.9726	2.745
39	0.4673	0.9722	2.778
40	0.4626	0.9742	2.576
41	0.4609	0.9746	2.542
42	0.4649	0.9734	2.656
43	0.4669	0.9721	2.791
44	0.4673	0.9718	2.819
45	0.4662	0.9729	2.715
46	0.4629	0.9737	2.629
47	0.4522	0.9790	2.103
48	0.4519	0.9791	2.087
49	0.4582	0.9757	2.430
50	0.4617	0.9744	2.556
51	0.4655	0.9727	2.726
52	0.4656	0.9725	2.748
53	0.4660	0.9729	2.711
54	0.4666	0.9727	2.726
55	0.4632	0.9741	2.587
56	0.4662	0.9724	2.759
57	0.4650	0.9727	2.730
58	0.4677	0.9720	2.805
59	0.4684	0.9721	2.786
60	0.4546	0.9782	2.183
61	0.4676	0.9720	2.798
62	0.4638	0.9735	2.650
63	0.4689	0.9713	2.874
64	0.4668	0.9719	2.814
65	0.4678	0.9719	2.815
66	0.4656	0.9727	2.726
67	0.4672	0.9720	2.798
68	0.4660	0.9726	2.742
69	0.4679	0.9720	2.801
70	0.4652	0.9732	2.680
71	0.4638	0.9736	2.640
72	0.4698	0.9709	2.911
73	0.4652	0.9729	2.707
74	0.4688	0.9715	2.855
75	0.4636	0.9735	2.651
76	0.4638	0.9735	2.648
77	0.4676	0.9720	2.798
78	0.4651	0.9730	2.704
79	0.4602	0.9752	2.475
80	0.4652	0.9731	2.685
81	0.4668	0.9724	2.756
82	0.4662	0.9728	2.715
83	0.4622	0.9738	2.620
84	0.4501	0.9798	2.018
85	0.4670	0.9725	2.748
86	0.4635	0.9738	2.625
87	0.4694	0.9712	2.885
88	0.4689	0.9716	2.843
89	0.4519	0.9793	2.067
90	0.4520	0.9789	2.112
91	0.4687	0.9712	2.878
92	0.4617	0.9743	2.570
93	0.4668	0.9721	2.793
94	0.4656	0.9731	2.693
95	0.4671	0.9725	2.755
96	0.4647	0.9732	2.682
97	0.4660	0.9724	2.757
98	0.4652	0.9732	2.680
99	0.4687	0.9714	2.858
100	0.4655	0.9728	2.725
101	0.4671	0.9721	2.785
102	0.4611	0.9745	2.553
103	0.4542	0.9776	2.238
104	0.4578	0.9760	2.396
105	0.4660	0.9726	2.740
106	0.4679	0.9719	2.813
107	0.4558	0.9771	2.289
108	0.4626	0.9739	2.614
109	0.4686	0.9712	2.877
110	0.4580	0.9757	2.430
111	0.4617	0.9748	2.523
112	0.4671	0.9722	2.778
113	0.4661	0.9724	2.758
114	0.4643	0.9732	2.682
115	0.4649	0.9727	2.728
116	0.4661	0.9725	2.747
117	0.4647	0.9735	2.652
118	0.4683	0.9721	2.789
119	0.4682	0.9721	2.787
120	0.4664	0.9728	2.721
121	0.4661	0.9726	2.741
122	0.4660	0.9727	2.726
123	0.4625	0.9743	2.575
124	0.4661	0.9727	2.731
125	0.4624	0.9742	2.576
126	0.4674	0.9722	2.780
127	0.4650	0.9728	2.723
128	0.4666	0.9724	2.758
129	0.4609	0.9746	2.542
130	0.4612	0.9743	2.574
131	0.4657	0.9727	2.729
132	0.4696	0.9709	2.911
133	0.4670	0.9720	2.799
134	0.4596	0.9750	2.496
135	0.4627	0.9744	2.556
136	0.4674	0.9720	2.799
137	0.4608	0.9746	2.537
138	0.4655	0.9725	2.752
139	0.4670	0.9723	2.775
140	0.4517	0.9791	2.085
141	0.4545	0.9782	2.181
142	0.4680	0.9714	2.857
143	0.4658	0.9729	2.708
144	0.4663	0.9720	2.796
145	0.4638	0.9735	2.647
146	0.4519	0.9790	2.102
147	0.4679	0.9714	2.857
148	0.4673	0.9721	2.788
149	0.4657	0.9728	2.715
150	0.4677	0.9718	2.816
151	0.4626	0.9742	2.579
152	0.4687	0.9713	2.874
153	0.4652	0.9727	2.725
154	0.4679	0.9718	2.824
155	0.4658	0.9726	2.743
156	0.4636	0.9736	2.642
157	0.4675	0.9720	2.805
158	0.4629	0.9741	2.586
159	0.4653	0.9731	2.688
160	0.4652	0.9725	2.748
161	0.4614	0.9744	2.558
162	0.4671	0.9718	2.818
163	0.4641	0.9731	2.685
164	0.4670	0.9725	2.752
165	0.4650	0.9729	2.709
166	0.4665	0.9719	2.813
167	0.4612	0.9749	2.513
168	0.4634	0.9735	2.653
169	0.4667	0.9727	2.734
170	0.4677	0.9718	2.821
171	0.4627	0.9737	2.634
172	0.4676	0.9720	2.803
173	0.4660	0.9724	2.757
174	0.4595	0.9751	2.494
175	0.4531	0.9782	2.176
176	0.4668	0.9725	2.753
177	0.4670	0.9722	2.778
178	0.4641	0.9732	2.684
179	0.4499	0.9798	2.019
180	0.4638	0.9735	2.649
181	0.4627	0.9744	2.564
182	0.4624	0.9739	2.612
183	0.4649	0.9727	2.725
184	0.4612	0.9749	2.514
185	0.4656	0.9727	2.728
186	0.4635	0.9736	2.643
187	0.4518	0.9789	2.105
188	0.4671	0.9718	2.819
189	0.4652	0.9731	2.691
190	0.4594	0.9751	2.493
191	0.4616	0.9747	2.530
192	0.4666	0.9721	2.791
193	0.4687	0.9712	2.877
194	0.4659	0.9725	2.751
195	0.4676	0.9718	2.824
196	0.4629	0.9741	2.590
197	0.4659	0.9724	2.761
198	0.4670	0.9724	2.756
199	0.4649	0.9729	2.710
200	0.4662	0.9720	2.795
201	0.4668	0.9725	2.747
202	0.4660	0.9724	2.757
203	0.4516	0.9793	2.068
204	0.4695	0.9709	2.913
205	0.4543	0.9782	2.181
206	0.4576	0.9760	2.397
207	0.4656	0.9728	2.717
208	0.4658	0.9724	2.761
209	0.4647	0.9727	2.730
210	0.4633	0.9735	2.655
211	0.4666	0.9724	2.760
212	0.4686	0.9716	2.844
213	0.4599	0.9752	2.478
214	0.4539	0.9776	2.236
215	0.4659	0.9728	2.720
216	0.4649	0.9731	2.685
217	0.4678	0.9714	2.856
218	0.4672	0.9722	2.778
219	0.4672	0.9721	2.789
220	0.4625	0.9742	2.580
221	0.4649	0.9729	2.708
222	0.4619	0.9737	2.625
223	0.4644	0.9732	2.679
224	0.4632	0.9737	2.629
225	0.4530	0.9783	2.174
226	0.4578	0.9757	2.432
227	0.4664	0.9719	2.813
228	0.4605	0.9745	2.546
229	0.4516	0.9789	2.109
230	0.4684	0.9715	2.855
231	0.4622	0.9742	2.576
232	0.4673	0.9719	2.809
233	0.4691	0.9711	2.888
234	0.4645	0.9734	2.659
235	0.4659	0.9726	2.741
236	0.4606	0.9745	2.547
237	0.4675	0.9718	2.816
238	0.4653	0.9731	2.693
239	0.4657	0.9728	2.724
240	0.4666	0.9725	2.753
241	0.4672	0.9720	2.796
242	0.4657	0.9726	2.743
243	0.4676	0.9719	2.813
244	0.4648	0.9732	2.681
245	0.4683	0.9712	2.878
246	0.4610	0.9743	2.572
247	0.4677	0.9718	2.825
248	0.4650	0.9725	2.748
249	0.4594	0.9750	2.497
250	0.4656	0.9726	2.742
251	0.4634	0.9735	2.648
252	0.4608	0.9745	2.551
253	0.4665	0.9727	2.730
254	0.4678	0.9714	2.859
255	0.4658	0.9726	2.740
256	0.4661	0.9728	2.724
257	0.4668	0.9722	2.785
258	0.4668	0.9720	2.798
259	0.4652	0.9725	2.752
260	0.4622	0.9742	2.577
261	0.4680	0.9721	2.788
262	0.4667	0.9722	2.776
263	0.4674	0.9720	2.798
264	0.4514	0.9792	2.085
265	0.4655	0.9730	2.700
266	0.4612	0.9744	2.560
267	0.4614	0.9743	2.568
268	0.4679	0.9721	2.789
269	0.4667	0.9725	2.755
270	0.4663	0.9724	2.760
271	0.4640	0.9732	2.683
272	0.4650	0.9727	2.725
273	0.4555	0.9771	2.289
274	0.4651	0.9727	2.725
275	0.4672	0.9720	2.799
276	0.4683	0.9712	2.875
277	0.4625	0.9737	2.628
278	0.4516	0.9789	2.112
279	0.4665	0.9725	2.748
280	0.4555	0.9771	2.289
281	0.4618	0.9738	2.624
282	0.4671	0.9720	2.796
283	0.4665	0.9727	2.731
284	0.4679	0.9721	2.789
285	0.4655	0.9730	2.702
286	0.4621	0.9742	2.578
287	0.4647	0.9730	2.704
288	0.4609	0.9743	2.573
289	0.4651	0.9725	2.752
290	0.4674	0.9718	2.820
291	0.4656	0.9726	2.742
292	0.4664	0.9724	2.756
293	0.4577	0.9757	2.427
294	0.4592	0.9751	2.493
295	0.4624	0.9744	2.558
296	0.4649	0.9725	2.748
297	0.4516	0.9790	2.102
298	0.4674	0.9720	2.802
299	0.4645	0.9727	2.731
300	0.4537	0.9776	2.235
301	0.4624	0.9737	2.633
302	0.4667	0.9724	2.759
303	0.4654	0.9728	2.716
304	0.4642	0.9732	2.682
305	0.4649	0.9727	2.726
306	0.4682	0.9712	2.878
307	0.4657	0.9724	2.757
308	0.4664	0.9721	2.791
309	0.4655	0.9724	2.756
310	0.4656	0.9726	2.738
311	0.4668	0.9718	2.820
312	0.4497	0.9798	2.017
313	0.4592	0.9750	2.497
314	0.4604	0.9746	2.542
315	0.4651	0.9731	2.692
316	0.4647	0.9732	2.681
317	0.4612	0.9743	2.569
318	0.4621	0.9742	2.579
319	0.4682	0.9712	2.878
320	0.4657	0.9726	2.740
321	0.4666	0.9720	2.797
322	0.4605	0.9746	2.542
323	0.4661	0.9724	2.761
324	0.4638	0.9731	2.686
325	0.4632	0.9735	2.649
326	0.4678	0.9721	2.790
327	0.4659	0.9720	2.796
328	0.4684	0.9716	2.844
329	0.4670	0.9722	2.782
330	0.4621	0.9739	2.613
331	0.4630	0.9735	2.651
332	0.4671	0.9720	2.803
333	0.4638	0.9732	2.684
334	0.4646	0.9728	2.725
335	0.4632	0.9736	2.641
336	0.4682	0.9715	2.854
337	0.4673	0.9719	2.814
338	0.4676	0.9715	2.854
339	0.4667	0.9726	2.741
340	0.4683	0.9713	2.874
341	0.4573	0.9761	2.393
342	0.4630	0.9737	2.627
343	0.4527	0.9782	2.177
344	0.4625	0.9742	2.584
345	0.4664	0.9726	2.744
346	0.4666	0.9722	2.775
347	0.4655	0.9727	2.726
348	0.4540	0.9782	2.181
349	0.4610	0.9744	2.558
350	0.4665	0.9722	2.776
351	0.4650	0.9727	2.725
352	0.4692	0.9709	2.912
353	0.4659	0.9728	2.723
354	0.4656	0.9725	2.747
355	0.4675	0.9715	2.853
356	0.4596	0.9753	2.474
357	0.4608	0.9749	2.513
358	0.4512	0.9791	2.086
359	0.4646	0.9729	2.708
360	0.4669	0.9721	2.787
361	0.4605	0.9745	2.551
362	0.4513	0.9793	2.068
363	0.4661	0.9719	2.815
364	0.4674	0.9718	2.815
365	0.4688	0.9711	2.885
366	0.4666	0.9721	2.785
367	0.4670	0.9720	2.802
368	0.4642	0.9734	2.656
369	0.4612	0.9748	2.521
370	0.4645	0.9731	2.685
371	0.4655	0.9729	2.713
372	0.4656	0.9727	2.734
373	0.4648	0.9731	2.688
374	0.4622	0.9742	2.576
375	0.4675	0.9717	2.826
376	0.4633	0.9735	2.647
377	0.4655	0.9724	2.758
378	0.4652	0.9727	2.728
379	0.4650	0.9731	2.693
380	0.4664	0.9726	2.745
381	0.4655	0.9725	2.748
382	0.4553	0.9771	2.288
383	0.4572	0.9760	2.396
384	0.4655	0.9726	2.740
385	0.4513	0.9793	2.068
386	0.4539	0.9782	2.183
387	0.4673	0.9718	2.816
388	0.4688	0.9712	2.884
389	0.4649	0.9727	2.726
390	0.4633	0.9735	2.649
391	0.4665	0.9722	2.777
392	0.4662	0.9727	2.731
393	0.4665	0.9720	2.797
394	0.4691	0.9709	2.911
395	0.4674	0.9714	2.857
396	0.4665	0.9725	2.754
397	0.4645	0.9731	2.685
398	0.4653	0.9726	2.741
399	0.4631	0.9735	2.650
400	0.4605	0.9745	2.551
401	0.4663	0.9725	2.748
402	0.4661	0.9721	2.791
403	0.4661	0.9724	2.755
404	0.4622	0.9737	2.628
405	0.4611	0.9748	2.517
406	0.4628	0.9738	2.625
407	0.4665	0.9722	2.783
408	0.4669	0.9720	2.798
409	0.4674	0.9718	2.819
410	0.4602	0.9747	2.534
411	0.4655	0.9725	2.752
412	0.4628	0.9735	2.652
413	0.4574	0.9757	2.426
414	0.4637	0.9732	2.684
415	0.4665	0.9722	2.776
416	0.4606	0.9743	2.574
417	0.4630	0.9736	2.638
418	0.4636	0.9731	2.690
419	0.4680	0.9713	2.875
420	0.4603	0.9746	2.543
421	0.4647	0.9728	2.725
422	0.4535	0.9776	2.236
423	0.4645	0.9729	2.708
424	0.4654	0.9724	2.758
425	0.4618	0.9742	2.576
426	0.4651	0.9729	2.714
427	0.4680	0.9715	2.854
428	0.4667	0.9721	2.788
429	0.4614	0.9738	2.621
430	0.4651	0.9727	2.728
431	0.4648	0.9725	2.752
432	0.4653	0.9728	2.724
433	0.4653	0.9724	2.757
434	0.4659	0.9724	2.761
435	0.4513	0.9790	2.102
436	0.4510	0.9791	2.086
437	0.4610	0.9743	2.572
438	0.4681	0.9712	2.875
439	0.4594	0.9752	2.477
440	0.4652	0.9729	2.712
441	0.4644	0.9729	2.712
442	0.4654	0.9728	2.719
443	0.4512	0.9789	2.109
444	0.4621	0.9743	2.566
445	0.4664	0.9724	2.756
446	0.4640	0.9734	2.658
447	0.4619	0.9739	2.612
448	0.4674	0.9714	2.855
449	0.4667	0.9720	2.799
450	0.4657	0.9728	2.722
451	0.4670	0.9718	2.815
452	0.4668	0.9720	2.798
453	0.4589	0.9751	2.493
454	0.4667	0.9722	2.781
455	0.4618	0.9742	2.579
456	0.4620	0.9742	2.576
457	0.4644	0.9732	2.681
458	0.4675	0.9721	2.787
459	0.4664	0.9718	2.817
460	0.4494	0.9798	2.019
461	0.4639	0.9732	2.680
462	0.4656	0.9720	2.796
463	0.4652	0.9726	2.739
464	0.4670	0.9720	2.799
465	0.4654	0.9727	2.735
466	0.4589	0.9750	2.497
467	0.4670	0.9718	2.821
468	0.4681	0.9716	2.843
469	0.4645	0.9725	2.749
470	0.4525	0.9782	2.176
471	0.4643	0.9728	2.723
472	0.4605	0.9749	2.513
473	0.4675	0.9721	2.787
474	0.4641	0.9727	2.729
475	0.4646	0.9731	2.688
476	0.4659	0.9719	2.813
477	0.4678	0.9712	2.878
478	0.4607	0.9744	2.556
479	0.4623	0.9741	2.585
480	0.4670	0.9718	2.820
481	0.4679	0.9712	2.878
482	0.4609	0.9748	2.520
483	0.4601	0.9746	2.544
484	0.4646	0.9731	2.689
485	0.4670	0.9720	2.803
486	0.4647	0.9728	2.725
487	0.4533	0.9776	2.236
488	0.4572	0.9757	2.432
489	0.4672	0.9717	2.825
490	0.4605	0.9749	2.513
491	0.4604	0.9743	2.574
492	0.4663	0.9721	2.787
493	0.4641	0.9727	2.730
494	0.4492	0.9798	2.019
495	0.4667	0.9720	2.800
496	0.4675	0.9721	2.788
497	0.4678	0.9712	2.879
498	0.4668	0.9720	2.804
499	0.4622	0.9741	2.586
500	0.4639	0.9734	2.655
501	0.4635	0.9732	2.683
502	0.4550	0.9771	2.287
503	0.4680	0.9713	2.875
504	0.4666	0.9721	2.789
505	0.4602	0.9745	2.551
506	0.4660	0.9727	2.732
507	0.4645	0.9725	2.749
508	0.4619	0.9742	2.579
509	0.4685	0.9712	2.884
510	0.4672	0.9714	2.857
511	0.4650	0.9729	2.706
512	0.4660	0.9725	2.751
513	0.4593	0.9752	2.477
514	0.4588	0.9751	2.493
515	0.4628	0.9736	2.642
516	0.4663	0.9722	2.778
517	0.4536	0.9782	2.181
518	0.4659	0.9724	2.758
519	0.4678	0.9715	2.853
520	0.4671	0.9714	2.856
521	0.4651	0.9728	2.722
522	0.4688	0.9709	2.912
523	0.4588	0.9750	2.495
524	0.4642	0.9729	2.712
525	0.4642	0.9727	2.725
526	0.4617	0.9739	2.613
527	0.4643	0.9729	2.708
528	0.4656	0.9727	2.726
529	0.4616	0.9742	2.580
530	0.4644	0.9727	2.727
531	0.4511	0.9790	2.102
532	0.4510	0.9789	2.111
533	0.4599	0.9746	2.545
534	0.4626	0.9735	2.653
535	0.4569	0.9760	2.398
536	0.4652	0.9725	2.752
537	0.4612	0.9738	2.622
538	0.4607	0.9743	2.575
539	0.4626	0.9737	2.627
540	0.4642	0.9732	2.681
541	0.4637	0.9732	2.679
542	0.4665	0.9722	2.781
543	0.4653	0.9726	2.740
544	0.4657	0.9718	2.816
545	0.4662	0.9724	2.763
546	0.4663	0.9718	2.822
547	0.4523	0.9783	2.173
548	0.4670	0.9719	2.815
549	0.4649	0.9728	2.718
550	0.4652	0.9728	2.720
551	0.4650	0.9726	2.743
552	0.4656	0.9724	2.763
553	0.4662	0.9725	2.754
554	0.4666	0.9720	2.801
555	0.4668	0.9719	2.815
556	0.4641	0.9732	2.685
557	0.4633	0.9732	2.685
558	0.4650	0.9724	2.757
559	0.4652	0.9726	2.741
560	0.4509	0.9793	2.067
561	0.4508	0.9791	2.087
562	0.4660	0.9725	2.747
563	0.4661	0.9722	2.776
564	0.4679	0.9716	2.843
565	0.4661	0.9720	2.796
566	0.4652	0.9725	2.755
567	0.4648	0.9727	2.728
568	0.4629	0.9735	2.647
569	0.4627	0.9735	2.649
570	0.4673	0.9721	2.788
571	0.4605	0.9744	2.559
572	0.4658	0.9721	2.791
573	0.4651	0.9724	2.755
574	0.4618	0.9745	2.554
575	0.4615	0.9742	2.575
576	0.4649	0.9726	2.742
577	0.4645	0.9725	2.751
578	0.4654	0.9720	2.796
579	0.4645	0.9731	2.692
580	0.4618	0.9737	2.628
581	0.4668	0.9718	2.819
582	0.4643	0.9731	2.689
583	0.4661	0.9726	2.741
584	0.4607	0.9743	2.566
585	0.4624	0.9737	2.628
586	0.4659	0.9726	2.743
587	0.4602	0.9743	2.572
588	0.4632	0.9731	2.688
589	0.4671	0.9715	2.853
590	0.4641	0.9731	2.686
591	0.4614	0.9742	2.576
592	0.4648	0.9729	2.712
593	0.4659	0.9726	2.743
594	0.4664	0.9722	2.779
595	0.4675	0.9712	2.877
596	0.4607	0.9749	2.515
597	0.4548	0.9771	2.290
598	0.4645	0.9731	2.692
599	0.4676	0.9713	2.872
600	0.4633	0.9732	2.684
601	0.4605	0.9744	2.560
602	0.4636	0.9735	2.649
603	0.4669	0.9716	2.844
604	0.4677	0.9713	2.871
605	0.4678	0.9716	2.845
606	0.4522	0.9783	2.173
607	0.4586	0.9751	2.491
608	0.4657	0.9725	2.754
609	0.4661	0.9718	2.816
610	0.4626	0.9736	2.637
611	0.4600	0.9745	2.552
612	0.4664	0.9720	2.800
613	0.4638	0.9727	2.727
614	0.4644	0.9725	2.752
615	0.4651	0.9725	2.753
616	0.4656	0.9719	2.808
617	0.4602	0.9749	2.509
618	0.4657	0.9721	2.789
619	0.4642	0.9725	2.751
620	0.4617	0.9737	2.628
621	0.4654	0.9728	2.722
622	0.4669	0.9718	2.822
623	0.4490	0.9798	2.018
624	0.4650	0.9725	2.746
625	0.4530	0.9777	2.235
626	0.4665	0.9720	2.799
627	0.4659	0.9723	2.774
628	0.4640	0.9732	2.680
629	0.4508	0.9789	2.112
630	0.4644	0.9728	2.725
631	0.4567	0.9761	2.394
632	0.4639	0.9727	2.725
633	0.4617	0.9744	2.557
634	0.4682	0.9712	2.885
635	0.4614	0.9742	2.577
636	0.4598	0.9746	2.542
637	0.4647	0.9730	2.699
638	0.4639	0.9730	2.705
639	0.4649	0.9726	2.738
640	0.4648	0.9727	2.725
641	0.4628	0.9735	2.647
642	0.4672	0.9721	2.789
643	0.4509	0.9790	2.102
644	0.4650	0.9729	2.714
645	0.4654	0.9724	2.758
646	0.4635	0.9732	2.680
647	0.4664	0.9720	2.798
648	0.4648	0.9726	2.742
649	0.4685	0.9709	2.911
650	0.4616	0.9742	2.576
651	0.4675	0.9715	2.853
652	0.4659	0.9720	2.797
653	0.4660	0.9722	2.776
654	0.4590	0.9753	2.474
655	0.4569	0.9757	2.427
656	0.4666	0.9720	2.801
657	0.4610	0.9738	2.623
658	0.4650	0.9726	2.744
659	0.4506	0.9791	2.087
660	0.4625	0.9735	2.647
661	0.4659	0.9724	2.756
662	0.4666	0.9718	2.815
663	0.4507	0.9793	2.067
664	0.4623	0.9735	2.651
665	0.4640	0.9729	2.708
666	0.4585	0.9750	2.496
667	0.4614	0.9739	2.611
668	0.4667	0.9719	2.815
669	0.4659	0.9721	2.785
670	0.4648	0.9724	2.757
671	0.4656	0.9727	2.731
672	0.4533	0.9782	2.181
673	0.4641	0.9727	2.726
674	0.4596	0.9746	2.544
675	0.4652	0.9721	2.794
676	0.4671	0.9720	2.797
677	0.4650	0.9726	2.742
678	0.4649	0.9724	2.759
679	0.4618	0.9741	2.585
680	0.4662	0.9721	2.788
681	0.4645	0.9727	2.727
682	0.4520	0.9782	2.175
683	0.4507	0.9789	2.111
684	0.4676	0.9713	2.872
685	0.4685	0.9709	2.912
686	0.4624	0.9736	2.642
687	0.4642	0.9728	2.724
688	0.4667	0.9714	2.856
689	0.4657	0.9725	2.751
690	0.4656	0.9727	2.730
691	0.4641	0.9731	2.687
692	0.4603	0.9745	2.555
693	0.4676	0.9716	2.843
694	0.4595	0.9746	2.540
695	0.4674	0.9714	2.855
696	0.4649	0.9726	2.743
697	0.4648	0.9724	2.758
698	0.4634	0.9734	2.655
699	0.4584	0.9750	2.497
700	0.4671	0.9721	2.787
701	0.4532	0.9782	2.182
702	0.4659	0.9722	2.778
703	0.4598	0.9745	2.550
704	0.4648	0.9728	2.717
705	0.4665	0.9718	2.822
706	0.4657	0.9726	2.745
707	0.4615	0.9737	2.631
708	0.4622	0.9738	2.625
709	0.4630	0.9732	2.682
710	0.4640	0.9725	2.748
711	0.4505	0.9791	2.087
712	0.4647	0.9726	2.743
713	0.4655	0.9721	2.791
714	0.4617	0.9742	2.584
715	0.4612	0.9742	2.576
716	0.4674	0.9712	2.878
717	0.4658	0.9725	2.755
718	0.4681	0.9712	2.885
719	0.4638	0.9732	2.684
720	0.4648	0.9725	2.747
721	0.4637	0.9728	2.725
722	0.4653	0.9724	2.757
723	0.4615	0.9744	2.556
724	0.4668	0.9715	2.854
725	0.4646	0.9724	2.758
726	0.4567	0.9758	2.425
727	0.4636	0.9727	2.729
728	0.4644	0.9727	2.728
729	0.4626	0.9735	2.647
730	0.4646	0.9726	2.740
731	0.4588	0.9753	2.475
732	0.4648	0.9727	2.734
733	0.4629	0.9731	2.687
734	0.4596	0.9746	2.544
735	0.4658	0.9720	2.796
736	0.4654	0.9724	2.756
737	0.4633	0.9732	2.678
738	0.4644	0.9729	2.712
739	0.4651	0.9728	2.723
740	0.4640	0.9728	2.723
741	0.4669	0.9721	2.786
742	0.4614	0.9742	2.577
743	0.4583	0.9751	2.493
744	0.4637	0.9730	2.704
745	0.4621	0.9735	2.651
746	0.4528	0.9777	2.235
747	0.4646	0.9727	2.726
748	0.4660	0.9721	2.787
749	0.4658	0.9722	2.784
750	0.4661	0.9722	2.781
751	0.4667	0.9718	2.824
752	0.4653	0.9719	2.811
753	0.4642	0.9731	2.693
754	0.4662	0.9720	2.799
755	0.4505	0.9793	2.068
756	0.4648	0.9725	2.754
757	0.4664	0.9720	2.799
758	0.4657	0.9723	2.775
759	0.4506	0.9790	2.102
760	0.4612	0.9739	2.611
761	0.4564	0.9760	2.395
762	0.4650	0.9720	2.796
763	0.4662	0.9720	2.801
764	0.4672	0.9712	2.876
765	0.4637	0.9732	2.681
766	0.4663	0.9719	2.814
767	0.4611	0.9742	2.576
768	0.4598	0.9743	2.572
769	0.4637	0.9729	2.707
770	0.4603	0.9743	2.567
771	0.4665	0.9719	2.813
772	0.4599	0.9749	2.515
773	0.4658	0.9718	2.821
774	0.4644	0.9730	2.702
775	0.4641	0.9725	2.751
776	0.4603	0.9748	2.520
777	0.4544	0.9771	2.287
778	0.4657	0.9726	2.743
779	0.4623	0.9735	2.649
780	0.4487	0.9798	2.018
781	0.4660	0.9720	2.796
782	0.4607	0.9738	2.621
783	0.4661	0.9720	2.804
784	0.4663	0.9720	2.801
785	0.4643	0.9729	2.715
786	0.4645	0.9726	2.743
787	0.4646	0.9724	2.759
788	0.4657	0.9722	2.779
789	0.4636	0.9728	2.723
790	0.4644	0.9730	2.704
791	0.4659	0.9721	2.787
792	0.4636	0.9729	2.706
793	0.4674	0.9716	2.844
794	0.4665	0.9715	2.853
795	0.4486	0.9798	2.017
796	0.4646	0.9729	2.712
797	0.4611	0.9739	2.611
798	0.4645	0.9726	2.739
799	0.4653	0.9721	2.790
800	0.4607	0.9738	2.622
801	0.4654	0.9725	2.748
802	0.4666	0.9718	2.823
803	0.4530	0.9782	2.181
804	0.4646	0.9725	2.748
805	0.4627	0.9732	2.683
806	0.4632	0.9734	2.656
807	0.4638	0.9725	2.749
808	0.4504	0.9789	2.110
809	0.4586	0.9752	2.478
810	0.4651	0.9724	2.763
811	0.4656	0.9720	2.801
812	0.4673	0.9713	2.872
813	0.4622	0.9735	2.650
814	0.4649	0.9721	2.795
815	0.4610	0.9742	2.578
816	0.4640	0.9728	2.723
817	0.4526	0.9776	2.235
818	0.4668	0.9720	2.795
819	0.4656	0.9724	2.758
820	0.4659	0.9722	2.778
821	0.4597	0.9743	2.571
822	0.4663	0.9718	2.819
823	0.4619	0.9737	2.627
824	0.4656	0.9726	2.743
825	0.4621	0.9736	2.640
826	0.4598	0.9749	2.514
827	0.4565	0.9757	2.427
828	0.4642	0.9727	2.727
829	0.4613	0.9737	2.632
830	0.4593	0.9746	2.542
831	0.4644	0.9724	2.759
832	0.4543	0.9771	2.288
833	0.4615	0.9741	2.586
834	0.4660	0.9720	2.802
835	0.4600	0.9745	2.555
836	0.4670	0.9712	2.879
837	0.4563	0.9761	2.393
838	0.4644	0.9728	2.723
839	0.4668	0.9721	2.789
840	0.4516	0.9783	2.173
841	0.4653	0.9727	2.733
842	0.4678	0.9712	2.884
843	0.4502	0.9791	2.087
844	0.4649	0.9727	2.726
845	0.4595	0.9745	2.550
846	0.4656	0.9721	2.787
847	0.4633	0.9727	2.730
848	0.4640	0.9731	2.695
849	0.4659	0.9720	2.797
850	0.4654	0.9726	2.745
851	0.4581	0.9750	2.497
852	0.4635	0.9732	2.681
853	0.4652	0.9724	2.756
854	0.4504	0.9790	2.101
855	0.4601	0.9748	2.518
856	0.4663	0.9719	2.813
857	0.4611	0.9742	2.576
858	0.4671	0.9715	2.853
859	0.4645	0.9726	2.740
860	0.4646	0.9727	2.733
861	0.4619	0.9735	2.650
862	0.4608	0.9742	2.575
863	0.4656	0.9718	2.816
864	0.4612	0.9745	2.553
865	0.4630	0.9732	2.676
866	0.4645	0.9725	2.749
867	0.4637	0.9731	2.688
868	0.4635	0.9731	2.687
869	0.4623	0.9736	2.645
870	0.4654	0.9722	2.777
871	0.4681	0.9709	2.911
872	0.4639	0.9725	2.749
873	0.4593	0.9746	2.542
874	0.4502	0.9793	2.067
875	0.4635	0.9729	2.708
876	0.4627	0.9732	2.681
877	0.4650	0.9719	2.811
878	0.4664	0.9714	2.855
879	0.4600	0.9743	2.568
880	0.4580	0.9751	2.492
881	0.4670	0.9712	2.877
882	0.4661	0.9718	2.815
883	0.4637	0.9728	2.723
884	0.4655	0.9726	2.743
885	0.4599	0.9744	2.559
886	0.4650	0.9719	2.812
887	0.4654	0.9725	2.753
888	0.4626	0.9732	2.681
889	0.4645	0.9727	2.733
890	0.4654	0.9723	2.774
891	0.4649	0.9724	2.759
892	0.4670	0.9715	2.854
893	0.4562	0.9761	2.394
894	0.4596	0.9743	2.572
895	0.4643	0.9726	2.742
896	0.4644	0.9725	2.746
897	0.4604	0.9738	2.621
898	0.4643	0.9726	2.739
899	0.4671	0.9713	2.872
900	0.4642	0.9730	2.702
901	0.4643	0.9727	2.727
902	0.4644	0.9724	2.759
903	0.4637	0.9731	2.687
904	0.4524	0.9777	2.235
905	0.4638	0.9728	2.722
906	0.4618	0.9735	2.651
907	0.4660	0.9720	2.801
908	0.4503	0.9790	2.102
909	0.4677	0.9711	2.887
910	0.4648	0.9728	2.725
911	0.4620	0.9735	2.648
912	0.4625	0.9732	2.683
913	0.4608	0.9742	2.579
914	0.4622	0.9735	2.649
915	0.4654	0.9721	2.786
916	0.4600	0.9748	2.522
917	0.4665	0.9721	2.792
918	0.4611	0.9737	2.628
919	0.4611	0.9744	2.557
920	0.4658	0.9720	2.801
921	0.4484	0.9798	2.017
922	0.4592	0.9745	2.546
923	0.4636	0.9728	2.724
924	0.4660	0.9719	2.815
925	0.4671	0.9716	2.843
926	0.4632	0.9727	2.730
927	0.4651	0.9725	2.748
928	0.4584	0.9753	2.474
929	0.4657	0.9720	2.796
930	0.4643	0.9729	2.714
931	0.4637	0.9725	2.752
932	0.4652	0.9725	2.746
933	0.4634	0.9729	2.705
934	0.4656	0.9722	2.785
935	0.4501	0.9793	2.067
936	0.4617	0.9738	2.624
937	0.4650	0.9724	2.756
938	0.4643	0.9726	2.740
939	0.4563	0.9757	2.426
940	0.4629	0.9732	2.679
941	0.4660	0.9718	2.818
942	0.4679	0.9709	2.911
943	0.4633	0.9727	2.725
944	0.4662	0.9718	2.823
945	0.4658	0.9720	2.797
946	0.4668	0.9712	2.877
947	0.4653	0.9720	2.796
948	0.4578	0.9751	2.492
949	0.4653	0.9723	2.774
950	0.4637	0.9731	2.691
951	0.4595	0.9749	2.509
952	0.4599	0.9743	2.568
953	0.4501	0.9789	2.110
954	0.4654	0.9718	2.820
955	0.4663	0.9715	2.855
956	0.4642	0.9725	2.754
957	0.4640	0.9729	2.711
958	0.4650	0.9721	2.788
959	0.4662	0.9715	2.848
960	0.4514	0.9783	2.175
961	0.4612	0.9742	2.585
962	0.4650	0.9727	2.730
963	0.4590	0.9746	2.535
964	0.4629	0.9735	2.653
965	0.4632	0.9730	2.704
966	0.4645	0.9720	2.796
967	0.4606	0.9742	2.576
968	0.4527	0.9782	2.179
969	0.4635	0.9725	2.749
970	0.4618	0.9736	2.641
971	0.4668	0.9712	2.877
972	0.4661	0.9719	2.813
973	0.4632	0.9732	2.684
974	0.4633	0.9732	2.679
975	0.4656	0.9722	2.780
976	0.4578	0.9750	2.496
977	0.4540	0.9771	2.287
978	0.4592	0.9745	2.551
979	0.4609	0.9742	2.579
980	0.4499	0.9791	2.087
981	0.4665	0.9721	2.785
982	0.4607	0.9739	2.611
983	0.4639	0.9727	2.726
984	0.4643	0.9724	2.758
985	0.4641	0.9724	2.758
986	0.4597	0.9744	2.556
987	0.4661	0.9715	2.854
988	0.4559	0.9761	2.393
989	0.4668	0.9712	2.877
990	0.4636	0.9728	2.722
991	0.4669	0.9713	2.870
992	0.4639	0.9728	2.716
993	0.4608	0.9742	2.578
994	0.4662	0.9714	2.855
995	0.4482	0.9798	2.019
996	0.4624	0.9732	2.680
997	0.4656	0.9720	2.797
998	0.4499	0.9793	2.067
999	0.4561	0.9757	2.429
1000	0.4577	0.9750	2.496
1001	0.4655	0.9722	2.779
1002	0.4632	0.9729	2.707
1003	0.4653	0.9718	2.822
1004	0.4674	0.9711	2.887
1005	0.4637	0.9731	2.692
1006	0.4650	0.9725	2.752
1007	0.4642	0.9725	2.748
1008	0.4652	0.9724	2.756
1009	0.4642	0.9729	2.713
1010	0.4628	0.9735	2.654
1011	0.4656	0.9720	2.801
1012	0.4652	0.9726	2.742
1013	0.4652	0.9722	2.776
1014	0.4539	0.9771	2.287
1015	0.4648	0.9724	2.756
1016	0.4642	0.9724	2.757
1017	0.4644	0.9720	2.796
1018	0.4656	0.9720	2.797
1019	0.4594	0.9749	2.511
1020	0.4617	0.9736	2.640
1021	0.4659	0.9718	2.820
1022	0.4664	0.9721	2.789
1023	0.4522	0.9777	2.234
1024	0.4640	0.9727	2.726
1025	0.4634	0.9725	2.749
1026	0.4658	0.9718	2.815
1027	0.4646	0.9724	2.757
1028	0.4602	0.9738	2.622
1029	0.4661	0.9718	2.824
1030	0.4615	0.9735	2.651
1031	0.4649	0.9727	2.732
1032	0.4666	0.9712	2.876
1033	0.4632	0.9732	2.681
1034	0.4642	0.9727	2.734
1035	0.4629	0.9727	2.730
1036	0.4640	0.9726	2.740
1037	0.4658	0.9720	2.799
1038	0.4617	0.9735	2.649
1039	0.4634	0.9731	2.686
1040	0.4576	0.9751	2.492
1041	0.4593	0.9743	2.570
1042	0.4610	0.9742	2.584
1043	0.4641	0.9726	2.741
1044	0.4645	0.9728	2.723
1045	0.4608	0.9737	2.628
1046	0.4635	0.9725	2.751
1047	0.4638	0.9730	2.702
1048	0.4588	0.9746	2.538
1049	0.4641	0.9725	2.753
1050	0.4647	0.9719	2.811
1051	0.4654	0.9721	2.786
1052	0.4640	0.9726	2.739
1053	0.4581	0.9753	2.475
1054	0.4648	0.9721	2.790
1055	0.4633	0.9728	2.723
1056	0.4499	0.9789	2.110
1057	0.4631	0.9732	2.684
1058	0.4614	0.9738	2.625
1059	0.4650	0.9723	2.773
1060	0.4659	0.9719	2.813
1061	0.4649	0.9725	2.746
1062	0.4608	0.9745	2.554
1063	0.4662	0.9721	2.785
1064	0.4668	0.9715	2.845
1065	0.4605	0.9743	2.573
1066	0.4525	0.9782	2.177
1067	0.4597	0.9748	2.517
1068	0.4637	0.9727	2.729
1069	0.4630	0.9728	2.725
1070	0.4619	0.9735	2.647
1071	0.4630	0.9730	2.705
1072	0.4596	0.9744	2.565
1073	0.4500	0.9790	2.100
1074	0.4605	0.9739	2.611
1075	0.4676	0.9709	2.910
1076	0.4666	0.9715	2.854
1077	0.4650	0.9720	2.797
1078	0.4626	0.9732	2.679
1079	0.4588	0.9745	2.546
1080	0.4622	0.9732	2.684
1081	0.4590	0.9745	2.550
1082	0.4650	0.9721	2.785
1083	0.4497	0.9791	2.087
1084	0.4604	0.9742	2.575
1085	0.4511	0.9783	2.172
1086	0.4641	0.9726	2.743
1087	0.4559	0.9757	2.427
1088	0.4641	0.9724	2.758
1089	0.4621	0.9732	2.683
1090	0.4651	0.9722	2.777
1091	0.4650	0.9721	2.785
1092	0.4557	0.9761	2.392
1093	0.4637	0.9728	2.725
1094	0.4498	0.9789	2.108
1095	0.4637	0.9728	2.716
1096	0.4604	0.9742	2.577
1097	0.4480	0.9798	2.017
1098	0.4614	0.9737	2.629
1099	0.4653	0.9721	2.789
1100	0.4606	0.9742	2.580
1101	0.4662	0.9721	2.787
1102	0.4496	0.9791	2.086
1103	0.4537	0.9771	2.288
1104	0.4650	0.9725	2.754
1105	0.4645	0.9719	2.815
1106	0.4630	0.9732	2.684
1107	0.4575	0.9751	2.491
1108	0.4607	0.9744	2.563
1109	0.4646	0.9724	2.757
1110	0.4638	0.9724	2.759
1111	0.4648	0.9725	2.746
1112	0.4644	0.9724	2.759
1113	0.4658	0.9719	2.813
1114	0.4646	0.9721	2.789
1115	0.4654	0.9720	2.800
1116	0.4630	0.9729	2.708
1117	0.4594	0.9744	2.558
1118	0.4643	0.9728	2.723
1119	0.4596	0.9748	2.516
1120	0.4625	0.9732	2.677
1121	0.4656	0.9720	2.799
1122	0.4647	0.9725	2.747
1123	0.4589	0.9745	2.549
1124	0.4656	0.9719	2.812
1125	0.4638	0.9726	2.737
1126	0.4642	0.9720	2.796
1127	0.4654	0.9720	2.796
1128	0.4625	0.9735	2.651
1129	0.4615	0.9736	2.638
1130	0.4606	0.9737	2.628
1131	0.4499	0.9790	2.101
1132	0.4586	0.9746	2.539
1133	0.4650	0.9718	2.820
1134	0.4639	0.9729	2.712
1135	0.4627	0.9727	2.730
1136	0.4656	0.9718	2.819
1137	0.4639	0.9726	2.743
1138	0.4510	0.9782	2.175
1139	0.4633	0.9728	2.725
1140	0.4665	0.9714	2.855
1141	0.4652	0.9720	2.796
1142	0.4646	0.9727	2.730
1143	0.4604	0.9739	2.611
1144	0.4633	0.9731	2.692
1145	0.4648	0.9725	2.753
1146	0.4629	0.9731	2.686
1147	0.4649	0.9720	2.796
1148	0.4595	0.9744	2.563
1149	0.4603	0.9743	2.574
1150	0.4636	0.9730	2.696
1151	0.4659	0.9715	2.853
1152	0.4648	0.9722	2.776
1153	0.4657	0.9715	2.845
1154	0.4621	0.9732	2.684
1155	0.4633	0.9725	2.751
1156	0.4660	0.9721	2.786
1157	0.4599	0.9738	2.620
1158	0.4519	0.9777	2.234
1159	0.4637	0.9727	2.726
1160	0.4663	0.9713	2.874
1161	0.4579	0.9753	2.474
1162	0.4631	0.9732	2.685
1163	0.4652	0.9722	2.778
1164	0.4631	0.9725	2.749
1165	0.4617	0.9735	2.647
1166	0.4587	0.9745	2.546
1167	0.4496	0.9793	2.065
1168	0.4671	0.9712	2.885
1169	0.4608	0.9741	2.587
1170	0.4522	0.9782	2.181
1171	0.4614	0.9735	2.651
1172	0.4664	0.9712	2.877
1173	0.4631	0.9728	2.724
1174	0.4612	0.9735	2.653
1175	0.4590	0.9749	2.513
1176	0.4674	0.9709	2.911
1177	0.4658	0.9718	2.823
1178	0.4590	0.9743	2.572
1179	0.4637	0.9726	2.744
1180	0.4639	0.9726	2.739
1181	0.4666	0.9716	2.844
1182	0.4665	0.9713	2.870
1183	0.4574	0.9750	2.497
1184	0.4638	0.9724	2.759
1185	0.4627	0.9728	2.723
1186	0.4627	0.9729	2.709
1187	0.4660	0.9720	2.796
1188	0.4632	0.9725	2.749
1189	0.4645	0.9724	2.757
1190	0.4651	0.9722	2.778
1191	0.4604	0.9742	2.576
1192	0.4555	0.9761	2.393
1193	0.4670	0.9712	2.884
1194	0.4651	0.9721	2.786
1195	0.4494	0.9791	2.087
1196	0.4603	0.9739	2.611
1197	0.4627	0.9729	2.709
1198	0.4605	0.9737	2.632
1199	0.4587	0.9745	2.549
1200	0.4630	0.9728	2.723
1201	0.4638	0.9724	2.758
1202	0.4592	0.9745	2.553
1203	0.4626	0.9727	2.731
1204	0.4652	0.9720	2.800
1205	0.4636	0.9724	2.759
1206	0.4636	0.9726	2.742
1207	0.4652	0.9720	2.803
1208	0.4589	0.9743	2.570
1209	0.4648	0.9718	2.821
1210	0.4616	0.9735	2.647
1211	0.4637	0.9725	2.747
1212	0.4509	0.9783	2.173
1213	0.4634	0.9727	2.725
1214	0.4630	0.9731	2.689
1215	0.4663	0.9715	2.853
1216	0.4636	0.9726	2.743
1217	0.4642	0.9724	2.759
1218	0.4647	0.9723	2.774
1219	0.4655	0.9719	2.815
1220	0.4623	0.9732	2.677
1221	0.4619	0.9732	2.682
1222	0.4640	0.9720	2.796
1223	0.4656	0.9715	2.854
1224	0.4654	0.9718	2.816
1225	0.4613	0.9735	2.649
1226	0.4644	0.9721	2.787
1227	0.4647	0.9725	2.754
1228	0.4578	0.9753	2.473
1229	0.4664	0.9716	2.842
1230	0.4517	0.9777	2.233
1231	0.4657	0.9715	2.855
1232	0.4613	0.9736	2.639
1233	0.4593	0.9743	2.567
1234	0.4606	0.9742	2.584
1235	0.4647	0.9722	2.784
1236	0.4635	0.9727	2.726
1237	0.4534	0.9771	2.287
1238	0.4627	0.9729	2.706
1239	0.4659	0.9721	2.786
1240	0.4654	0.9718	2.819
1241	0.4673	0.9709	2.911
1242	0.4640	0.9728	2.722
1243	0.4647	0.9726	2.743
1244	0.4637	0.9727	2.733
1245	0.4627	0.9732	2.678
1246	0.4645	0.9725	2.745
1247	0.4495	0.9789	2.111
1248	0.4650	0.9720	2.796
1249	0.4477	0.9798	2.018
1250	0.4647	0.9720	2.797
1251	0.4572	0.9751	2.491
1252	0.4653	0.9720	2.799
1253	0.4619	0.9732	2.680
1254	0.4662	0.9712	2.878
1255	0.4642	0.9719	2.812
1256	0.4644	0.9727	2.730
1257	0.4622	0.9735	2.651
1258	0.4637	0.9725	2.752
1259	0.4631	0.9731	2.691
1260	0.4556	0.9758	2.424
1261	0.4645	0.9725	2.745
1262	0.4589	0.9749	2.509
1263	0.4610	0.9737	2.626
1264	0.4626	0.9728	2.722
1265	0.4628	0.9725	2.748
1266	0.4636	0.9726	2.740
1267	0.4663	0.9713	2.870
1268	0.4634	0.9730	2.698
1269	0.4521	0.9782	2.179
1270	0.4600	0.9743	2.575
1271	0.4600	0.9742	2.576
1272	0.4626	0.9732	2.683
1273	0.4633	0.9729	2.711
1274	0.4610	0.9735	2.651
1275	0.4655	0.9718	2.822
1276	0.4495	0.9790	2.099
1277	0.4630	0.9728	2.725
1278	0.4584	0.9745	2.546
1279	0.4583	0.9746	2.540
1280	0.4636	0.9728	2.716
1281	0.4596	0.9738	2.621
1282	0.4592	0.9748	2.521
1283	0.4661	0.9712	2.877
1284	0.4572	0.9750	2.496
1285	0.4603	0.9744	2.559
1286	0.4493	0.9793	2.065
1287	0.4646	0.9722	2.777
1288	0.4654	0.9719	2.814
1289	0.4639	0.9721	2.795
1290	0.4626	0.9732	2.682
1291	0.4628	0.9731	2.686
1292	0.4476	0.9798	2.018
1293	0.4555	0.9757	2.427
1294	0.4571	0.9750	2.496
1295	0.4614	0.9735	2.649
1296	0.4611	0.9736	2.643
1297	0.4644	0.9725	2.747
1298	0.4652	0.9718	2.816
1299	0.4635	0.9724	2.757
1300	0.4649	0.9722	2.775
1301	0.4632	0.9727	2.726
1302	0.4646	0.9722	2.776
1303	0.4652	0.9720	2.800
1304	0.4609	0.9737	2.626
1305	0.4596	0.9738	2.621
1306	0.4643	0.9727	2.730
1307	0.4661	0.9715	2.854
1308	0.4621	0.9732	2.678
1309	0.4493	0.9789	2.111
1310	0.4634	0.9726	2.741
1311	0.4587	0.9743	2.570
1312	0.4663	0.9716	2.843
1313	0.4668	0.9712	2.884
1314	0.4657	0.9721	2.790
1315	0.4636	0.9725	2.752
1316	0.4600	0.9739	2.613
1317	0.4604	0.9742	2.584
1318	0.4585	0.9745	2.550
1319	0.4671	0.9709	2.910
1320	0.4617	0.9732	2.680
1321	0.4506	0.9783	2.174
1322	0.4625	0.9732	2.684
1323	0.4599	0.9742	2.579
1324	0.4639	0.9728	2.721
1325	0.4575	0.9753	2.475
1326	0.4649	0.9720	2.797
1327	0.4589	0.9744	2.557
1328	0.4494	0.9790	2.100
1329	0.4582	0.9746	2.541
1330	0.4650	0.9720	2.805
1331	0.4624	0.9728	2.723
1332	0.4491	0.9791	2.086
1333	0.4652	0.9718	2.823
1334	0.4645	0.9725	2.751
1335	0.4598	0.9743	2.574
1336	0.4602	0.9744	2.559
1337	0.4632	0.9730	2.703
1338	0.4641	0.9721	2.788
1339	0.4654	0.9718	2.823
1340	0.4627	0.9728	2.723
1341	0.4608	0.9735	2.652
1342	0.4519	0.9782	2.179
1343	0.4645	0.9722	2.783
1344	0.4635	0.9725	2.747
1345	0.4624	0.9729	2.706
1346	0.4662	0.9713	2.870
1347	0.4641	0.9725	2.754
1348	0.4583	0.9745	2.546
1349	0.4633	0.9724	2.756
1350	0.4644	0.9723	2.774
1351	0.4633	0.9726	2.741
1352	0.4552	0.9761	2.393
1353	0.4633	0.9727	2.726
1354	0.4628	0.9728	2.721
1355	0.4639	0.9724	2.759
1356	0.4625	0.9730	2.705
1357	0.4635	0.9726	2.737
1358	0.4616	0.9732	2.683
1359	0.4610	0.9735	2.646
1360	0.4620	0.9735	2.652
1361	0.4628	0.9725	2.751
1362	0.4601	0.9737	2.629
1363	0.4626	0.9725	2.750
1364	0.4642	0.9725	2.748
1365	0.4569	0.9751	2.491
1366	0.4600	0.9742	2.577
1367	0.4644	0.9724	2.756
1368	0.4649	0.9720	2.801
1369	0.4586	0.9749	2.513
1370	0.4656	0.9721	2.786
1371	0.4660	0.9712	2.876
1372	0.4647	0.9722	2.784
1373	0.4590	0.9749	2.515
1374	0.4631	0.9729	2.710
1375	0.4514	0.9777	2.231
1376	0.4644	0.9720	2.796
1377	0.4654	0.9715	2.853
1378	0.4634	0.9726	2.739
1379	0.4531	0.9771	2.287
1380	0.4645	0.9718	2.820
1381	0.4653	0.9715	2.855
1382	0.4639	0.9719	2.810
1383	0.4628	0.9731	2.693
1384	0.4491	0.9793	2.066
1385	0.4622	0.9727	2.730
1386	0.4634	0.9729	2.712
1387	0.4658	0.9713	2.875
1388	0.4590	0.9743	2.566
1389	0.4505	0.9783	2.174
1390	0.4644	0.9720	2.799
1391	0.4491	0.9793	2.066
1392	0.4601	0.9737	2.630
1393	0.4647	0.9720	2.798
1394	0.4652	0.9715	2.855
1395	0.4634	0.9726	2.743
1396	0.4644	0.9726	2.744
1397	0.4648	0.9720	2.801
1398	0.4626	0.9725	2.750
1399	0.4632	0.9728	2.725
1400	0.4631	0.9730	2.702
1401	0.4656	0.9721	2.787
1402	0.4626	0.9732	2.685
1403	0.4624	0.9732	2.683
1404	0.4627	0.9725	2.752
1405	0.4637	0.9728	2.722
1406	0.4553	0.9757	2.426
1407	0.4551	0.9761	2.393
1408	0.4492	0.9790	2.100
1409	0.4609	0.9736	2.642
1410	0.4473	0.9798	2.016
1411	0.4641	0.9725	2.754
1412	0.4661	0.9716	2.845
1413	0.4623	0.9732	2.684
1414	0.4632	0.9725	2.745
1415	0.4615	0.9732	2.681
1416	0.4568	0.9751	2.490
1417	0.4614	0.9732	2.684
1418	0.4513	0.9776	2.235
1419	0.4633	0.9725	2.750
1420	0.4642	0.9725	2.746
1421	0.4599	0.9742	2.578
1422	0.4638	0.9724	2.761
1423	0.4651	0.9719	2.813
1424	0.4516	0.9782	2.181
1425	0.4640	0.9721	2.789
1426	0.4584	0.9743	2.572
1427	0.4585	0.9749	2.515
1428	0.4650	0.9718	2.823
1429	0.4491	0.9789	2.107
1430	0.4618	0.9732	2.679
1431	0.4646	0.9722	2.779
1432	0.4588	0.9743	2.570
1433	0.4607	0.9737	2.630
1434	0.4633	0.9724	2.761
1435	0.4597	0.9739	2.610
1436	0.4602	0.9741	2.588
1437	0.4611	0.9735	2.651
1438	0.4622	0.9728	2.725
1439	0.4647	0.9720	2.800
1440	0.4643	0.9722	2.777
1441	0.4627	0.9731	2.692
1442	0.4489	0.9792	2.085
1443	0.4643	0.9721	2.786
1444	0.4606	0.9735	2.652
1445	0.4633	0.9726	2.738
1446	0.4665	0.9712	2.884
1447	0.4622	0.9729	2.709
1448	0.4629	0.9728	2.725
1449	0.4658	0.9715	2.854
1450	0.4568	0.9750	2.497
1451	0.4659	0.9713	2.870
1452	0.4652	0.9715	2.853
1453	0.4652	0.9718	2.823
1454	0.4642	0.9723	2.774
1455	0.4580	0.9746	2.545
1456	0.4649	0.9720	2.801
1457	0.4645	0.9721	2.786
1458	0.4638	0.9719	2.813
1459	0.4579	0.9746	2.541
1460	0.4599	0.9744	2.563
1461	0.4572	0.9752	2.475
1462	0.4596	0.9742	2.577
1463	0.4654	0.9720	2.795
1464	0.4642	0.9724	2.756
1465	0.4668	0.9709	2.911
1466	0.4632	0.9729	2.712
1467	0.4639	0.9727	2.730
1468	0.4624	0.9728	2.724
1469	0.4622	0.9729	2.705
1470	0.4635	0.9720	2.795
1471	0.4643	0.9718	2.821
1472	0.4632	0.9725	2.752
1473	0.4618	0.9735	2.651
1474	0.4657	0.9713	2.871
1475	0.4588	0.9749	2.515
1476	0.4595	0.9742	2.576
1477	0.4581	0.9745	2.549
1478	0.4608	0.9735	2.649
1479	0.4529	0.9771	2.289
1480	0.4630	0.9724	2.757
1481	0.4620	0.9727	2.726
1482	0.4628	0.9729	2.710
1483	0.4630	0.9726	2.737
1484	0.4625	0.9728	2.722
1485	0.4638	0.9725	2.754
1486	0.4586	0.9744	2.558
1487	0.4648	0.9719	2.809
1488	0.4656	0.9712	2.875
1489	0.4592	0.9738	2.621
1490	0.4529	0.9771	2.289
1491	0.4617	0.9735	2.651
1492	0.4580	0.9746	2.540
1493	0.4624	0.9728	2.721
1494	0.4642	0.9723	2.774
1495	0.4658	0.9713	2.868
1496	0.4583	0.9743	2.572
1497	0.4598	0.9737	2.629
1498	0.4626	0.9731	2.690
1499	0.4596	0.9739	2.610
1500	0.4664	0.9712	2.883
1501	0.4667	0.9709	2.909
1502	0.4639	0.9727	2.731
1503	0.4631	0.9725	2.745
1504	0.4620	0.9730	2.702
1505	0.4634	0.9721	2.795
1506	0.4595	0.9743	2.572
1507	0.4617	0.9733	2.674
1508	0.4609	0.9735	2.646
1509	0.4650	0.9715	2.845
1510	0.4488	0.9792	2.085
1511	0.4647	0.9719	2.813
1512	0.4644	0.9720	2.795
1513	0.4651	0.9715	2.853
1514	0.4550	0.9758	2.423
1515	0.4591	0.9738	2.618
1516	0.4502	0.9783	2.174
1517	0.4597	0.9742	2.575
1518	0.4653	0.9721	2.786
1519	0.4632	0.9727	2.733
1520	0.4648	0.9718	2.817
1521	0.4644	0.9722	2.783
1522	0.4490	0.9790	2.098
1523	0.4631	0.9726	2.740
1524	0.4639	0.9725	2.746
1525	0.4598	0.9745	2.551
1526	0.4623	0.9725	2.746
1527	0.4641	0.9720	2.795
1528	0.4489	0.9789	2.112
1529	0.4653	0.9721	2.787
1530	0.4515	0.9782	2.179
1531	0.4627	0.9729	2.713
1532	0.4548	0.9761	2.392
1533	0.4629	0.9728	2.724
1534	0.4655	0.9712	2.877
1535	0.4613	0.9732	2.680
1536	0.4650	0.9718	2.822
1537	0.4566	0.9750	2.497
1538	0.4620	0.9732	2.684
1539	0.4631	0.9728	2.717
1540	0.4656	0.9715	2.854
1541	0.4606	0.9736	2.640
1542	0.4631	0.9724	2.756
1543	0.4638	0.9725	2.748
1544	0.4656	0.9712	2.878
1545	0.4640	0.9722	2.784
1546	0.4629	0.9726	2.741
1547	0.4630	0.9724	2.757
1548	0.4634	0.9728	2.719
1549	0.4599	0.9742	2.584
1550	0.4582	0.9749	2.513
1551	0.4580	0.9745	2.549
1552	0.4637	0.9721	2.786
1553	0.4643	0.9722	2.779
1554	0.4488	0.9793	2.066
1555	0.4628	0.9730	2.702
1556	0.4627	0.9727	2.726
1557	0.4586	0.9748	2.517
1558	0.4644	0.9720	2.797
1559	0.4604	0.9737	2.625
1560	0.4641	0.9719	2.815
1561	0.4565	0.9751	2.492
1562	0.4646	0.9720	2.798
1563	0.4470	0.9798	2.017
1564	0.4637	0.9725	2.754
1565	0.4629	0.9726	2.737
1566	0.4657	0.9716	2.841
1567	0.4510	0.9777	2.231
1568	0.4640	0.9726	2.743
1569	0.4648	0.9719	2.810
1570	0.4618	0.9727	2.728
1571	0.4628	0.9724	2.756
1572	0.4603	0.9735	2.648
1573	0.4570	0.9753	2.474
1574	0.4586	0.9744	2.565
1575	0.4635	0.9719	2.810
1576	0.4606	0.9735	2.647
1577	0.4623	0.9728	2.723
1578	0.4634	0.9725	2.754
1579	0.4619	0.9728	2.720
1580	0.4620	0.9730	2.705
1581	0.4623	0.9725	2.751
1582	0.4639	0.9723	2.774
1583	0.4622	0.9732	2.685
1584	0.4593	0.9743	2.573
1585	0.4639	0.9725	2.754
1586	0.4584	0.9745	2.555
1587	0.4576	0.9746	2.536
1588	0.4611	0.9732	2.683
1589	0.4644	0.9720	2.800
1590	0.4620	0.9732	2.681
1591	0.4646	0.9718	2.818
1592	0.4626	0.9729	2.712
1593	0.4549	0.9758	2.425
1594	0.4639	0.9723	2.774
1595	0.4593	0.9743	2.573
1596	0.4640	0.9722	2.776
1597	0.4577	0.9746	2.543
1598	0.4636	0.9724	2.756
1599	0.4646	0.9720	2.798
1600	0.4619	0.9732	2.683
1601	0.4622	0.9731	2.685
1602	0.4596	0.9745	2.554
1603	0.4618	0.9728	2.721
1604	0.4656	0.9713	2.868
1605	0.4500	0.9783	2.175
1606	0.4569	0.9752	2.475
1607	0.4564	0.9751	2.491
1608	0.4640	0.9718	2.821
1609	0.4488	0.9790	2.099
1610	0.4627	0.9726	2.743
1611	0.4487	0.9789	2.107
1612	0.4655	0.9715	2.853
1613	0.4605	0.9735	2.648
1614	0.4642	0.9720	2.797
1615	0.4469	0.9798	2.017
1616	0.4636	0.9727	2.730
1617	0.4596	0.9737	2.629
1618	0.4564	0.9750	2.497
1619	0.4644	0.9720	2.803
1620	0.4619	0.9729	2.705
1621	0.4623	0.9730	2.696
1622	0.4598	0.9742	2.584
1623	0.4625	0.9727	2.726
1624	0.4629	0.9727	2.735
1625	0.4656	0.9716	2.842
1626	0.4638	0.9725	2.754
1627	0.4627	0.9728	2.724
1628	0.4628	0.9724	2.757
1629	0.4621	0.9728	2.724
1630	0.4631	0.9721	2.795
1631	0.4614	0.9732	2.675
1632	0.4629	0.9726	2.739
1633	0.4647	0.9715	2.852
1634	0.4546	0.9761	2.392
1635	0.4486	0.9793	2.065
1636	0.4616	0.9727	2.729
1637	0.4622	0.9728	2.722
1638	0.4585	0.9748	2.519
1639	0.4580	0.9743	2.570
1640	0.4614	0.9735	2.653
1641	0.4638	0.9720	2.797
1642	0.4627	0.9724	2.756
1643	0.4604	0.9736	2.641
1644	0.4525	0.9771	2.288
1645	0.4638	0.9722	2.782
1646	0.4637	0.9725	2.745
1647	0.4644	0.9719	2.812
1648	0.4664	0.9709	2.908
1649	0.4588	0.9738	2.620
1650	0.4580	0.9749	2.513
1651	0.4647	0.9718	2.822
1652	0.4632	0.9728	2.719
1653	0.4633	0.9725	2.753
1654	0.4653	0.9713	2.874
1655	0.4650	0.9722	2.784
1656	0.4593	0.9739	2.610
1657	0.4606	0.9735	2.647
1658	0.4610	0.9732	2.678
1659	0.4625	0.9730	2.699
1660	0.4648	0.9715	2.853
1661	0.4584	0.9744	2.564
1662	0.4575	0.9746	2.537
1663	0.4650	0.9721	2.787
1664	0.4646	0.9719	2.810
1665	0.4642	0.9720	2.796
1666	0.4633	0.9719	2.809
1667	0.4628	0.9725	2.754
1668	0.4582	0.9744	2.560
1669	0.4653	0.9713	2.871
1670	0.4634	0.9721	2.785
1671	0.4594	0.9742	2.576
1672	0.4628	0.9729	2.712
1673	0.4638	0.9726	2.740
1674	0.4512	0.9782	2.177
1675	0.4660	0.9712	2.883
1676	0.4618	0.9732	2.678
1677	0.4635	0.9726	2.745
1678	0.4617	0.9730	2.703
1679	0.4592	0.9743	2.573
1680	0.4640	0.9722	2.781
1681	0.4627	0.9726	2.745
1682	0.4621	0.9725	2.750
1683	0.4577	0.9745	2.549
1684	0.4626	0.9726	2.737
1685	0.4601	0.9735	2.649
1686	0.4601	0.9738	2.625
1687	0.4508	0.9777	2.231
1688	0.4641	0.9722	2.777
1689	0.4619	0.9725	2.749
1690	0.4484	0.9791	2.087
1691	0.4608	0.9732	2.684
1692	0.4635	0.9725	2.748
1693	0.4486	0.9790	2.099
1694	0.4621	0.9728	2.721
1695	0.4663	0.9709	2.911
1696	0.4640	0.9722	2.776
1697	0.4638	0.9726	2.742
1698	0.4641	0.9720	2.796
1699	0.4594	0.9745	2.553
1700	0.4617	0.9732	2.679
1701	0.4637	0.9722	2.782
1702	0.4627	0.9725	2.753
1703	0.4601	0.9735	2.649
1704	0.4544	0.9761	2.392
1705	0.4609	0.9732	2.682
1706	0.4646	0.9715	2.851
1707	0.4640	0.9722	2.781
1708	0.4632	0.9725	2.755
1709	0.4641	0.9720	2.795
1710	0.4619	0.9728	2.721
1711	0.4546	0.9758	2.424
1712	0.4621	0.9725	2.751
1713	0.4632	0.9719	2.812
1714	0.4627	0.9725	2.746
1715	0.4498	0.9783	2.173
1716	0.4654	0.9716	2.843
1717	0.4627	0.9724	2.756
1718	0.4602	0.9735	2.647
1719	0.4562	0.9751	2.490
1720	0.4582	0.9743	2.566
1721	0.4651	0.9712	2.875
1722	0.4646	0.9715	2.855
1723	0.4484	0.9793	2.065
1724	0.4578	0.9743	2.572
1725	0.4637	0.9722	2.778
1726	0.4593	0.9742	2.577
1727	0.4636	0.9724	2.758
1728	0.4636	0.9722	2.775
1729	0.4643	0.9720	2.800
1730	0.4623	0.9729	2.715
1731	0.4643	0.9718	2.820
1732	0.4612	0.9735	2.652
1733	0.4630	0.9728	2.723
1734	0.4586	0.9738	2.620
1735	0.4567	0.9753	2.473
1736	0.4466	0.9798	2.016
1737	0.4644	0.9719	2.812
1738	0.4484	0.9789	2.107
1739	0.4627	0.9726	2.743
1740	0.4582	0.9748	2.519
1741	0.4590	0.9743	2.574
1742	0.4642	0.9719	2.814
1743	0.4573	0.9746	2.537
1744	0.4627	0.9727	2.735
1745	0.4576	0.9745	2.549
1746	0.4600	0.9738	2.625
1747	0.4636	0.9720	2.796
1748	0.4523	0.9771	2.286
1749	0.4483	0.9791	2.086
1750	0.4602	0.9736	2.641
1751	0.4615	0.9729	2.708
1752	0.4595	0.9742	2.583
1753	0.4652	0.9715	2.852
1754	0.4645	0.9718	2.822
1755	0.4640	0.9720	2.800
1756	0.4629	0.9721	2.794
1757	0.4506	0.9777	2.231
1758	0.4618	0.9725	2.751
1759	0.4634	0.9725	2.746
1760	0.4624	0.9726	2.741
1761	0.4616	0.9730	2.704
1762	0.4578	0.9749	2.513
1763	0.4580	0.9745	2.555
1764	0.4574	0.9745	2.545
1765	0.4637	0.9718	2.820
1766	0.4614	0.9727	2.730
1767	0.4624	0.9726	2.737
1768	0.4509	0.9782	2.179
1769	0.4604	0.9735	2.648
1770	0.4648	0.9721	2.787
1771	0.4590	0.9742	2.577
1772	0.4607	0.9732	2.682
1773	0.4633	0.9727	2.730
1774	0.4618	0.9731	2.685
1775	0.4624	0.9724	2.758
1776	0.4615	0.9732	2.683
1777	0.4561	0.9750	2.496
1778	0.4620	0.9730	2.695
1779	0.4615	0.9728	2.721
1780	0.4647	0.9721	2.791
1781	0.4623	0.9730	2.701
1782	0.4624	0.9727	2.726
1783	0.4611	0.9732	2.676
1784	0.4658	0.9712	2.883
1785	0.4592	0.9737	2.627
1786	0.4622	0.9727	2.726
1787	0.4632	0.9721	2.786
1788	0.4652	0.9713	2.869
1789	0.4632	0.9724	2.756
1790	0.4651	0.9713	2.871
1791	0.4590	0.9739	2.608
1792	0.4625	0.9729	2.711
1793	0.4506	0.9777	2.231
1794	0.4601	0.9736	2.638
1795	0.4623	0.9726	2.740
1796	0.4661	0.9709	2.907
1797	0.4579	0.9744	2.556
1798	0.4619	0.9725	2.750
1799	0.4591	0.9743	2.575
1800	0.4509	0.9782	2.179
1801	0.4610	0.9732	2.676
1802	0.4626	0.9726	2.736
1803	0.4614	0.9729	2.708
1804	0.4625	0.9726	2.741
1805	0.4572	0.9746	2.537
1806	0.4607	0.9732	2.678
1807	0.4639	0.9720	2.801
1808	0.4621	0.9727	2.726
1809	0.4483	0.9789	2.109
1810	0.4650	0.9715	2.853
1811	0.4577	0.9749	2.512
1812	0.4634	0.9723	2.775
1813	0.4585	0.9738	2.619
1814	0.4627	0.9721	2.791
1815	0.4594	0.9742	2.584
1816	0.4482	0.9793	2.066
1817	0.4483	0.9790	2.099
1818	0.4625	0.9728	2.718
1819	0.4572	0.9745	2.546
1820	0.4598	0.9735	2.653
1821	0.4649	0.9712	2.879
1822	0.4598	0.9737	2.626
1823	0.4623	0.9724	2.761
1824	0.4614	0.9732	2.683
1825	0.4589	0.9742	2.578
1826	0.4625	0.9724	2.757
1827	0.4576	0.9743	2.569
1828	0.4615	0.9729	2.705
1829	0.4635	0.9722	2.777
1830	0.4565	0.9753	2.473
1831	0.4629	0.9724	2.757
1832	0.4600	0.9735	2.647
1833	0.4646	0.9721	2.786
1834	0.4591	0.9744	2.557
1835	0.4624	0.9724	2.755
1836	0.4642	0.9719	2.811
1837	0.4495	0.9783	2.173
1838	0.4643	0.9715	2.853
1839	0.4637	0.9722	2.775
1840	0.4635	0.9718	2.821
1841	0.4628	0.9728	2.719
1842	0.4632	0.9725	2.747
1843	0.4602	0.9735	2.648
1844	0.4631	0.9721	2.785
1845	0.4481	0.9791	2.087
1846	0.4616	0.9728	2.723
1847	0.4614	0.9732	2.678
1848	0.4629	0.9719	2.808
1849	0.4649	0.9713	2.874
1850	0.4580	0.9749	2.514
1851	0.4612	0.9727	2.727
1852	0.4634	0.9721	2.795
1853	0.4521	0.9771	2.287
1854	0.4618	0.9731	2.691
1855	0.4643	0.9715	2.853
1856	0.4559	0.9750	2.495
1857	0.4656	0.9712	2.883
1858	0.4643	0.9718	2.820
1859	0.4634	0.9726	2.744
1860	0.4651	0.9713	2.867
1861	0.4645	0.9722	2.782
1862	0.4651	0.9716	2.840
1863	0.4641	0.9719	2.815
1864	0.4630	0.9725	2.752
1865	0.4622	0.9726	2.736
1866	0.4623	0.9725	2.745
1867	0.4636	0.9722	2.779
1868	0.4579	0.9744	2.562
1869	0.4620	0.9729	2.710
1870	0.4559	0.9751	2.490
1871	0.4632	0.9726	2.743
1872	0.4637	0.9721	2.794
1873	0.4617	0.9728	2.723
1874	0.4590	0.9737	2.629
1875	0.4587	0.9742	2.575
1876	0.4640	0.9721	2.793
1877	0.4622	0.9728	2.722
1878	0.4541	0.9761	2.392
1879	0.4639	0.9719	2.811
1880	0.4573	0.9745	2.550
1881	0.4616	0.9732	2.685
1882	0.4463	0.9798	2.018
1883	0.4612	0.9728	2.718
1884	0.4638	0.9720	2.795
1885	0.4542	0.9758	2.423
1886	0.4620	0.9730	2.699
1887	0.4604	0.9731	2.685
1888	0.4615	0.9725	2.750
1889	0.4588	0.9739	2.610
1890	0.4633	0.9721	2.785
1891	0.4633	0.9725	2.753
1892	0.4609	0.9735	2.651
1893	0.4630	0.9727	2.729
1894	0.4649	0.9715	2.854
1895	0.4615	0.9732	2.684
1896	0.4622	0.9726	2.737
1897	0.4574	0.9743	2.570
1898	0.4608	0.9733	2.673
1899	0.4586	0.9743	2.573
1900	0.4579	0.9744	2.562
1901	0.4642	0.9715	2.854
1902	0.4637	0.9720	2.796
1903	0.4623	0.9726	2.739
1904	0.4641	0.9719	2.809
1905	0.4650	0.9716	2.842
1906	0.4632	0.9721	2.793
1907	0.4481	0.9789	2.111
1908	0.4589	0.9745	2.551
1909	0.4632	0.9725	2.750
1910	0.4648	0.9713	2.873
1911	0.4641	0.9716	2.841
1912	0.4639	0.9721	2.795
1913	0.4629	0.9725	2.751
1914	0.4596	0.9735	2.648
1915	0.4636	0.9722	2.777
1916	0.4621	0.9728	2.721
1917	0.4577	0.9744	2.558
1918	0.4622	0.9726	2.744
1919	0.4583	0.9738	2.619
1920	0.4613	0.9730	2.702
1921	0.4575	0.9749	2.511
1922	0.4542	0.9758	2.424
1923	0.4604	0.9732	2.685
1924	0.4587	0.9739	2.609
1925	0.4630	0.9725	2.747
1926	0.4596	0.9737	2.626
1927	0.4621	0.9724	2.757
1928	0.4612	0.9732	2.685
1929	0.4480	0.9793	2.066
1930	0.4617	0.9731	2.693
1931	0.4539	0.9761	2.392
1932	0.4616	0.9728	2.720
1933	0.4629	0.9721	2.785
1934	0.4636	0.9720	2.796
1935	0.4619	0.9727	2.725
1936	0.4632	0.9726	2.743
1937	0.4622	0.9725	2.752
1938	0.4493	0.9783	2.173
1939	0.4644	0.9721	2.786
1940	0.4635	0.9722	2.781
1941	0.4627	0.9725	2.755
1942	0.4649	0.9713	2.867
1943	0.4641	0.9718	2.820
1944	0.4633	0.9718	2.817
1945	0.4611	0.9730	2.702
1946	0.4635	0.9720	2.796
1947	0.4614	0.9726	2.744
1948	0.4620	0.9726	2.741
1949	0.4557	0.9751	2.492
1950	0.4624	0.9720	2.796
1951	0.4610	0.9727	2.728
1952	0.4557	0.9750	2.495
1953	0.4616	0.9725	2.752
1954	0.4481	0.9790	2.099
1955	0.4608	0.9735	2.652
1956	0.4618	0.9729	2.713
1957	0.4627	0.9719	2.813
1958	0.4643	0.9721	2.791
1959	0.4619	0.9730	2.698
1960	0.4631	0.9723	2.773
1961	0.4611	0.9728	2.717
1962	0.4562	0.9753	2.473
1963	0.4591	0.9742	2.585
1964	0.4597	0.9735	2.647
1965	0.4621	0.9724	2.756
1966	0.4461	0.9799	2.015
1967	0.4654	0.9712	2.883
1968	0.4614	0.9728	2.724
1969	0.4629	0.9727	2.731
1970	0.4625	0.9728	2.721
1971	0.4630	0.9726	2.743
1972	0.4638	0.9718	2.817
1973	0.4597	0.9736	2.637
1974	0.4587	0.9742	2.576
1975	0.4631	0.9722	2.777
1976	0.4622	0.9727	2.730
1977	0.4657	0.9709	2.910
1978	0.4571	0.9745	2.549
1979	0.4505	0.9782	2.180
1980	0.4568	0.9746	2.538
1981	0.4478	0.9791	2.086
1982	0.4603	0.9732	2.681
1983	0.4501	0.9777	2.234
1984	0.4518	0.9771	2.288
1985	0.4569	0.9745	2.545
1986	0.4577	0.9748	2.524
1987	0.4611	0.9732	2.681
1988	0.4621	0.9728	2.719
1989	0.4599	0.9735	2.649
1990	0.4631	0.9721	2.785
1991	0.4588	0.9737	2.629
1992	0.4585	0.9742	2.577
1993	0.4646	0.9712	2.876
1994	0.4637	0.9718	2.816
1995	0.4568	0.9746	2.537
1996	0.4518	0.9771	2.287
1997	0.4621	0.9725	2.747
1998	0.4594	0.9735	2.651
1999	0.4634	0.9723	2.774
