0	0.4731	0.9734	2.661
1	0.4744	0.9733	2.665
2	0.4794	0.9708	2.920
3	0.4763	0.9722	2.775
4	0.4758	0.9728	2.718
5	0.4750	0.9727	2.730
6	0.4763	0.9718	2.818
7	0.4615	0.9792	2.076
8	0.4756	0.9725	2.752
9	0.4724	0.9736	2.640
10	0.4761	0.9727	2.730
11	0.4751	0.9727	2.735
12	0.4756	0.9724	2.763
13	0.4722	0.9738	2.620
14	0.4677	0.9756	2.442
15	0.4757	0.9725	2.752
16	0.4747	0.9727	2.729
17	0.4757	0.9724	2.757
18	0.4693	0.9750	2.502
19	0.4735	0.9734	2.655
20	0.4717	0.9737	2.626
21	0.4760	0.9720	2.803
22	0.4785	0.9715	2.848
23	0.4771	0.9719	2.806
24	0.4731	0.9737	2.632
25	0.4757	0.9723	2.765
26	0.4709	0.9742	2.582
27	0.4705	0.9745	2.550
28	0.4758	0.9725	2.748
29	0.4751	0.9725	2.755
30	0.4742	0.9731	2.689
31	0.4615	0.9788	2.118
32	0.4756	0.9727	2.732
33	0.4783	0.9710	2.896
34	0.4764	0.9720	2.799
35	0.4733	0.9736	2.644
36	0.4767	0.9724	2.764
37	0.4754	0.9726	2.739
38	0.4730	0.9733	2.666
39	0.4743	0.9733	2.665
40	0.4749	0.9730	2.704
41	0.4747	0.9730	2.698
42	0.4768	0.9717	2.828
43	0.4705	0.9745	2.553
44	0.4751	0.9727	2.732
45	0.4713	0.9747	2.533
46	0.4723	0.9742	2.583
47	0.4755	0.9723	2.768
48	0.4764	0.9724	2.757
49	0.4713	0.9742	2.581
50	0.4764	0.9727	2.734
51	0.4706	0.9744	2.563
52	0.4708	0.9742	2.582
53	0.4765	0.9724	2.757
54	0.4742	0.9731	2.689
55	0.4615	0.9789	2.112
56	0.4755	0.9725	2.754
57	0.4760	0.9727	2.734
58	0.4614	0.9788	2.118
59	0.4613	0.9792	2.076
60	0.4766	0.9724	2.760
61	0.4766	0.9719	2.813
62	0.4673	0.9760	2.402
63	0.4720	0.9741	2.587
64	0.4767	0.9721	2.791
65	0.4761	0.9722	2.779
66	0.4746	0.9727	2.730
67	0.4792	0.9708	2.921
68	0.4775	0.9714	2.859
69	0.4773	0.9717	2.830
70	0.4770	0.9719	2.805
71	0.4691	0.9750	2.503
72	0.4716	0.9737	2.628
73	0.4762	0.9724	2.758
74	0.4744	0.9727	2.731
75	0.4772	0.9718	2.821
76	0.4734	0.9735	2.654
77	0.4756	0.9724	2.759
78	0.4769	0.9721	2.792
79	0.4756	0.9725	2.752
80	0.4781	0.9711	2.889
81	0.4627	0.9782	2.183
82	0.4731	0.9735	2.654
83	0.4781	0.9711	2.891
84	0.4710	0.9743	2.566
85	0.4761	0.9718	2.819
86	0.4691	0.9750	2.501
87	0.4595	0.9797	2.032
88	0.4783	0.9712	2.883
89	0.4755	0.9723	2.767
90	0.4675	0.9756	2.443
91	0.4729	0.9737	2.630
92	0.4702	0.9745	2.550
93	0.4722	0.9736	2.644
94	0.4781	0.9713	2.867
95	0.4754	0.9727	2.732
96	0.4788	0.9710	2.897
97	0.4758	0.9720	2.805
98	0.4774	0.9718	2.820
99	0.4725	0.9740	2.601
100	0.4775	0.9716	2.836
101	0.4756	0.9725	2.748
102	0.4746	0.9731	2.686
103	0.4770	0.9718	2.820
104	0.4775	0.9714	2.862
105	0.4652	0.9770	2.296
106	0.4777	0.9720	2.802
107	0.4753	0.9728	2.719
108	0.4719	0.9741	2.585
109	0.4639	0.9782	2.184
110	0.4777	0.9721	2.787
111	0.4747	0.9727	2.728
112	0.4755	0.9728	2.719
113	0.4755	0.9724	2.763
114	0.4782	0.9715	2.849
115	0.4747	0.9725	2.755
116	0.4769	0.9720	2.805
117	0.4768	0.9720	2.799
118	0.4720	0.9738	2.620
119	0.4764	0.9722	2.783
120	0.4749	0.9731	2.693
121	0.4754	0.9725	2.749
122	0.4745	0.9729	2.711
123	0.4749	0.9724	2.756
124	0.4771	0.9719	2.807
125	0.4737	0.9731	2.694
126	0.4744	0.9728	2.715
127	0.4765	0.9721	2.794
128	0.4731	0.9735	2.646
129	0.4611	0.9791	2.091
130	0.4695	0.9752	2.482
131	0.4635	0.9776	2.244
132	0.4722	0.9743	2.575
133	0.4707	0.9748	2.516
134	0.4761	0.9720	2.798
135	0.4751	0.9727	2.726
136	0.4736	0.9731	2.692
137	0.4752	0.9728	2.721
138	0.4768	0.9721	2.792
139	0.4768	0.9719	2.805
140	0.4776	0.9721	2.789
141	0.4755	0.9726	2.744
142	0.4610	0.9791	2.091
143	0.4718	0.9741	2.585
144	0.4753	0.9724	2.763
145	0.4773	0.9715	2.853
146	0.4744	0.9730	2.697
147	0.4753	0.9725	2.752
148	0.4780	0.9711	2.886
149	0.4779	0.9711	2.888
150	0.4751	0.9728	2.724
151	0.4764	0.9724	2.757
152	0.4771	0.9720	2.804
153	0.4612	0.9788	2.117
154	0.4757	0.9720	2.802
155	0.4718	0.9741	2.585
156	0.4763	0.9722	2.783
157	0.4728	0.9734	2.660
158	0.4761	0.9724	2.756
159	0.4723	0.9740	2.596
160	0.4757	0.9727	2.729
161	0.4727	0.9738	2.624
162	0.4714	0.9738	2.623
163	0.4754	0.9725	2.749
164	0.4729	0.9734	2.655
165	0.4748	0.9731	2.694
166	0.4764	0.9721	2.794
167	0.4764	0.9724	2.756
168	0.4754	0.9724	2.756
169	0.4773	0.9718	2.821
170	0.4768	0.9720	2.796
171	0.4771	0.9717	2.828
172	0.4613	0.9789	2.114
173	0.4709	0.9748	2.520
174	0.4771	0.9719	2.813
175	0.4708	0.9743	2.565
176	0.4689	0.9750	2.496
177	0.4780	0.9715	2.846
178	0.4764	0.9718	2.823
179	0.4719	0.9738	2.617
180	0.4768	0.9719	2.809
181	0.4775	0.9721	2.794
182	0.4746	0.9727	2.732
183	0.4781	0.9712	2.882
184	0.4747	0.9727	2.734
185	0.4720	0.9743	2.566
186	0.4753	0.9725	2.753
187	0.4729	0.9735	2.647
188	0.4752	0.9725	2.753
189	0.4760	0.9727	2.735
190	0.4735	0.9731	2.689
191	0.4745	0.9724	2.756
192	0.4739	0.9731	2.689
193	0.4759	0.9721	2.792
194	0.4761	0.9725	2.752
195	0.4689	0.9750	2.498
196	0.4611	0.9792	2.077
197	0.4741	0.9727	2.735
198	0.4693	0.9752	2.478
199	0.4773	0.9714	2.862
200	0.4753	0.9728	2.717
201	0.4731	0.9735	2.655
202	0.4745	0.9730	2.698
203	0.4633	0.9775	2.247
204	0.4779	0.9714	2.860
205	0.4769	0.9718	2.819
206	0.4747	0.9724	2.757
207	0.4739	0.9734	2.664
208	0.4752	0.9727	2.730
209	0.4720	0.9736	2.640
210	0.4763	0.9719	2.807
211	0.4637	0.9782	2.184
212	0.4743	0.9728	2.715
213	0.4719	0.9742	2.584
214	0.4672	0.9756	2.442
215	0.4734	0.9731	2.692
216	0.4701	0.9744	2.557
217	0.4649	0.9770	2.297
218	0.4591	0.9797	2.031
219	0.4704	0.9748	2.516
220	0.4749	0.9725	2.747
221	0.4702	0.9744	2.563
222	0.4669	0.9760	2.402
223	0.4758	0.9718	2.816
224	0.4785	0.9710	2.902
225	0.4743	0.9730	2.698
226	0.4752	0.9723	2.765
227	0.4704	0.9742	2.582
228	0.4757	0.9722	2.777
229	0.4759	0.9724	2.760
230	0.4742	0.9728	2.717
231	0.4788	0.9708	2.922
232	0.4742	0.9727	2.732
233	0.4699	0.9745	2.550
234	0.4765	0.9720	2.804
235	0.4763	0.9721	2.794
236	0.4708	0.9742	2.582
237	0.4622	0.9782	2.181
238	0.4767	0.9717	2.828
239	0.4703	0.9742	2.582
240	0.4762	0.9721	2.787
241	0.4763	0.9721	2.793
242	0.4740	0.9727	2.730
243	0.4728	0.9736	2.644
244	0.4749	0.9726	2.743
245	0.4668	0.9760	2.402
246	0.4610	0.9788	2.116
247	0.4725	0.9733	2.667
248	0.4742	0.9731	2.694
249	0.4774	0.9720	2.799
250	0.4752	0.9728	2.722
251	0.4784	0.9710	2.898
252	0.4755	0.9726	2.739
253	0.4744	0.9724	2.758
254	0.4591	0.9797	2.032
255	0.4745	0.9724	2.758
256	0.4699	0.9744	2.559
257	0.4746	0.9730	2.701
258	0.4686	0.9749	2.505
259	0.4766	0.9719	2.812
260	0.4762	0.9720	2.800
261	0.4758	0.9724	2.759
262	0.4609	0.9788	2.116
263	0.4687	0.9750	2.499
264	0.4751	0.9724	2.763
265	0.4768	0.9718	2.822
266	0.4741	0.9728	2.716
267	0.4752	0.9725	2.748
268	0.4765	0.9721	2.794
269	0.4771	0.9714	2.860
270	0.4741	0.9731	2.685
271	0.4777	0.9711	2.891
272	0.4750	0.9727	2.733
273	0.4715	0.9741	2.587
274	0.4745	0.9727	2.732
275	0.4757	0.9718	2.818
276	0.4743	0.9730	2.703
277	0.4756	0.9722	2.778
278	0.4718	0.9736	2.642
279	0.4761	0.9724	2.761
280	0.4749	0.9725	2.753
281	0.4759	0.9724	2.757
282	0.4748	0.9728	2.721
283	0.4648	0.9770	2.295
284	0.4608	0.9793	2.074
285	0.4720	0.9740	2.601
286	0.4787	0.9708	2.919
287	0.4751	0.9724	2.764
288	0.4769	0.9718	2.818
289	0.4691	0.9752	2.480
290	0.4762	0.9717	2.826
291	0.4741	0.9729	2.712
292	0.4607	0.9791	2.091
293	0.4732	0.9731	2.692
294	0.4724	0.9737	2.631
295	0.4705	0.9744	2.563
296	0.4759	0.9725	2.754
297	0.4758	0.9727	2.734
298	0.4697	0.9745	2.547
299	0.4703	0.9749	2.515
300	0.4736	0.9733	2.666
301	0.4776	0.9714	2.863
302	0.4621	0.9782	2.182
303	0.4743	0.9727	2.731
304	0.4715	0.9738	2.623
305	0.4740	0.9727	2.728
306	0.4761	0.9724	2.764
307	0.4778	0.9715	2.848
308	0.4716	0.9742	2.583
309	0.4749	0.9723	2.766
310	0.4760	0.9719	2.812
311	0.4753	0.9720	2.802
312	0.4714	0.9741	2.587
313	0.4717	0.9743	2.572
314	0.4769	0.9715	2.853
315	0.4706	0.9742	2.579
316	0.4634	0.9782	2.184
317	0.4747	0.9727	2.726
318	0.4777	0.9712	2.884
319	0.4669	0.9756	2.443
320	0.4750	0.9724	2.761
321	0.4772	0.9720	2.804
322	0.4763	0.9720	2.800
323	0.4710	0.9737	2.629
324	0.4728	0.9734	2.657
325	0.4750	0.9725	2.753
326	0.4735	0.9731	2.690
327	0.4630	0.9775	2.246
328	0.4775	0.9711	2.892
329	0.4767	0.9717	2.831
330	0.4763	0.9720	2.804
331	0.4725	0.9735	2.653
332	0.4769	0.9716	2.835
333	0.4756	0.9720	2.795
334	0.4748	0.9725	2.752
335	0.4706	0.9747	2.530
336	0.4699	0.9744	2.563
337	0.4732	0.9731	2.693
338	0.4766	0.9719	2.807
339	0.4740	0.9729	2.713
340	0.4747	0.9728	2.720
341	0.4741	0.9724	2.756
342	0.4785	0.9708	2.917
343	0.4725	0.9735	2.645
344	0.4715	0.9742	2.585
345	0.4749	0.9724	2.758
346	0.4754	0.9722	2.777
347	0.4701	0.9742	2.582
348	0.4768	0.9718	2.820
349	0.4759	0.9719	2.811
350	0.4748	0.9725	2.753
351	0.4739	0.9731	2.685
352	0.4731	0.9731	2.695
353	0.4763	0.9720	2.805
354	0.4752	0.9720	2.801
355	0.4605	0.9791	2.091
356	0.4696	0.9745	2.547
357	0.4607	0.9789	2.112
358	0.4735	0.9734	2.664
359	0.4684	0.9750	2.501
360	0.4765	0.9719	2.809
361	0.4771	0.9721	2.791
362	0.4757	0.9724	2.758
363	0.4743	0.9727	2.732
364	0.4737	0.9727	2.730
365	0.4701	0.9748	2.517
366	0.4764	0.9718	2.818
367	0.4749	0.9723	2.766
368	0.4689	0.9752	2.483
369	0.4738	0.9728	2.716
370	0.4741	0.9730	2.704
371	0.4760	0.9717	2.828
372	0.4666	0.9760	2.403
373	0.4768	0.9714	2.860
374	0.4632	0.9781	2.186
375	0.4718	0.9740	2.603
376	0.4758	0.9724	2.761
377	0.4722	0.9737	2.632
378	0.4738	0.9731	2.692
379	0.4770	0.9720	2.803
380	0.4704	0.9742	2.583
381	0.4749	0.9725	2.747
382	0.4715	0.9736	2.643
383	0.4703	0.9744	2.563
384	0.4752	0.9727	2.734
385	0.4724	0.9735	2.655
386	0.4747	0.9725	2.753
387	0.4748	0.9725	2.752
388	0.4722	0.9734	2.661
389	0.4619	0.9782	2.182
390	0.4745	0.9726	2.737
391	0.4712	0.9741	2.588
392	0.4781	0.9710	2.896
393	0.4698	0.9744	2.563
394	0.4713	0.9738	2.621
395	0.4762	0.9720	2.805
396	0.4748	0.9728	2.719
397	0.4745	0.9727	2.726
398	0.4747	0.9727	2.732
399	0.4756	0.9725	2.754
400	0.4605	0.9793	2.072
401	0.4715	0.9743	2.574
402	0.4696	0.9745	2.550
403	0.4755	0.9721	2.795
404	0.4667	0.9756	2.441
405	0.4775	0.9715	2.848
406	0.4587	0.9797	2.030
407	0.4683	0.9750	2.502
408	0.4711	0.9741	2.585
409	0.4628	0.9776	2.244
410	0.4726	0.9734	2.656
411	0.4774	0.9713	2.866
412	0.4754	0.9724	2.757
413	0.4755	0.9726	2.735
414	0.4758	0.9720	2.796
415	0.4742	0.9731	2.695
416	0.4704	0.9747	2.529
417	0.4767	0.9717	2.833
418	0.4761	0.9720	2.797
419	0.4773	0.9711	2.885
420	0.4737	0.9727	2.730
421	0.4645	0.9770	2.295
422	0.4708	0.9737	2.626
423	0.4748	0.9724	2.762
424	0.4740	0.9727	2.729
425	0.4741	0.9724	2.755
426	0.4729	0.9731	2.691
427	0.4761	0.9721	2.791
428	0.4767	0.9714	2.862
429	0.4764	0.9717	2.828
430	0.4733	0.9731	2.688
431	0.4758	0.9722	2.784
432	0.4758	0.9724	2.762
433	0.4756	0.9722	2.783
434	0.4774	0.9712	2.885
435	0.4605	0.9788	2.118
436	0.4746	0.9723	2.766
437	0.4763	0.9718	2.820
438	0.4772	0.9711	2.888
439	0.4753	0.9718	2.817
440	0.4683	0.9750	2.499
441	0.4604	0.9793	2.072
442	0.4744	0.9728	2.720
443	0.4733	0.9734	2.661
444	0.4714	0.9736	2.640
445	0.4757	0.9721	2.794
446	0.4723	0.9735	2.645
447	0.4697	0.9744	2.563
448	0.4772	0.9711	2.889
449	0.4746	0.9725	2.752
450	0.4737	0.9731	2.686
451	0.4750	0.9727	2.731
452	0.4750	0.9720	2.802
453	0.4756	0.9724	2.758
454	0.4722	0.9734	2.657
455	0.4710	0.9742	2.583
456	0.4757	0.9718	2.824
457	0.4711	0.9742	2.581
458	0.4712	0.9738	2.617
459	0.4763	0.9720	2.803
460	0.4746	0.9725	2.748
461	0.4586	0.9797	2.032
462	0.4739	0.9727	2.728
463	0.4772	0.9714	2.859
464	0.4766	0.9714	2.862
465	0.4774	0.9712	2.883
466	0.4772	0.9712	2.885
467	0.4604	0.9788	2.119
468	0.4716	0.9740	2.596
469	0.4663	0.9760	2.401
470	0.4747	0.9724	2.762
471	0.4755	0.9725	2.752
472	0.4617	0.9782	2.182
473	0.4760	0.9721	2.794
474	0.4766	0.9717	2.831
475	0.4768	0.9720	2.800
476	0.4746	0.9728	2.716
477	0.4746	0.9724	2.756
478	0.4681	0.9750	2.498
479	0.4713	0.9743	2.565
480	0.4626	0.9775	2.247
481	0.4752	0.9724	2.758
482	0.4693	0.9745	2.546
483	0.4753	0.9720	2.796
484	0.4731	0.9731	2.686
485	0.4760	0.9720	2.802
486	0.4728	0.9731	2.689
487	0.4602	0.9791	2.090
488	0.4738	0.9725	2.754
489	0.4727	0.9731	2.691
490	0.4751	0.9722	2.776
491	0.4736	0.9730	2.697
492	0.4773	0.9715	2.848
493	0.4768	0.9721	2.787
494	0.4759	0.9720	2.797
495	0.4759	0.9720	2.801
496	0.4712	0.9742	2.580
497	0.4743	0.9728	2.722
498	0.4736	0.9729	2.710
499	0.4753	0.9727	2.732
500	0.4739	0.9727	2.734
501	0.4760	0.9719	2.809
502	0.4762	0.9718	2.818
503	0.4724	0.9735	2.652
504	0.4706	0.9738	2.624
505	0.4739	0.9724	2.756
506	0.4702	0.9742	2.579
507	0.4735	0.9729	2.713
508	0.4755	0.9720	2.805
509	0.4735	0.9727	2.730
510	0.4701	0.9747	2.528
511	0.4604	0.9789	2.112
512	0.4697	0.9749	2.512
513	0.4746	0.9725	2.747
514	0.4763	0.9718	2.818
515	0.4756	0.9724	2.762
516	0.4751	0.9718	2.817
517	0.4664	0.9756	2.441
518	0.4739	0.9731	2.694
519	0.4737	0.9730	2.700
520	0.4753	0.9725	2.755
521	0.4629	0.9782	2.184
522	0.4745	0.9723	2.767
523	0.4699	0.9744	2.563
524	0.4642	0.9770	2.297
525	0.4764	0.9714	2.861
526	0.4693	0.9745	2.553
527	0.4744	0.9723	2.768
528	0.4743	0.9725	2.752
529	0.4718	0.9734	2.665
530	0.4742	0.9726	2.739
531	0.4778	0.9711	2.895
532	0.4781	0.9708	2.919
533	0.4743	0.9727	2.732
534	0.4754	0.9722	2.784
535	0.4718	0.9737	2.630
536	0.4685	0.9752	2.480
537	0.4696	0.9742	2.582
538	0.4762	0.9717	2.830
539	0.4755	0.9721	2.787
540	0.4733	0.9727	2.730
541	0.4756	0.9717	2.826
542	0.4692	0.9745	2.551
543	0.4697	0.9748	2.516
544	0.4748	0.9727	2.734
545	0.4743	0.9727	2.732
546	0.4744	0.9725	2.753
547	0.4641	0.9770	2.295
548	0.4601	0.9793	2.074
549	0.4770	0.9711	2.891
550	0.4777	0.9710	2.896
551	0.4737	0.9727	2.734
552	0.4600	0.9791	2.088
553	0.4735	0.9731	2.690
554	0.4583	0.9797	2.031
555	0.4711	0.9742	2.580
556	0.4696	0.9742	2.582
557	0.4753	0.9724	2.756
558	0.4745	0.9723	2.766
559	0.4627	0.9782	2.185
560	0.4700	0.9742	2.582
561	0.4741	0.9728	2.722
562	0.4751	0.9720	2.799
563	0.4736	0.9730	2.704
564	0.4745	0.9725	2.747
565	0.4744	0.9728	2.718
566	0.4684	0.9752	2.483
567	0.4750	0.9724	2.759
568	0.4762	0.9718	2.820
569	0.4602	0.9789	2.113
570	0.4744	0.9723	2.765
571	0.4700	0.9747	2.535
572	0.4738	0.9724	2.756
573	0.4708	0.9741	2.589
574	0.4693	0.9744	2.558
575	0.4766	0.9721	2.791
576	0.4765	0.9720	2.803
577	0.4749	0.9722	2.778
578	0.4717	0.9737	2.630
579	0.4751	0.9727	2.733
580	0.4753	0.9724	2.764
581	0.4757	0.9720	2.798
582	0.4751	0.9725	2.754
583	0.4708	0.9738	2.621
584	0.4742	0.9725	2.752
585	0.4719	0.9735	2.645
586	0.4754	0.9720	2.795
587	0.4762	0.9715	2.854
588	0.4769	0.9711	2.888
589	0.4742	0.9725	2.754
590	0.4742	0.9723	2.767
591	0.4721	0.9735	2.653
592	0.4678	0.9750	2.500
593	0.4731	0.9727	2.730
594	0.4733	0.9727	2.728
595	0.4769	0.9714	2.862
596	0.4746	0.9720	2.802
597	0.4697	0.9744	2.565
598	0.4760	0.9718	2.819
599	0.4737	0.9727	2.732
600	0.4717	0.9734	2.661
601	0.4679	0.9750	2.500
602	0.4729	0.9734	2.660
603	0.4709	0.9742	2.584
604	0.4623	0.9776	2.245
605	0.4735	0.9724	2.756
606	0.4754	0.9722	2.783
607	0.4770	0.9712	2.884
608	0.4706	0.9741	2.586
609	0.4728	0.9731	2.688
610	0.4752	0.9722	2.782
611	0.4733	0.9730	2.697
612	0.4770	0.9715	2.848
613	0.4757	0.9720	2.802
614	0.4748	0.9719	2.815
615	0.4614	0.9782	2.181
616	0.4779	0.9708	2.916
617	0.4718	0.9734	2.658
618	0.4712	0.9740	2.597
619	0.4724	0.9731	2.692
620	0.4740	0.9728	2.716
621	0.4753	0.9724	2.759
622	0.4725	0.9731	2.690
623	0.4752	0.9720	2.805
624	0.4742	0.9724	2.756
625	0.4662	0.9756	2.439
626	0.4762	0.9717	2.830
627	0.4756	0.9720	2.801
628	0.4739	0.9727	2.735
629	0.4737	0.9731	2.693
630	0.4689	0.9745	2.546
631	0.4733	0.9729	2.710
632	0.4600	0.9788	2.117
633	0.4757	0.9719	2.814
634	0.4759	0.9719	2.807
635	0.4659	0.9760	2.399
636	0.4702	0.9737	2.627
637	0.4759	0.9717	2.831
638	0.4709	0.9736	2.642
639	0.4762	0.9714	2.860
640	0.4756	0.9721	2.792
641	0.4732	0.9729	2.714
642	0.4752	0.9724	2.762
643	0.4736	0.9727	2.731
644	0.4613	0.9782	2.182
645	0.4723	0.9731	2.691
646	0.4720	0.9735	2.652
647	0.4753	0.9721	2.786
648	0.4724	0.9731	2.694
649	0.4764	0.9721	2.787
650	0.4758	0.9718	2.819
651	0.4718	0.9734	2.657
652	0.4763	0.9720	2.800
653	0.4693	0.9742	2.577
654	0.4759	0.9717	2.827
655	0.4718	0.9736	2.644
656	0.4707	0.9738	2.619
657	0.4731	0.9729	2.713
658	0.4751	0.9722	2.782
659	0.4659	0.9760	2.401
660	0.4731	0.9730	2.697
661	0.4581	0.9797	2.030
662	0.4682	0.9752	2.480
663	0.4697	0.9742	2.581
664	0.4749	0.9727	2.734
665	0.4749	0.9724	2.755
666	0.4741	0.9725	2.752
667	0.4715	0.9737	2.629
668	0.4698	0.9747	2.529
669	0.4740	0.9727	2.731
670	0.4738	0.9728	2.724
671	0.4760	0.9715	2.853
672	0.4694	0.9749	2.512
673	0.4689	0.9745	2.549
674	0.4727	0.9731	2.687
675	0.4705	0.9741	2.588
676	0.4734	0.9730	2.701
677	0.4752	0.9724	2.762
678	0.4751	0.9720	2.795
679	0.4742	0.9725	2.745
680	0.4740	0.9724	2.762
681	0.4695	0.9744	2.562
682	0.4741	0.9725	2.754
683	0.4744	0.9720	2.801
684	0.4747	0.9718	2.816
685	0.4767	0.9714	2.858
686	0.4625	0.9782	2.183
687	0.4710	0.9740	2.598
688	0.4739	0.9725	2.753
689	0.4735	0.9725	2.754
690	0.4768	0.9712	2.883
691	0.4747	0.9725	2.754
692	0.4660	0.9756	2.440
693	0.4746	0.9722	2.776
694	0.4760	0.9717	2.834
695	0.4755	0.9720	2.804
696	0.4733	0.9724	2.756
697	0.4598	0.9793	2.072
698	0.4737	0.9726	2.739
699	0.4731	0.9728	2.716
700	0.4701	0.9737	2.628
701	0.4754	0.9720	2.803
702	0.4731	0.9731	2.686
703	0.4621	0.9776	2.244
704	0.4759	0.9718	2.820
705	0.4730	0.9727	2.728
706	0.4755	0.9718	2.817
707	0.4729	0.9727	2.730
708	0.4714	0.9734	2.662
709	0.4738	0.9728	2.717
710	0.4690	0.9744	2.560
711	0.4757	0.9719	2.807
712	0.4707	0.9736	2.642
713	0.4598	0.9788	2.116
714	0.4768	0.9715	2.848
715	0.4754	0.9721	2.792
716	0.4751	0.9717	2.826
717	0.4675	0.9750	2.501
718	0.4760	0.9714	2.861
719	0.4744	0.9727	2.734
720	0.4637	0.9770	2.296
721	0.4740	0.9724	2.765
722	0.4676	0.9750	2.500
723	0.4776	0.9708	2.919
724	0.4732	0.9727	2.730
725	0.4707	0.9743	2.573
726	0.4766	0.9711	2.891
727	0.4706	0.9741	2.585
728	0.4740	0.9728	2.717
729	0.4599	0.9789	2.111
730	0.4596	0.9791	2.089
731	0.4749	0.9725	2.753
732	0.4739	0.9724	2.755
733	0.4704	0.9742	2.585
734	0.4750	0.9719	2.811
735	0.4747	0.9720	2.795
736	0.4687	0.9745	2.547
737	0.4734	0.9731	2.695
738	0.4740	0.9724	2.762
739	0.4726	0.9734	2.661
740	0.4753	0.9720	2.796
741	0.4765	0.9711	2.887
742	0.4772	0.9710	2.895
743	0.4597	0.9793	2.075
744	0.4703	0.9742	2.584
745	0.4688	0.9745	2.550
746	0.4730	0.9731	2.686
747	0.4746	0.9724	2.756
748	0.4730	0.9729	2.709
749	0.4620	0.9775	2.247
750	0.4749	0.9719	2.807
751	0.4765	0.9711	2.886
752	0.4656	0.9760	2.399
753	0.4753	0.9721	2.793
754	0.4732	0.9727	2.730
755	0.4695	0.9742	2.580
756	0.4694	0.9744	2.561
757	0.4709	0.9740	2.599
758	0.4578	0.9797	2.027
759	0.4597	0.9788	2.115
760	0.4749	0.9722	2.784
761	0.4759	0.9717	2.834
762	0.4731	0.9730	2.704
763	0.4761	0.9720	2.803
764	0.4595	0.9791	2.090
765	0.4740	0.9724	2.765
766	0.4739	0.9725	2.752
767	0.4754	0.9718	2.816
768	0.4623	0.9782	2.182
769	0.4766	0.9712	2.880
770	0.4713	0.9737	2.629
771	0.4597	0.9789	2.111
772	0.4704	0.9738	2.620
773	0.4736	0.9726	2.739
774	0.4721	0.9731	2.694
775	0.4765	0.9714	2.864
776	0.4755	0.9718	2.819
777	0.4753	0.9720	2.803
778	0.4738	0.9725	2.751
779	0.4690	0.9742	2.580
780	0.4728	0.9729	2.714
781	0.4731	0.9724	2.757
782	0.4699	0.9737	2.626
783	0.4728	0.9727	2.728
784	0.4714	0.9735	2.654
785	0.4741	0.9720	2.802
786	0.4728	0.9731	2.694
787	0.4737	0.9727	2.731
788	0.4761	0.9721	2.789
789	0.4757	0.9714	2.856
790	0.4751	0.9720	2.798
791	0.4749	0.9724	2.761
792	0.4747	0.9725	2.755
793	0.4738	0.9724	2.764
794	0.4742	0.9727	2.729
795	0.4732	0.9725	2.754
796	0.4735	0.9728	2.723
797	0.4688	0.9744	2.561
798	0.4724	0.9734	2.660
799	0.4685	0.9745	2.547
800	0.4737	0.9724	2.765
801	0.4749	0.9722	2.783
802	0.4749	0.9717	2.827
803	0.4738	0.9725	2.754
804	0.4738	0.9728	2.718
805	0.4743	0.9723	2.773
806	0.4678	0.9752	2.478
807	0.4674	0.9750	2.498
808	0.4744	0.9718	2.817
809	0.4774	0.9708	2.916
810	0.4756	0.9718	2.819
811	0.4771	0.9710	2.895
812	0.4745	0.9727	2.733
813	0.4657	0.9756	2.439
814	0.4746	0.9725	2.753
815	0.4690	0.9749	2.511
816	0.4765	0.9715	2.848
817	0.4738	0.9726	2.743
818	0.4705	0.9736	2.638
819	0.4726	0.9727	2.733
820	0.4758	0.9714	2.862
821	0.4719	0.9731	2.691
822	0.4673	0.9750	2.498
823	0.4732	0.9731	2.695
824	0.4714	0.9736	2.645
825	0.4711	0.9734	2.660
826	0.4635	0.9770	2.295
827	0.4705	0.9743	2.570
828	0.4735	0.9728	2.716
829	0.4763	0.9711	2.887
830	0.4608	0.9782	2.181
831	0.4723	0.9731	2.688
832	0.4748	0.9721	2.794
833	0.4754	0.9719	2.807
834	0.4736	0.9725	2.753
835	0.4754	0.9717	2.827
836	0.4731	0.9727	2.731
837	0.4744	0.9720	2.798
838	0.4703	0.9742	2.582
839	0.4751	0.9720	2.802
840	0.4747	0.9724	2.757
841	0.4715	0.9735	2.652
842	0.4701	0.9742	2.583
843	0.4693	0.9747	2.527
844	0.4744	0.9727	2.734
845	0.4743	0.9719	2.815
846	0.4756	0.9714	2.856
847	0.4685	0.9745	2.549
848	0.4689	0.9749	2.511
849	0.4737	0.9724	2.760
850	0.4706	0.9741	2.592
851	0.4726	0.9727	2.731
852	0.4704	0.9736	2.635
853	0.4727	0.9731	2.695
854	0.4734	0.9728	2.721
855	0.4745	0.9725	2.750
856	0.4759	0.9721	2.789
857	0.4684	0.9746	2.542
858	0.4737	0.9724	2.761
859	0.4621	0.9782	2.184
860	0.4693	0.9742	2.578
861	0.4753	0.9719	2.807
862	0.4747	0.9722	2.783
863	0.4731	0.9731	2.694
864	0.4722	0.9731	2.687
865	0.4748	0.9717	2.826
866	0.4730	0.9727	2.730
867	0.4727	0.9731	2.686
868	0.4697	0.9737	2.628
869	0.4737	0.9726	2.743
870	0.4729	0.9730	2.697
871	0.4747	0.9721	2.793
872	0.4712	0.9735	2.645
873	0.4701	0.9742	2.585
874	0.4692	0.9747	2.526
875	0.4751	0.9720	2.802
876	0.4764	0.9715	2.847
877	0.4736	0.9728	2.715
878	0.4593	0.9791	2.091
879	0.4745	0.9722	2.778
880	0.4762	0.9712	2.881
881	0.4761	0.9711	2.888
882	0.4594	0.9793	2.074
883	0.4710	0.9734	2.660
884	0.4750	0.9720	2.801
885	0.4595	0.9789	2.111
886	0.4653	0.9760	2.399
887	0.4672	0.9750	2.499
888	0.4758	0.9720	2.802
889	0.4702	0.9742	2.584
890	0.4730	0.9724	2.756
891	0.4655	0.9756	2.442
892	0.4763	0.9712	2.880
893	0.4734	0.9725	2.752
894	0.4714	0.9735	2.654
895	0.4749	0.9720	2.799
896	0.4726	0.9728	2.715
897	0.4739	0.9720	2.803
898	0.4726	0.9729	2.715
899	0.4743	0.9720	2.795
900	0.4718	0.9731	2.695
901	0.4575	0.9797	2.028
902	0.4728	0.9724	2.756
903	0.4742	0.9724	2.757
904	0.4743	0.9724	2.756
905	0.4685	0.9744	2.560
906	0.4746	0.9719	2.811
907	0.4741	0.9723	2.774
908	0.4703	0.9743	2.573
909	0.4736	0.9725	2.752
910	0.4699	0.9742	2.584
911	0.4734	0.9724	2.764
912	0.4735	0.9725	2.753
913	0.4734	0.9725	2.748
914	0.4606	0.9782	2.181
915	0.4593	0.9788	2.116
916	0.4732	0.9726	2.737
917	0.4721	0.9734	2.660
918	0.4687	0.9742	2.579
919	0.4749	0.9721	2.791
920	0.4723	0.9727	2.730
921	0.4755	0.9717	2.833
922	0.4752	0.9717	2.827
923	0.4733	0.9728	2.716
924	0.4750	0.9719	2.813
925	0.4727	0.9727	2.727
926	0.4615	0.9775	2.245
927	0.4755	0.9714	2.862
928	0.4675	0.9752	2.481
929	0.4739	0.9727	2.732
930	0.4751	0.9718	2.819
931	0.4670	0.9750	2.497
932	0.4753	0.9718	2.819
933	0.4711	0.9734	2.658
934	0.4745	0.9724	2.761
935	0.4761	0.9714	2.860
936	0.4771	0.9708	2.916
937	0.4632	0.9771	2.294
938	0.4767	0.9710	2.896
939	0.4700	0.9738	2.620
940	0.4716	0.9731	2.691
941	0.4708	0.9737	2.629
942	0.4734	0.9727	2.732
943	0.4744	0.9724	2.762
944	0.4689	0.9744	2.563
945	0.4762	0.9712	2.882
946	0.4683	0.9745	2.548
947	0.4740	0.9718	2.817
948	0.4591	0.9791	2.090
949	0.4708	0.9734	2.664
950	0.4745	0.9722	2.783
951	0.4681	0.9745	2.546
952	0.4731	0.9728	2.724
953	0.4731	0.9726	2.738
954	0.4733	0.9724	2.755
955	0.4747	0.9720	2.798
956	0.4717	0.9731	2.693
957	0.4701	0.9736	2.642
958	0.4618	0.9781	2.186
959	0.4701	0.9742	2.581
960	0.4728	0.9724	2.756
961	0.4734	0.9724	2.764
962	0.4744	0.9719	2.813
963	0.4749	0.9718	2.820
964	0.4631	0.9770	2.295
965	0.4724	0.9731	2.689
966	0.4770	0.9708	2.921
967	0.4715	0.9731	2.693
968	0.4733	0.9724	2.764
969	0.4712	0.9734	2.655
970	0.4708	0.9737	2.632
971	0.4762	0.9715	2.846
972	0.4734	0.9728	2.718
973	0.4737	0.9720	2.801
974	0.4605	0.9782	2.182
975	0.4753	0.9714	2.859
976	0.4674	0.9752	2.481
977	0.4745	0.9718	2.825
978	0.4751	0.9717	2.830
979	0.4592	0.9789	2.111
980	0.4669	0.9750	2.497
981	0.4688	0.9744	2.559
982	0.4689	0.9742	2.579
983	0.4722	0.9727	2.728
984	0.4728	0.9730	2.703
985	0.4753	0.9716	2.836
986	0.4756	0.9719	2.807
987	0.4741	0.9726	2.735
988	0.4739	0.9723	2.774
989	0.4766	0.9711	2.893
990	0.4685	0.9742	2.581
991	0.4732	0.9725	2.753
992	0.4698	0.9738	2.619
993	0.4726	0.9727	2.733
994	0.4685	0.9748	2.516
995	0.4652	0.9756	2.443
996	0.4756	0.9720	2.796
997	0.4726	0.9730	2.704
998	0.4723	0.9728	2.716
999	0.4724	0.9728	2.718
1000	0.4709	0.9734	2.656
1001	0.4703	0.9740	2.601
1002	0.4700	0.9743	2.574
1003	0.4709	0.9736	2.644
1004	0.4759	0.9711	2.893
1005	0.4697	0.9742	2.584
1006	0.4750	0.9718	2.819
1007	0.4731	0.9729	2.714
1008	0.4741	0.9725	2.754
1009	0.4742	0.9725	2.752
1010	0.4668	0.9750	2.497
1011	0.4739	0.9725	2.754
1012	0.4689	0.9747	2.527
1013	0.4572	0.9797	2.029
1014	0.4758	0.9711	2.887
1015	0.4723	0.9732	2.684
1016	0.4747	0.9720	2.803
1017	0.4759	0.9714	2.858
1018	0.4742	0.9722	2.778
1019	0.4746	0.9720	2.798
1020	0.4591	0.9788	2.118
1021	0.4683	0.9744	2.563
1022	0.4693	0.9737	2.629
1023	0.4733	0.9725	2.754
1024	0.4739	0.9720	2.795
1025	0.4590	0.9793	2.074
1026	0.4743	0.9721	2.793
1027	0.4650	0.9760	2.399
1028	0.4736	0.9727	2.731
1029	0.4733	0.9724	2.762
1030	0.4752	0.9714	2.858
1031	0.4696	0.9742	2.583
1032	0.4751	0.9718	2.816
1033	0.4742	0.9725	2.754
1034	0.4725	0.9725	2.752
1035	0.4749	0.9720	2.803
1036	0.4718	0.9731	2.685
1037	0.4731	0.9727	2.730
1038	0.4718	0.9734	2.659
1039	0.4726	0.9727	2.734
1040	0.4746	0.9721	2.793
1041	0.4733	0.9726	2.738
1042	0.4613	0.9775	2.247
1043	0.4722	0.9727	2.730
1044	0.4732	0.9725	2.746
1045	0.4743	0.9724	2.757
1046	0.4572	0.9797	2.031
1047	0.4696	0.9742	2.582
1048	0.4732	0.9724	2.761
1049	0.4668	0.9750	2.499
1050	0.4651	0.9756	2.439
1051	0.4686	0.9744	2.563
1052	0.4714	0.9731	2.692
1053	0.4713	0.9731	2.691
1054	0.4688	0.9742	2.579
1055	0.4697	0.9738	2.619
1056	0.4722	0.9731	2.687
1057	0.4749	0.9718	2.819
1058	0.4589	0.9793	2.072
1059	0.4733	0.9725	2.749
1060	0.4590	0.9789	2.110
1061	0.4717	0.9731	2.688
1062	0.4742	0.9721	2.785
1063	0.4722	0.9728	2.715
1064	0.4732	0.9724	2.764
1065	0.4752	0.9714	2.861
1066	0.4749	0.9717	2.828
1067	0.4672	0.9752	2.482
1068	0.4746	0.9720	2.804
1069	0.4707	0.9734	2.655
1070	0.4742	0.9724	2.761
1071	0.4739	0.9725	2.755
1072	0.4738	0.9720	2.798
1073	0.4721	0.9730	2.695
1074	0.4707	0.9736	2.644
1075	0.4737	0.9722	2.776
1076	0.4754	0.9721	2.787
1077	0.4698	0.9742	2.581
1078	0.4684	0.9749	2.511
1079	0.4679	0.9745	2.548
1080	0.4683	0.9742	2.579
1081	0.4648	0.9760	2.400
1082	0.4740	0.9725	2.750
1083	0.4719	0.9727	2.731
1084	0.4746	0.9719	2.815
1085	0.4725	0.9727	2.730
1086	0.4726	0.9731	2.695
1087	0.4730	0.9727	2.733
1088	0.4731	0.9728	2.716
1089	0.4721	0.9727	2.727
1090	0.4587	0.9791	2.089
1091	0.4758	0.9712	2.882
1092	0.4695	0.9742	2.585
1093	0.4698	0.9743	2.568
1094	0.4767	0.9708	2.916
1095	0.4615	0.9782	2.183
1096	0.4628	0.9770	2.295
1097	0.4723	0.9727	2.731
1098	0.4747	0.9719	2.806
1099	0.4691	0.9737	2.625
1100	0.4738	0.9724	2.758
1101	0.4588	0.9789	2.113
1102	0.4725	0.9725	2.755
1103	0.4730	0.9724	2.756
1104	0.4764	0.9711	2.894
1105	0.4601	0.9782	2.181
1106	0.4744	0.9721	2.791
1107	0.4728	0.9728	2.722
1108	0.4704	0.9734	2.664
1109	0.4666	0.9750	2.503
1110	0.4720	0.9729	2.715
1111	0.4740	0.9722	2.783
1112	0.4740	0.9724	2.761
1113	0.4742	0.9717	2.825
1114	0.4723	0.9730	2.704
1115	0.4729	0.9725	2.753
1116	0.4680	0.9744	2.557
1117	0.4756	0.9711	2.893
1118	0.4727	0.9726	2.740
1119	0.4708	0.9734	2.655
1120	0.4610	0.9776	2.243
1121	0.4730	0.9724	2.759
1122	0.4738	0.9727	2.734
1123	0.4740	0.9719	2.812
1124	0.4744	0.9720	2.803
1125	0.4730	0.9725	2.753
1126	0.4697	0.9736	2.642
1127	0.4729	0.9724	2.763
1128	0.4758	0.9715	2.848
1129	0.4722	0.9725	2.755
1130	0.4752	0.9720	2.798
1131	0.4736	0.9718	2.817
1132	0.4699	0.9741	2.594
1133	0.4748	0.9718	2.818
1134	0.4716	0.9734	2.659
1135	0.4704	0.9737	2.626
1136	0.4749	0.9717	2.830
1137	0.4686	0.9747	2.525
1138	0.4749	0.9714	2.855
1139	0.4743	0.9720	2.797
1140	0.4740	0.9721	2.788
1141	0.4677	0.9746	2.543
1142	0.4727	0.9728	2.721
1143	0.4733	0.9727	2.726
1144	0.4733	0.9720	2.798
1145	0.4755	0.9714	2.858
1146	0.4755	0.9711	2.888
1147	0.4677	0.9746	2.542
1148	0.4614	0.9782	2.184
1149	0.4762	0.9711	2.893
1150	0.4718	0.9727	2.730
1151	0.4735	0.9718	2.816
1152	0.4740	0.9724	2.760
1153	0.4743	0.9721	2.793
1154	0.4737	0.9725	2.754
1155	0.4746	0.9718	2.821
1156	0.4722	0.9731	2.695
1157	0.4722	0.9725	2.754
1158	0.4736	0.9724	2.758
1159	0.4627	0.9771	2.293
1160	0.4696	0.9742	2.581
1161	0.4665	0.9750	2.497
1162	0.4715	0.9731	2.687
1163	0.4739	0.9720	2.805
1164	0.4696	0.9744	2.564
1165	0.4730	0.9724	2.759
1166	0.4755	0.9714	2.858
1167	0.4756	0.9716	2.844
1168	0.4681	0.9742	2.576
1169	0.4722	0.9728	2.725
1170	0.4711	0.9731	2.692
1171	0.4726	0.9727	2.733
1172	0.4738	0.9725	2.751
1173	0.4609	0.9775	2.248
1174	0.4729	0.9728	2.717
1175	0.4749	0.9714	2.859
1176	0.4738	0.9722	2.778
1177	0.4740	0.9718	2.823
1178	0.4719	0.9729	2.712
1179	0.4735	0.9721	2.794
1180	0.4739	0.9722	2.782
1181	0.4751	0.9721	2.788
1182	0.4569	0.9797	2.031
1183	0.4754	0.9711	2.886
1184	0.4685	0.9748	2.522
1185	0.4694	0.9738	2.615
1186	0.4723	0.9725	2.752
1187	0.4745	0.9720	2.803
1188	0.4726	0.9729	2.711
1189	0.4719	0.9731	2.695
1190	0.4685	0.9742	2.578
1191	0.4754	0.9712	2.881
1192	0.4746	0.9717	2.827
1193	0.4585	0.9791	2.089
1194	0.4705	0.9736	2.643
1195	0.4702	0.9734	2.660
1196	0.4731	0.9720	2.803
1197	0.4750	0.9720	2.798
1198	0.4586	0.9788	2.116
1199	0.4725	0.9728	2.724
1200	0.4743	0.9720	2.804
1201	0.4664	0.9750	2.498
1202	0.4714	0.9734	2.658
1203	0.4587	0.9789	2.111
1204	0.4645	0.9760	2.401
1205	0.4727	0.9725	2.753
1206	0.4742	0.9721	2.791
1207	0.4680	0.9749	2.515
1208	0.4704	0.9735	2.652
1209	0.4688	0.9738	2.625
1210	0.4719	0.9728	2.716
1211	0.4723	0.9730	2.699
1212	0.4710	0.9731	2.693
1213	0.4732	0.9727	2.734
1214	0.4727	0.9724	2.764
1215	0.4733	0.9722	2.776
1216	0.4738	0.9724	2.763
1217	0.4742	0.9720	2.801
1218	0.4728	0.9725	2.753
1219	0.4695	0.9736	2.638
1220	0.4746	0.9718	2.817
1221	0.4647	0.9756	2.437
1222	0.4738	0.9721	2.792
1223	0.4742	0.9719	2.811
1224	0.4747	0.9714	2.855
1225	0.4682	0.9744	2.563
1226	0.4676	0.9745	2.550
1227	0.4706	0.9735	2.650
1228	0.4718	0.9732	2.683
1229	0.4678	0.9744	2.560
1230	0.4717	0.9727	2.726
1231	0.4599	0.9782	2.182
1232	0.4755	0.9712	2.881
1233	0.4735	0.9727	2.733
1234	0.4697	0.9741	2.594
1235	0.4691	0.9742	2.582
1236	0.4728	0.9725	2.747
1237	0.4585	0.9793	2.073
1238	0.4763	0.9708	2.916
1239	0.4747	0.9717	2.830
1240	0.4701	0.9737	2.628
1241	0.4728	0.9726	2.739
1242	0.4726	0.9725	2.745
1243	0.4668	0.9752	2.477
1244	0.4721	0.9727	2.731
1245	0.4726	0.9727	2.731
1246	0.4727	0.9724	2.762
1247	0.4691	0.9742	2.583
1248	0.4718	0.9729	2.708
1249	0.4703	0.9736	2.644
1250	0.4737	0.9722	2.781
1251	0.4721	0.9724	2.757
1252	0.4753	0.9714	2.859
1253	0.4731	0.9727	2.729
1254	0.4663	0.9750	2.499
1255	0.4696	0.9741	2.594
1256	0.4727	0.9725	2.753
1257	0.4691	0.9742	2.583
1258	0.4726	0.9724	2.760
1259	0.4734	0.9727	2.734
1260	0.4598	0.9782	2.181
1261	0.4719	0.9727	2.726
1262	0.4675	0.9745	2.549
1263	0.4746	0.9717	2.830
1264	0.4726	0.9727	2.730
1265	0.4726	0.9725	2.749
1266	0.4692	0.9738	2.620
1267	0.4748	0.9720	2.801
1268	0.4607	0.9775	2.245
1269	0.4759	0.9710	2.895
1270	0.4727	0.9724	2.762
1271	0.4566	0.9797	2.028
1272	0.4646	0.9756	2.440
1273	0.4715	0.9727	2.730
1274	0.4741	0.9720	2.803
1275	0.4740	0.9720	2.804
1276	0.4702	0.9734	2.657
1277	0.4733	0.9725	2.753
1278	0.4719	0.9730	2.695
1279	0.4681	0.9744	2.563
1280	0.4727	0.9728	2.717
1281	0.4720	0.9727	2.729
1282	0.4691	0.9742	2.583
1283	0.4693	0.9742	2.582
1284	0.4748	0.9722	2.785
1285	0.4733	0.9721	2.793
1286	0.4700	0.9734	2.660
1287	0.4687	0.9737	2.629
1288	0.4693	0.9736	2.639
1289	0.4682	0.9747	2.527
1290	0.4732	0.9719	2.813
1291	0.4754	0.9715	2.845
1292	0.4739	0.9721	2.794
1293	0.4716	0.9732	2.684
1294	0.4743	0.9717	2.825
1295	0.4583	0.9791	2.091
1296	0.4729	0.9720	2.798
1297	0.4718	0.9725	2.753
1298	0.4585	0.9789	2.112
1299	0.4734	0.9725	2.754
1300	0.4682	0.9742	2.578
1301	0.4743	0.9719	2.805
1302	0.4736	0.9719	2.811
1303	0.4751	0.9711	2.887
1304	0.4711	0.9731	2.686
1305	0.4676	0.9744	2.559
1306	0.4736	0.9720	2.796
1307	0.4610	0.9782	2.183
1308	0.4746	0.9714	2.858
1309	0.4712	0.9734	2.664
1310	0.4724	0.9725	2.752
1311	0.4737	0.9717	2.825
1312	0.4583	0.9793	2.072
1313	0.4745	0.9714	2.858
1314	0.4736	0.9721	2.787
1315	0.4741	0.9718	2.818
1316	0.4704	0.9734	2.655
1317	0.4715	0.9727	2.730
1318	0.4677	0.9742	2.581
1319	0.4708	0.9731	2.690
1320	0.4753	0.9712	2.878
1321	0.4693	0.9743	2.574
1322	0.4735	0.9724	2.761
1323	0.4742	0.9718	2.818
1324	0.4672	0.9745	2.546
1325	0.4734	0.9725	2.752
1326	0.4726	0.9725	2.746
1327	0.4722	0.9728	2.722
1328	0.4678	0.9749	2.512
1329	0.4723	0.9729	2.714
1330	0.4744	0.9718	2.819
1331	0.4725	0.9725	2.749
1332	0.4642	0.9760	2.399
1333	0.4715	0.9731	2.695
1334	0.4719	0.9731	2.693
1335	0.4722	0.9727	2.733
1336	0.4761	0.9708	2.917
1337	0.4751	0.9712	2.883
1338	0.4736	0.9724	2.758
1339	0.4666	0.9752	2.477
1340	0.4660	0.9750	2.496
1341	0.4725	0.9724	2.762
1342	0.4583	0.9788	2.116
1343	0.4730	0.9723	2.774
1344	0.4739	0.9721	2.790
1345	0.4699	0.9737	2.630
1346	0.4715	0.9729	2.712
1347	0.4706	0.9731	2.691
1348	0.4622	0.9770	2.295
1349	0.4724	0.9724	2.763
1350	0.4725	0.9725	2.749
1351	0.4751	0.9714	2.859
1352	0.4722	0.9728	2.721
1353	0.4736	0.9717	2.826
1354	0.4713	0.9727	2.732
1355	0.4725	0.9725	2.753
1356	0.4681	0.9747	2.528
1357	0.4698	0.9737	2.627
1358	0.4744	0.9714	2.856
1359	0.4733	0.9725	2.748
1360	0.4688	0.9742	2.581
1361	0.4689	0.9742	2.581
1362	0.4710	0.9734	2.659
1363	0.4717	0.9731	2.691
1364	0.4744	0.9714	2.859
1365	0.4706	0.9731	2.691
1366	0.4743	0.9719	2.813
1367	0.4622	0.9771	2.292
1368	0.4715	0.9732	2.683
1369	0.4752	0.9712	2.882
1370	0.4582	0.9792	2.075
1371	0.4744	0.9717	2.831
1372	0.4665	0.9752	2.477
1373	0.4724	0.9724	2.761
1374	0.4739	0.9720	2.801
1375	0.4741	0.9720	2.802
1376	0.4757	0.9711	2.893
1377	0.4717	0.9727	2.727
1378	0.4676	0.9749	2.511
1379	0.4734	0.9724	2.760
1380	0.4738	0.9720	2.799
1381	0.4734	0.9720	2.800
1382	0.4690	0.9742	2.581
1383	0.4641	0.9760	2.400
1384	0.4727	0.9720	2.800
1385	0.4718	0.9724	2.755
1386	0.4724	0.9728	2.718
1387	0.4735	0.9722	2.778
1388	0.4734	0.9721	2.791
1389	0.4721	0.9727	2.734
1390	0.4722	0.9725	2.751
1391	0.4678	0.9744	2.562
1392	0.4680	0.9742	2.578
1393	0.4659	0.9750	2.498
1394	0.4724	0.9725	2.747
1395	0.4706	0.9731	2.694
1396	0.4738	0.9719	2.813
1397	0.4729	0.9722	2.775
1398	0.4737	0.9721	2.790
1399	0.4730	0.9725	2.753
1400	0.4737	0.9721	2.795
1401	0.4718	0.9731	2.693
1402	0.4702	0.9735	2.651
1403	0.4731	0.9725	2.752
1404	0.4722	0.9726	2.745
1405	0.4709	0.9732	2.685
1406	0.4713	0.9727	2.729
1407	0.4699	0.9734	2.657
1408	0.4673	0.9744	2.561
1409	0.4699	0.9735	2.645
1410	0.4594	0.9782	2.183
1411	0.4740	0.9718	2.818
1412	0.4684	0.9737	2.628
1413	0.4751	0.9715	2.845
1414	0.4727	0.9727	2.728
1415	0.4675	0.9742	2.578
1416	0.4713	0.9730	2.695
1417	0.4579	0.9791	2.089
1418	0.4717	0.9727	2.731
1419	0.4740	0.9717	2.827
1420	0.4759	0.9708	2.916
1421	0.4734	0.9724	2.758
1422	0.4730	0.9727	2.732
1423	0.4729	0.9718	2.818
1424	0.4692	0.9741	2.593
1425	0.4670	0.9745	2.546
1426	0.4690	0.9736	2.640
1427	0.4690	0.9744	2.564
1428	0.4723	0.9724	2.761
1429	0.4744	0.9720	2.797
1430	0.4582	0.9789	2.111
1431	0.4748	0.9711	2.886
1432	0.4671	0.9745	2.549
1433	0.4658	0.9750	2.496
1434	0.4712	0.9729	2.712
1435	0.4713	0.9729	2.710
1436	0.4642	0.9756	2.439
1437	0.4715	0.9725	2.754
1438	0.4748	0.9711	2.888
1439	0.4688	0.9738	2.618
1440	0.4732	0.9722	2.781
1441	0.4696	0.9734	2.660
1442	0.4721	0.9727	2.730
1443	0.4603	0.9776	2.242
1444	0.4580	0.9789	2.113
1445	0.4729	0.9720	2.799
1446	0.4720	0.9728	2.717
1447	0.4745	0.9721	2.789
1448	0.4562	0.9797	2.028
1449	0.4606	0.9781	2.187
1450	0.4728	0.9718	2.817
1451	0.4725	0.9720	2.801
1452	0.4593	0.9782	2.180
1453	0.4713	0.9728	2.717
1454	0.4731	0.9724	2.756
1455	0.4639	0.9760	2.401
1456	0.4696	0.9734	2.662
1457	0.4715	0.9727	2.734
1458	0.4658	0.9750	2.499
1459	0.4712	0.9729	2.714
1460	0.4742	0.9716	2.836
1461	0.4723	0.9725	2.746
1462	0.4696	0.9737	2.631
1463	0.4717	0.9730	2.700
1464	0.4602	0.9776	2.243
1465	0.4722	0.9724	2.764
1466	0.4698	0.9735	2.652
1467	0.4674	0.9749	2.515
1468	0.4686	0.9742	2.584
1469	0.4758	0.9708	2.917
1470	0.4691	0.9740	2.598
1471	0.4619	0.9771	2.293
1472	0.4716	0.9727	2.728
1473	0.4703	0.9731	2.690
1474	0.4676	0.9744	2.558
1475	0.4749	0.9712	2.879
1476	0.4698	0.9736	2.643
1477	0.4712	0.9731	2.690
1478	0.4687	0.9738	2.616
1479	0.4740	0.9718	2.819
1480	0.4733	0.9718	2.822
1481	0.4732	0.9721	2.793
1482	0.4719	0.9728	2.722
1483	0.4722	0.9724	2.764
1484	0.4739	0.9717	2.828
1485	0.4735	0.9720	2.803
1486	0.4561	0.9797	2.028
1487	0.4668	0.9745	2.549
1488	0.4718	0.9726	2.739
1489	0.4738	0.9718	2.818
1490	0.4714	0.9730	2.701
1491	0.4732	0.9722	2.783
1492	0.4719	0.9728	2.716
1493	0.4578	0.9793	2.074
1494	0.4743	0.9720	2.804
1495	0.4747	0.9714	2.861
1496	0.4707	0.9732	2.685
1497	0.4707	0.9734	2.659
1498	0.4677	0.9742	2.578
1499	0.4732	0.9724	2.761
1500	0.4681	0.9737	2.626
1501	0.4703	0.9731	2.693
1502	0.4720	0.9724	2.763
1503	0.4748	0.9715	2.848
1504	0.4669	0.9745	2.548
1505	0.4740	0.9714	2.857
1506	0.4711	0.9727	2.727
1507	0.4579	0.9789	2.113
1508	0.4754	0.9711	2.891
1509	0.4736	0.9719	2.813
1510	0.4688	0.9743	2.567
1511	0.4730	0.9722	2.779
1512	0.4727	0.9725	2.754
1513	0.4721	0.9728	2.717
1514	0.4741	0.9714	2.860
1515	0.4688	0.9736	2.637
1516	0.4724	0.9727	2.726
1517	0.4735	0.9720	2.800
1518	0.4715	0.9725	2.752
1519	0.4711	0.9732	2.682
1520	0.4672	0.9742	2.576
1521	0.4709	0.9727	2.732
1522	0.4720	0.9727	2.730
1523	0.4743	0.9722	2.784
1524	0.4713	0.9724	2.755
1525	0.4577	0.9791	2.089
1526	0.4685	0.9742	2.583
1527	0.4661	0.9752	2.478
1528	0.4719	0.9725	2.748
1529	0.4727	0.9720	2.797
1530	0.4656	0.9750	2.497
1531	0.4604	0.9782	2.182
1532	0.4670	0.9744	2.557
1533	0.4720	0.9724	2.760
1534	0.4733	0.9720	2.797
1535	0.4734	0.9721	2.789
1536	0.4725	0.9723	2.772
1537	0.4746	0.9711	2.892
1538	0.4719	0.9725	2.750
1539	0.4698	0.9735	2.652
1540	0.4737	0.9720	2.805
1541	0.4639	0.9756	2.440
1542	0.4686	0.9742	2.581
1543	0.4728	0.9724	2.757
1544	0.4579	0.9789	2.110
1545	0.4676	0.9746	2.535
1546	0.4730	0.9719	2.812
1547	0.4728	0.9727	2.734
1548	0.4745	0.9711	2.888
1549	0.4730	0.9724	2.761
1550	0.4720	0.9725	2.751
1551	0.4712	0.9730	2.698
1552	0.4686	0.9742	2.584
1553	0.4719	0.9725	2.749
1554	0.4591	0.9782	2.182
1555	0.4717	0.9728	2.715
1556	0.4720	0.9724	2.761
1557	0.4680	0.9737	2.626
1558	0.4726	0.9725	2.755
1559	0.4710	0.9731	2.687
1560	0.4637	0.9760	2.399
1561	0.4577	0.9793	2.073
1562	0.4701	0.9731	2.690
1563	0.4710	0.9728	2.717
1564	0.4714	0.9730	2.699
1565	0.4747	0.9712	2.880
1566	0.4603	0.9781	2.186
1567	0.4720	0.9728	2.717
1568	0.4738	0.9718	2.819
1569	0.4616	0.9771	2.294
1570	0.4697	0.9734	2.656
1571	0.4752	0.9711	2.892
1572	0.4729	0.9722	2.783
1573	0.4666	0.9745	2.549
1574	0.4708	0.9727	2.730
1575	0.4716	0.9728	2.722
1576	0.4725	0.9718	2.818
1577	0.4718	0.9724	2.765
1578	0.4745	0.9711	2.892
1579	0.4701	0.9731	2.690
1580	0.4730	0.9721	2.786
1581	0.4673	0.9744	2.558
1582	0.4734	0.9720	2.804
1583	0.4669	0.9744	2.558
1584	0.4729	0.9724	2.760
1585	0.4718	0.9725	2.750
1586	0.4684	0.9738	2.617
1587	0.4736	0.9717	2.827
1588	0.4686	0.9736	2.640
1589	0.4695	0.9736	2.644
1590	0.4719	0.9725	2.752
1591	0.4713	0.9727	2.728
1592	0.4718	0.9727	2.728
1593	0.4724	0.9723	2.773
1594	0.4738	0.9714	2.858
1595	0.4638	0.9756	2.439
1596	0.4720	0.9723	2.767
1597	0.4732	0.9721	2.790
1598	0.4675	0.9742	2.579
1599	0.4704	0.9731	2.685
1600	0.4654	0.9750	2.501
1601	0.4686	0.9742	2.575
1602	0.4667	0.9745	2.552
1603	0.4744	0.9711	2.888
1604	0.4575	0.9791	2.089
1605	0.4654	0.9750	2.497
1606	0.4692	0.9734	2.662
1607	0.4712	0.9725	2.752
1608	0.4715	0.9726	2.739
1609	0.4729	0.9723	2.767
1610	0.4695	0.9735	2.655
1611	0.4732	0.9720	2.804
1612	0.4726	0.9726	2.735
1613	0.4659	0.9752	2.481
1614	0.4682	0.9742	2.583
1615	0.4719	0.9725	2.747
1616	0.4735	0.9720	2.805
1617	0.4688	0.9740	2.598
1618	0.4746	0.9715	2.849
1619	0.4711	0.9727	2.728
1620	0.4728	0.9721	2.795
1621	0.4728	0.9719	2.809
1622	0.4670	0.9742	2.579
1623	0.4682	0.9742	2.582
1624	0.4577	0.9789	2.111
1625	0.4735	0.9718	2.817
1626	0.4738	0.9717	2.832
1627	0.4725	0.9720	2.795
1628	0.4718	0.9725	2.753
1629	0.4710	0.9725	2.753
1630	0.4738	0.9714	2.861
1631	0.4674	0.9747	2.529
1632	0.4708	0.9729	2.710
1633	0.4744	0.9714	2.859
1634	0.4729	0.9718	2.822
1635	0.4557	0.9797	2.026
1636	0.4740	0.9721	2.786
1637	0.4598	0.9775	2.247
1638	0.4721	0.9727	2.729
1639	0.4732	0.9719	2.811
1640	0.4691	0.9737	2.627
1641	0.4707	0.9727	2.729
1642	0.4670	0.9749	2.512
1643	0.4754	0.9709	2.914
1644	0.4575	0.9788	2.116
1645	0.4725	0.9725	2.754
1646	0.4708	0.9731	2.694
1647	0.4704	0.9734	2.657
1648	0.4726	0.9725	2.752
1649	0.4720	0.9720	2.797
1650	0.4739	0.9720	2.796
1651	0.4731	0.9721	2.794
1652	0.4727	0.9722	2.778
1653	0.4707	0.9729	2.711
1654	0.4637	0.9757	2.432
1655	0.4693	0.9734	2.655
1656	0.4724	0.9724	2.758
1657	0.4708	0.9729	2.706
1658	0.4705	0.9727	2.734
1659	0.4574	0.9791	2.088
1660	0.4717	0.9724	2.761
1661	0.4753	0.9709	2.915
1662	0.4730	0.9721	2.794
1663	0.4703	0.9731	2.686
1664	0.4731	0.9720	2.800
1665	0.4693	0.9736	2.644
1666	0.4588	0.9782	2.182
1667	0.4709	0.9725	2.753
1668	0.4734	0.9718	2.825
1669	0.4707	0.9731	2.686
1670	0.4714	0.9727	2.734
1671	0.4707	0.9727	2.727
1672	0.4684	0.9736	2.639
1673	0.4691	0.9734	2.658
1674	0.4681	0.9742	2.583
1675	0.4601	0.9782	2.183
1676	0.4574	0.9793	2.073
1677	0.4614	0.9771	2.294
1678	0.4732	0.9718	2.817
1679	0.4728	0.9724	2.763
1680	0.4575	0.9789	2.109
1681	0.4739	0.9719	2.805
1682	0.4717	0.9725	2.752
1683	0.4727	0.9719	2.811
1684	0.4720	0.9720	2.800
1685	0.4737	0.9714	2.860
1686	0.4666	0.9744	2.556
1687	0.4722	0.9718	2.818
1688	0.4736	0.9717	2.835
1689	0.4665	0.9745	2.550
1690	0.4710	0.9727	2.726
1691	0.4711	0.9730	2.697
1692	0.4717	0.9724	2.757
1693	0.4633	0.9760	2.401
1694	0.4721	0.9723	2.771
1695	0.4733	0.9718	2.816
1696	0.4669	0.9749	2.514
1697	0.4724	0.9727	2.734
1698	0.4717	0.9725	2.748
1699	0.4596	0.9776	2.244
1700	0.4673	0.9747	2.529
1701	0.4683	0.9743	2.567
1702	0.4726	0.9721	2.791
1703	0.4744	0.9716	2.845
1704	0.4742	0.9714	2.859
1705	0.4652	0.9750	2.499
1706	0.4574	0.9788	2.116
1707	0.4709	0.9730	2.697
1708	0.4726	0.9724	2.764
1709	0.4727	0.9718	2.824
1710	0.4727	0.9722	2.779
1711	0.4735	0.9715	2.854
1712	0.4716	0.9724	2.761
1713	0.4685	0.9741	2.591
1714	0.4702	0.9734	2.657
1715	0.4715	0.9726	2.744
1716	0.4715	0.9727	2.730
1717	0.4679	0.9742	2.580
1718	0.4698	0.9731	2.688
1719	0.4714	0.9724	2.758
1720	0.4743	0.9712	2.879
1721	0.4748	0.9711	2.892
1722	0.4714	0.9725	2.747
1723	0.4741	0.9712	2.884
1724	0.4651	0.9751	2.495
1725	0.4738	0.9721	2.787
1726	0.4710	0.9725	2.754
1727	0.4555	0.9797	2.026
1728	0.4667	0.9742	2.576
1729	0.4723	0.9725	2.753
1730	0.4670	0.9744	2.563
1731	0.4676	0.9737	2.628
1732	0.4719	0.9727	2.729
1733	0.4712	0.9728	2.719
1734	0.4732	0.9720	2.803
1735	0.4713	0.9729	2.714
1736	0.4724	0.9725	2.752
1737	0.4694	0.9735	2.652
1738	0.4682	0.9742	2.583
1739	0.4729	0.9721	2.791
1740	0.4722	0.9721	2.794
1741	0.4656	0.9752	2.479
1742	0.4680	0.9738	2.620
1743	0.4715	0.9728	2.718
1744	0.4697	0.9731	2.690
1745	0.4730	0.9720	2.800
1746	0.4662	0.9745	2.546
1747	0.4671	0.9742	2.577
1748	0.4705	0.9731	2.695
1749	0.4707	0.9727	2.728
1750	0.4689	0.9737	2.630
1751	0.4733	0.9718	2.817
1752	0.4741	0.9712	2.880
1753	0.4667	0.9749	2.511
1754	0.4700	0.9732	2.684
1755	0.4707	0.9727	2.727
1756	0.4714	0.9728	2.725
1757	0.4705	0.9731	2.695
1758	0.4728	0.9721	2.788
1759	0.4693	0.9735	2.649
1760	0.4724	0.9722	2.780
1761	0.4712	0.9727	2.734
1762	0.4728	0.9721	2.795
1763	0.4715	0.9725	2.752
1764	0.4655	0.9752	2.479
1765	0.4751	0.9708	2.915
1766	0.4713	0.9725	2.748
1767	0.4703	0.9727	2.730
1768	0.4733	0.9718	2.817
1769	0.4726	0.9718	2.824
1770	0.4707	0.9725	2.753
1771	0.4725	0.9722	2.780
1772	0.4595	0.9776	2.245
1773	0.4731	0.9718	2.819
1774	0.4728	0.9720	2.798
1775	0.4675	0.9737	2.628
1776	0.4663	0.9745	2.549
1777	0.4678	0.9742	2.581
1778	0.4725	0.9721	2.791
1779	0.4712	0.9729	2.712
1780	0.4697	0.9731	2.690
1781	0.4740	0.9712	2.879
1782	0.4688	0.9734	2.658
1783	0.4729	0.9720	2.801
1784	0.4739	0.9711	2.887
1785	0.4707	0.9731	2.692
1786	0.4729	0.9719	2.809
1787	0.4631	0.9760	2.397
1788	0.4585	0.9782	2.181
1789	0.4719	0.9723	2.772
1790	0.4649	0.9750	2.497
1791	0.4668	0.9744	2.561
1792	0.4705	0.9729	2.712
1793	0.4736	0.9720	2.804
1794	0.4709	0.9730	2.695
1795	0.4721	0.9724	2.756
1796	0.4718	0.9727	2.728
1797	0.4633	0.9756	2.436
1798	0.4681	0.9736	2.639
1799	0.4703	0.9727	2.727
1800	0.4679	0.9738	2.616
1801	0.4730	0.9720	2.803
1802	0.4724	0.9724	2.762
1803	0.4690	0.9734	2.655
1804	0.4722	0.9725	2.753
1805	0.4704	0.9732	2.685
1806	0.4714	0.9724	2.757
1807	0.4714	0.9728	2.715
1808	0.4741	0.9716	2.845
1809	0.4571	0.9793	2.072
1810	0.4570	0.9791	2.088
1811	0.4713	0.9725	2.747
1812	0.4661	0.9746	2.544
1813	0.4708	0.9724	2.756
1814	0.4707	0.9727	2.729
1815	0.4665	0.9742	2.579
1816	0.4724	0.9724	2.758
1817	0.4721	0.9727	2.734
1818	0.4733	0.9717	2.831
1819	0.4732	0.9714	2.855
1820	0.4710	0.9728	2.720
1821	0.4571	0.9789	2.114
1822	0.4670	0.9747	2.528
1823	0.4611	0.9771	2.295
1824	0.4680	0.9743	2.567
1825	0.4720	0.9720	2.796
1826	0.4713	0.9724	2.760
1827	0.4723	0.9720	2.802
1828	0.4572	0.9789	2.111
1829	0.4695	0.9731	2.690
1830	0.4714	0.9725	2.746
1831	0.4677	0.9742	2.582
1832	0.4722	0.9725	2.751
1833	0.4703	0.9729	2.709
1834	0.4733	0.9714	2.862
1835	0.4597	0.9782	2.183
1836	0.4552	0.9797	2.028
1837	0.4682	0.9740	2.596
1838	0.4689	0.9736	2.644
1839	0.4740	0.9712	2.880
1840	0.4649	0.9750	2.497
1841	0.4739	0.9714	2.859
1842	0.4719	0.9718	2.817
1843	0.4730	0.9717	2.825
1844	0.4699	0.9734	2.658
1845	0.4716	0.9720	2.800
1846	0.4712	0.9724	2.761
1847	0.4735	0.9722	2.784
1848	0.4669	0.9742	2.576
1849	0.4662	0.9744	2.556
1850	0.4745	0.9711	2.893
1851	0.4713	0.9725	2.750
1852	0.4686	0.9737	2.628
1853	0.4679	0.9742	2.582
1854	0.4694	0.9731	2.690
1855	0.4731	0.9718	2.816
1856	0.4667	0.9744	2.561
1857	0.4738	0.9711	2.885
1858	0.4724	0.9718	2.824
1859	0.4669	0.9747	2.527
1860	0.4703	0.9729	2.708
1861	0.4732	0.9717	2.828
1862	0.4740	0.9712	2.880
1863	0.4727	0.9720	2.801
1864	0.4686	0.9737	2.626
1865	0.4712	0.9726	2.743
1866	0.4630	0.9760	2.396
1867	0.4664	0.9742	2.575
1868	0.4738	0.9714	2.861
1869	0.4647	0.9750	2.496
1870	0.4583	0.9782	2.181
1871	0.4705	0.9730	2.695
1872	0.4719	0.9720	2.796
1873	0.4729	0.9718	2.821
1874	0.4569	0.9793	2.072
1875	0.4720	0.9725	2.754
1876	0.4702	0.9731	2.686
1877	0.4672	0.9737	2.628
1878	0.4662	0.9744	2.558
1879	0.4713	0.9725	2.746
1880	0.4677	0.9738	2.616
1881	0.4722	0.9724	2.761
1882	0.4648	0.9750	2.499
1883	0.4711	0.9725	2.746
1884	0.4733	0.9720	2.799
1885	0.4739	0.9715	2.845
1886	0.4718	0.9724	2.757
1887	0.4709	0.9727	2.732
1888	0.4711	0.9727	2.728
1889	0.4722	0.9721	2.791
1890	0.4715	0.9720	2.799
1891	0.4748	0.9709	2.914
1892	0.4679	0.9744	2.561
1893	0.4702	0.9731	2.693
1894	0.4744	0.9711	2.891
1895	0.4728	0.9720	2.801
1896	0.4700	0.9727	2.733
1897	0.4712	0.9725	2.752
1898	0.4712	0.9724	2.756
1899	0.4668	0.9742	2.576
1900	0.4726	0.9719	2.808
1901	0.4609	0.9771	2.293
1902	0.4705	0.9727	2.728
1903	0.4717	0.9718	2.816
1904	0.4676	0.9742	2.582
1905	0.4719	0.9727	2.733
1906	0.4596	0.9782	2.183
1907	0.4659	0.9745	2.550
1908	0.4706	0.9731	2.695
1909	0.4678	0.9736	2.639
1910	0.4701	0.9729	2.711
1911	0.4693	0.9731	2.692
1912	0.4703	0.9725	2.753
1913	0.4704	0.9727	2.726
1914	0.4689	0.9735	2.648
1915	0.4710	0.9725	2.748
1916	0.4710	0.9724	2.762
1917	0.4677	0.9742	2.584
1918	0.4730	0.9714	2.857
1919	0.4658	0.9746	2.544
1920	0.4715	0.9727	2.731
1921	0.4716	0.9723	2.771
1922	0.4711	0.9724	2.761
1923	0.4685	0.9734	2.657
1924	0.4719	0.9725	2.749
1925	0.4674	0.9742	2.581
1926	0.4721	0.9720	2.801
1927	0.4591	0.9776	2.244
1928	0.4724	0.9721	2.794
1929	0.4711	0.9728	2.718
1930	0.4721	0.9722	2.778
1931	0.4708	0.9729	2.715
1932	0.4697	0.9734	2.657
1933	0.4550	0.9797	2.026
1934	0.4630	0.9756	2.438
1935	0.4705	0.9724	2.755
1936	0.4708	0.9728	2.721
1937	0.4663	0.9749	2.511
1938	0.4696	0.9732	2.685
1939	0.4731	0.9714	2.860
1940	0.4686	0.9736	2.645
1941	0.4721	0.9724	2.758
1942	0.4733	0.9721	2.786
1943	0.4720	0.9722	2.781
1944	0.4724	0.9720	2.800
1945	0.4724	0.9721	2.791
1946	0.4680	0.9741	2.590
1947	0.4569	0.9789	2.111
1948	0.4727	0.9717	2.826
1949	0.4651	0.9752	2.479
1950	0.4686	0.9734	2.656
1951	0.4567	0.9791	2.088
1952	0.4568	0.9789	2.112
1953	0.4700	0.9727	2.726
1954	0.4735	0.9711	2.886
1955	0.4707	0.9726	2.736
1956	0.4607	0.9771	2.293
1957	0.4698	0.9727	2.730
1958	0.4720	0.9721	2.793
1959	0.4674	0.9742	2.582
1960	0.4700	0.9731	2.686
1961	0.4658	0.9745	2.550
1962	0.4679	0.9741	2.592
1963	0.4710	0.9724	2.759
1964	0.4730	0.9714	2.860
1965	0.4696	0.9734	2.657
1966	0.4664	0.9744	2.560
1967	0.4677	0.9736	2.639
1968	0.4569	0.9789	2.109
1969	0.4746	0.9709	2.914
1970	0.4718	0.9725	2.754
1971	0.4657	0.9745	2.546
1972	0.4714	0.9727	2.730
1973	0.4727	0.9717	2.825
1974	0.4710	0.9728	2.717
1975	0.4699	0.9729	2.712
1976	0.4692	0.9731	2.691
1977	0.4691	0.9731	2.688
1978	0.4567	0.9793	2.073
1979	0.4707	0.9728	2.717
1980	0.4629	0.9756	2.439
1981	0.4716	0.9724	2.757
1982	0.4702	0.9727	2.729
1983	0.4728	0.9714	2.857
1984	0.4685	0.9735	2.654
1985	0.4699	0.9727	2.727
1986	0.4702	0.9730	2.698
1987	0.4737	0.9712	2.879
1988	0.4704	0.9731	2.695
1989	0.4731	0.9720	2.799
1990	0.4720	0.9724	2.756
1991	0.4673	0.9742	2.581
1992	0.4659	0.9744	2.558
1993	0.4708	0.9725	2.748
1994	0.4724	0.9720	2.800
1995	0.4723	0.9720	2.800
1996	0.4695	0.9731	2.686
1997	0.4718	0.9722	2.776
1998	0.4709	0.9726	2.742
1999	0.4567	0.9788	2.118
