0	0.4735	0.9782	2.185
1	0.4832	0.9741	2.586
2	0.4855	0.9731	2.694
3	0.4813	0.9744	2.564
4	0.4745	0.9774	2.257
5	0.4870	0.9718	2.820
6	0.4722	0.9788	2.125
7	0.4840	0.9734	2.659
8	0.4890	0.9710	2.896
9	0.4831	0.9741	2.585
10	0.4892	0.9715	2.850
11	0.4862	0.9727	2.728
12	0.4871	0.9720	2.800
13	0.4842	0.9733	2.666
14	0.4828	0.9741	2.593
15	0.4858	0.9730	2.699
16	0.4883	0.9714	2.858
17	0.4816	0.9741	2.593
18	0.4864	0.9723	2.766
19	0.4831	0.9735	2.647
20	0.4900	0.9708	2.923
21	0.4861	0.9725	2.747
22	0.4890	0.9710	2.896
23	0.4881	0.9716	2.839
24	0.4819	0.9743	2.568
25	0.4870	0.9724	2.760
26	0.4873	0.9724	2.764
27	0.4864	0.9727	2.728
28	0.4878	0.9718	2.822
29	0.4838	0.9733	2.671
30	0.4837	0.9737	2.629
31	0.4840	0.9735	2.650
32	0.4854	0.9728	2.724
33	0.4874	0.9720	2.795
34	0.4856	0.9724	2.764
35	0.4872	0.9724	2.756
36	0.4858	0.9724	2.763
37	0.4880	0.9718	2.820
38	0.4827	0.9741	2.590
39	0.4861	0.9727	2.725
40	0.4720	0.9791	2.094
41	0.4863	0.9725	2.747
42	0.4804	0.9751	2.487
43	0.4874	0.9717	2.829
44	0.4864	0.9726	2.744
45	0.4858	0.9725	2.747
46	0.4884	0.9713	2.871
47	0.4811	0.9744	2.559
48	0.4783	0.9755	2.449
49	0.4867	0.9726	2.737
50	0.4814	0.9743	2.572
51	0.4864	0.9724	2.764
52	0.4863	0.9723	2.771
53	0.4856	0.9729	2.706
54	0.4747	0.9781	2.186
55	0.4874	0.9723	2.773
56	0.4874	0.9716	2.835
57	0.4849	0.9732	2.678
58	0.4885	0.9720	2.799
59	0.4896	0.9710	2.899
60	0.4851	0.9726	2.742
61	0.4823	0.9737	2.629
62	0.4799	0.9749	2.505
63	0.4856	0.9725	2.746
64	0.4862	0.9723	2.772
65	0.4844	0.9730	2.699
66	0.4874	0.9720	2.798
67	0.4848	0.9730	2.696
68	0.4881	0.9718	2.825
69	0.4721	0.9788	2.119
70	0.4832	0.9739	2.608
71	0.4798	0.9749	2.506
72	0.4760	0.9770	2.302
73	0.4889	0.9713	2.872
74	0.4862	0.9724	2.759
75	0.4845	0.9730	2.704
76	0.4815	0.9747	2.528
77	0.4877	0.9718	2.817
78	0.4876	0.9719	2.807
79	0.4861	0.9724	2.764
80	0.4882	0.9716	2.842
81	0.4876	0.9719	2.807
82	0.4884	0.9719	2.806
83	0.4819	0.9741	2.593
84	0.4870	0.9724	2.761
85	0.4879	0.9718	2.817
86	0.4866	0.9719	2.810
87	0.4827	0.9737	2.628
88	0.4818	0.9746	2.538
89	0.4876	0.9719	2.808
90	0.4868	0.9721	2.787
91	0.4852	0.9729	2.708
92	0.4719	0.9792	2.081
93	0.4870	0.9726	2.737
94	0.4852	0.9726	2.740
95	0.4871	0.9721	2.788
96	0.4853	0.9728	2.723
97	0.4882	0.9713	2.875
98	0.4873	0.9720	2.799
99	0.4859	0.9727	2.735
100	0.4854	0.9729	2.710
101	0.4872	0.9723	2.765
102	0.4838	0.9735	2.649
103	0.4848	0.9732	2.676
104	0.4746	0.9781	2.186
105	0.4861	0.9724	2.764
106	0.4861	0.9723	2.771
107	0.4843	0.9730	2.698
108	0.4814	0.9747	2.527
109	0.4851	0.9726	2.741
110	0.4826	0.9740	2.600
111	0.4881	0.9713	2.866
112	0.4818	0.9741	2.590
113	0.4840	0.9733	2.665
114	0.4875	0.9719	2.807
115	0.4875	0.9719	2.806
116	0.4865	0.9726	2.743
117	0.4871	0.9721	2.786
118	0.4881	0.9716	2.844
119	0.4879	0.9716	2.837
120	0.4828	0.9741	2.586
121	0.4822	0.9737	2.631
122	0.4888	0.9713	2.873
123	0.4718	0.9792	2.081
124	0.4801	0.9751	2.489
125	0.4816	0.9743	2.570
126	0.4835	0.9732	2.677
127	0.4860	0.9727	2.734
128	0.4797	0.9749	2.509
129	0.4868	0.9724	2.765
130	0.4887	0.9710	2.897
131	0.4876	0.9718	2.820
132	0.4780	0.9755	2.452
133	0.4878	0.9716	2.836
134	0.4897	0.9707	2.930
135	0.4847	0.9730	2.699
136	0.4861	0.9724	2.759
137	0.4811	0.9743	2.568
138	0.4867	0.9718	2.819
139	0.4858	0.9727	2.729
140	0.4828	0.9735	2.649
141	0.4830	0.9739	2.610
142	0.4888	0.9715	2.852
143	0.4888	0.9711	2.894
144	0.4855	0.9723	2.768
145	0.4855	0.9730	2.702
146	0.4861	0.9724	2.764
147	0.4861	0.9723	2.770
148	0.4719	0.9788	2.119
149	0.4849	0.9726	2.743
150	0.4796	0.9749	2.506
151	0.4817	0.9746	2.539
152	0.4868	0.9724	2.764
153	0.4812	0.9741	2.591
154	0.4860	0.9723	2.771
155	0.4716	0.9791	2.095
156	0.4834	0.9737	2.634
157	0.4836	0.9734	2.659
158	0.4851	0.9731	2.695
159	0.4882	0.9719	2.808
160	0.4871	0.9723	2.770
161	0.4852	0.9723	2.766
162	0.4874	0.9719	2.807
163	0.4863	0.9719	2.809
164	0.4808	0.9744	2.563
165	0.4875	0.9717	2.831
166	0.4870	0.9720	2.804
167	0.4807	0.9744	2.556
168	0.4886	0.9710	2.897
169	0.4877	0.9719	2.815
170	0.4857	0.9725	2.749
171	0.4740	0.9774	2.258
172	0.4730	0.9781	2.186
173	0.4859	0.9724	2.762
174	0.4757	0.9770	2.300
175	0.4824	0.9740	2.597
176	0.4854	0.9726	2.745
177	0.4860	0.9725	2.746
178	0.4867	0.9720	2.801
179	0.4871	0.9716	2.835
180	0.4878	0.9718	2.825
181	0.4825	0.9737	2.627
182	0.4867	0.9726	2.739
183	0.4882	0.9720	2.796
184	0.4842	0.9730	2.705
185	0.4717	0.9788	2.124
186	0.4860	0.9727	2.727
187	0.4850	0.9729	2.709
188	0.4826	0.9742	2.584
189	0.4849	0.9728	2.722
190	0.4870	0.9717	2.827
191	0.4698	0.9796	2.039
192	0.4892	0.9710	2.898
193	0.4852	0.9726	2.745
194	0.4850	0.9728	2.721
195	0.4865	0.9721	2.787
196	0.4776	0.9759	2.410
197	0.4868	0.9724	2.762
198	0.4860	0.9724	2.764
199	0.4857	0.9727	2.729
200	0.4833	0.9733	2.671
201	0.4847	0.9726	2.742
202	0.4853	0.9725	2.746
203	0.4865	0.9718	2.819
204	0.4885	0.9710	2.897
205	0.4837	0.9734	2.664
206	0.4873	0.9718	2.818
207	0.4865	0.9724	2.759
208	0.4863	0.9726	2.737
209	0.4811	0.9741	2.594
210	0.4716	0.9792	2.081
211	0.4845	0.9732	2.677
212	0.4813	0.9743	2.569
213	0.4876	0.9716	2.837
214	0.4872	0.9719	2.809
215	0.4865	0.9720	2.801
216	0.4870	0.9717	2.834
217	0.4739	0.9774	2.258
218	0.4872	0.9719	2.807
219	0.4853	0.9723	2.766
220	0.4878	0.9716	2.843
221	0.4794	0.9749	2.506
222	0.4794	0.9749	2.508
223	0.4886	0.9715	2.853
224	0.4815	0.9746	2.538
225	0.4828	0.9739	2.608
226	0.4834	0.9734	2.661
227	0.4869	0.9717	2.829
228	0.4848	0.9726	2.739
229	0.4855	0.9725	2.747
230	0.4799	0.9751	2.488
231	0.4866	0.9726	2.738
232	0.4825	0.9742	2.584
233	0.4867	0.9721	2.791
234	0.4840	0.9730	2.705
235	0.4872	0.9720	2.805
236	0.4861	0.9719	2.809
237	0.4808	0.9743	2.573
238	0.4850	0.9729	2.706
239	0.4777	0.9755	2.449
240	0.4840	0.9730	2.699
241	0.4855	0.9727	2.734
242	0.4875	0.9717	2.830
243	0.4868	0.9719	2.805
244	0.4858	0.9727	2.727
245	0.4863	0.9721	2.788
246	0.4876	0.9718	2.823
247	0.4821	0.9741	2.594
248	0.4866	0.9724	2.757
249	0.4857	0.9725	2.752
250	0.4818	0.9737	2.627
251	0.4775	0.9759	2.410
252	0.4857	0.9724	2.758
253	0.4878	0.9713	2.872
254	0.4877	0.9714	2.859
255	0.4806	0.9744	2.562
256	0.4715	0.9787	2.126
257	0.4856	0.9724	2.763
258	0.4755	0.9770	2.304
259	0.4850	0.9725	2.746
260	0.4868	0.9720	2.798
261	0.4843	0.9730	2.696
262	0.4824	0.9741	2.586
263	0.4741	0.9781	2.186
264	0.4822	0.9740	2.601
265	0.4880	0.9720	2.800
266	0.4850	0.9724	2.764
267	0.4834	0.9735	2.651
268	0.4872	0.9717	2.830
269	0.4824	0.9735	2.649
270	0.4858	0.9725	2.746
271	0.4879	0.9719	2.808
272	0.4804	0.9744	2.558
273	0.4890	0.9710	2.903
274	0.4865	0.9724	2.762
275	0.4851	0.9730	2.699
276	0.4893	0.9708	2.925
277	0.4856	0.9726	2.742
278	0.4713	0.9791	2.095
279	0.4885	0.9711	2.893
280	0.4883	0.9713	2.870
281	0.4847	0.9729	2.708
282	0.4848	0.9728	2.721
283	0.4830	0.9737	2.634
284	0.4882	0.9710	2.899
285	0.4727	0.9781	2.189
286	0.4857	0.9723	2.772
287	0.4847	0.9731	2.694
288	0.4847	0.9728	2.722
289	0.4809	0.9748	2.524
290	0.4855	0.9723	2.770
291	0.4715	0.9788	2.119
292	0.4857	0.9723	2.771
293	0.4873	0.9719	2.813
294	0.4813	0.9741	2.591
295	0.4867	0.9723	2.772
296	0.4866	0.9723	2.765
297	0.4822	0.9737	2.627
298	0.4695	0.9796	2.039
299	0.4797	0.9751	2.489
300	0.4854	0.9727	2.729
301	0.4820	0.9740	2.596
302	0.4813	0.9741	2.590
303	0.4823	0.9741	2.589
304	0.4804	0.9743	2.566
305	0.4850	0.9723	2.770
306	0.4857	0.9727	2.732
307	0.4832	0.9733	2.666
308	0.4712	0.9790	2.096
309	0.4873	0.9717	2.833
310	0.4812	0.9746	2.538
311	0.4846	0.9726	2.740
312	0.4855	0.9724	2.758
313	0.4878	0.9719	2.807
314	0.4825	0.9739	2.608
315	0.4884	0.9711	2.895
316	0.4820	0.9741	2.592
317	0.4695	0.9796	2.038
318	0.4855	0.9724	2.764
319	0.4875	0.9714	2.862
320	0.4832	0.9735	2.650
321	0.4823	0.9735	2.648
322	0.4873	0.9719	2.813
323	0.4867	0.9723	2.773
324	0.4856	0.9723	2.771
325	0.4803	0.9744	2.557
326	0.4806	0.9743	2.567
327	0.4847	0.9728	2.720
328	0.4848	0.9724	2.762
329	0.4863	0.9720	2.802
330	0.4848	0.9729	2.711
331	0.4842	0.9732	2.677
332	0.4850	0.9726	2.744
333	0.4866	0.9719	2.809
334	0.4849	0.9730	2.700
335	0.4712	0.9792	2.081
336	0.4873	0.9716	2.836
337	0.4854	0.9727	2.733
338	0.4790	0.9749	2.508
339	0.4861	0.9721	2.787
340	0.4866	0.9720	2.802
341	0.4846	0.9730	2.699
342	0.4867	0.9716	2.835
343	0.4810	0.9743	2.568
344	0.4865	0.9723	2.767
345	0.4713	0.9788	2.120
346	0.4852	0.9725	2.753
347	0.4852	0.9726	2.736
348	0.4845	0.9730	2.704
349	0.4791	0.9749	2.509
350	0.4735	0.9775	2.254
351	0.4881	0.9709	2.909
352	0.4869	0.9718	2.817
353	0.4855	0.9723	2.772
354	0.4875	0.9713	2.874
355	0.4869	0.9719	2.806
356	0.4821	0.9741	2.586
357	0.4840	0.9730	2.701
358	0.4861	0.9724	2.760
359	0.4845	0.9728	2.721
360	0.4891	0.9707	2.925
361	0.4873	0.9717	2.826
362	0.4725	0.9781	2.188
363	0.4864	0.9721	2.789
364	0.4772	0.9759	2.411
365	0.4836	0.9730	2.699
366	0.4882	0.9715	2.852
367	0.4837	0.9730	2.705
368	0.4868	0.9719	2.807
369	0.4865	0.9717	2.829
370	0.4868	0.9719	2.809
371	0.4828	0.9737	2.632
372	0.4858	0.9726	2.737
373	0.4869	0.9717	2.825
374	0.4774	0.9755	2.450
375	0.4806	0.9741	2.590
376	0.4874	0.9716	2.840
377	0.4853	0.9723	2.767
378	0.4847	0.9726	2.745
379	0.4751	0.9770	2.304
380	0.4855	0.9726	2.745
381	0.4860	0.9718	2.820
382	0.4806	0.9747	2.526
383	0.4842	0.9726	2.741
384	0.4819	0.9737	2.626
385	0.4828	0.9733	2.671
386	0.4861	0.9724	2.763
387	0.4887	0.9710	2.901
388	0.4711	0.9788	2.125
389	0.4861	0.9726	2.738
390	0.4832	0.9734	2.664
391	0.4876	0.9720	2.799
392	0.4738	0.9781	2.186
393	0.4880	0.9713	2.871
394	0.4814	0.9737	2.631
395	0.4854	0.9724	2.760
396	0.4879	0.9710	2.897
397	0.4857	0.9719	2.812
398	0.4862	0.9724	2.761
399	0.4854	0.9724	2.765
400	0.4842	0.9726	2.741
401	0.4880	0.9713	2.870
402	0.4867	0.9719	2.808
403	0.4875	0.9719	2.807
404	0.4814	0.9737	2.628
405	0.4820	0.9742	2.584
406	0.4848	0.9723	2.767
407	0.4853	0.9726	2.739
408	0.4840	0.9732	2.677
409	0.4879	0.9710	2.897
410	0.4711	0.9788	2.124
411	0.4819	0.9741	2.585
412	0.4847	0.9726	2.744
413	0.4818	0.9737	2.627
414	0.4843	0.9728	2.722
415	0.4862	0.9724	2.761
416	0.4845	0.9723	2.765
417	0.4820	0.9735	2.647
418	0.4853	0.9724	2.758
419	0.4873	0.9716	2.840
420	0.4822	0.9739	2.606
421	0.4853	0.9727	2.726
422	0.4852	0.9723	2.765
423	0.4862	0.9721	2.788
424	0.4838	0.9731	2.694
425	0.4737	0.9781	2.185
426	0.4847	0.9730	2.699
427	0.4750	0.9770	2.304
428	0.4828	0.9734	2.658
429	0.4870	0.9716	2.837
430	0.4809	0.9747	2.534
431	0.4788	0.9749	2.505
432	0.4772	0.9755	2.450
433	0.4863	0.9719	2.806
434	0.4853	0.9724	2.764
435	0.4842	0.9726	2.737
436	0.4788	0.9749	2.506
437	0.4805	0.9747	2.525
438	0.4843	0.9728	2.719
439	0.4867	0.9717	2.831
440	0.4856	0.9719	2.811
441	0.4843	0.9730	2.704
442	0.4711	0.9788	2.120
443	0.4826	0.9736	2.636
444	0.4858	0.9718	2.819
445	0.4869	0.9719	2.815
446	0.4885	0.9709	2.905
447	0.4849	0.9726	2.735
448	0.4858	0.9721	2.787
449	0.4851	0.9724	2.763
450	0.4859	0.9720	2.799
451	0.4802	0.9743	2.567
452	0.4860	0.9726	2.736
453	0.4871	0.9713	2.865
454	0.4851	0.9724	2.758
455	0.4826	0.9733	2.672
456	0.4830	0.9733	2.665
457	0.4708	0.9791	2.095
458	0.4852	0.9723	2.772
459	0.4888	0.9707	2.929
460	0.4872	0.9713	2.873
461	0.4852	0.9723	2.770
462	0.4862	0.9723	2.767
463	0.4828	0.9735	2.651
464	0.4878	0.9710	2.898
465	0.4769	0.9759	2.406
466	0.4690	0.9796	2.037
467	0.4808	0.9741	2.587
468	0.4803	0.9740	2.596
469	0.4852	0.9725	2.753
470	0.4870	0.9717	2.832
471	0.4863	0.9720	2.801
472	0.4879	0.9711	2.891
473	0.4865	0.9719	2.805
474	0.4865	0.9719	2.807
475	0.4816	0.9740	2.597
476	0.4844	0.9729	2.710
477	0.4862	0.9723	2.772
478	0.4863	0.9717	2.835
479	0.4855	0.9726	2.738
480	0.4879	0.9715	2.850
481	0.4722	0.9781	2.187
482	0.4859	0.9724	2.761
483	0.4815	0.9740	2.595
484	0.4858	0.9724	2.757
485	0.4806	0.9743	2.568
486	0.4798	0.9744	2.558
487	0.4833	0.9730	2.697
488	0.4799	0.9744	2.564
489	0.4868	0.9717	2.833
490	0.4708	0.9792	2.081
491	0.4873	0.9720	2.799
492	0.4844	0.9726	2.743
493	0.4791	0.9751	2.489
494	0.4731	0.9774	2.256
495	0.4849	0.9727	2.729
496	0.4865	0.9718	2.818
497	0.4861	0.9717	2.830
498	0.4848	0.9725	2.753
499	0.4833	0.9730	2.704
500	0.4841	0.9730	2.698
501	0.4854	0.9719	2.810
502	0.4803	0.9741	2.590
503	0.4706	0.9790	2.096
504	0.4836	0.9730	2.700
505	0.4824	0.9736	2.636
506	0.4833	0.9730	2.705
507	0.4845	0.9723	2.767
508	0.4856	0.9721	2.787
509	0.4873	0.9720	2.800
510	0.4841	0.9728	2.721
511	0.4872	0.9719	2.807
512	0.4876	0.9710	2.899
513	0.4849	0.9724	2.757
514	0.4847	0.9725	2.749
515	0.4868	0.9716	2.836
516	0.4791	0.9751	2.489
517	0.4865	0.9718	2.817
518	0.4876	0.9713	2.870
519	0.4814	0.9741	2.594
520	0.4854	0.9726	2.738
521	0.4851	0.9726	2.742
522	0.4858	0.9724	2.761
523	0.4850	0.9725	2.754
524	0.4850	0.9723	2.765
525	0.4847	0.9727	2.728
526	0.4817	0.9742	2.582
527	0.4828	0.9734	2.662
528	0.4860	0.9718	2.825
529	0.4803	0.9748	2.522
530	0.4841	0.9728	2.722
531	0.4857	0.9726	2.736
532	0.4849	0.9726	2.741
533	0.4721	0.9781	2.186
534	0.4747	0.9770	2.301
535	0.4831	0.9730	2.697
536	0.4844	0.9726	2.744
537	0.4785	0.9749	2.508
538	0.4730	0.9774	2.256
539	0.4708	0.9788	2.120
540	0.4707	0.9788	2.123
541	0.4856	0.9724	2.764
542	0.4826	0.9733	2.666
543	0.4859	0.9723	2.768
544	0.4850	0.9723	2.772
545	0.4856	0.9720	2.800
546	0.4847	0.9727	2.730
547	0.4863	0.9719	2.807
548	0.4850	0.9727	2.726
549	0.4733	0.9781	2.186
550	0.4766	0.9759	2.406
551	0.4849	0.9723	2.769
552	0.4769	0.9755	2.450
553	0.4864	0.9717	2.832
554	0.4877	0.9711	2.892
555	0.4860	0.9719	2.810
556	0.4863	0.9719	2.808
557	0.4869	0.9713	2.865
558	0.4877	0.9715	2.852
559	0.4835	0.9732	2.677
560	0.4869	0.9716	2.843
561	0.4875	0.9710	2.896
562	0.4818	0.9739	2.607
563	0.4885	0.9708	2.923
564	0.4860	0.9723	2.771
565	0.4848	0.9724	2.764
566	0.4809	0.9737	2.628
567	0.4860	0.9720	2.797
568	0.4706	0.9792	2.080
569	0.4839	0.9730	2.705
570	0.4860	0.9716	2.835
571	0.4688	0.9796	2.037
572	0.4837	0.9726	2.741
573	0.4855	0.9718	2.818
574	0.4858	0.9721	2.789
575	0.4843	0.9730	2.699
576	0.4869	0.9713	2.872
577	0.4857	0.9724	2.760
578	0.4784	0.9750	2.505
579	0.4812	0.9740	2.597
580	0.4862	0.9720	2.804
581	0.4805	0.9741	2.591
582	0.4841	0.9726	2.744
583	0.4867	0.9718	2.822
584	0.4841	0.9724	2.762
585	0.4815	0.9741	2.585
586	0.4839	0.9731	2.692
587	0.4822	0.9733	2.668
588	0.4795	0.9744	2.556
589	0.4805	0.9746	2.538
590	0.4815	0.9735	2.647
591	0.4841	0.9729	2.705
592	0.4803	0.9743	2.568
593	0.4881	0.9710	2.899
594	0.4865	0.9717	2.829
595	0.4798	0.9743	2.574
596	0.4847	0.9723	2.768
597	0.4838	0.9726	2.738
598	0.4824	0.9735	2.650
599	0.4796	0.9744	2.561
600	0.4813	0.9738	2.625
601	0.4865	0.9719	2.812
602	0.4848	0.9727	2.730
603	0.4858	0.9719	2.807
604	0.4804	0.9746	2.538
605	0.4840	0.9726	2.744
606	0.4833	0.9731	2.695
607	0.4874	0.9713	2.869
608	0.4845	0.9727	2.733
609	0.4745	0.9770	2.300
610	0.4875	0.9715	2.851
611	0.4859	0.9716	2.835
612	0.4855	0.9726	2.737
613	0.4821	0.9733	2.669
614	0.4847	0.9724	2.756
615	0.4857	0.9721	2.790
616	0.4718	0.9781	2.186
617	0.4838	0.9729	2.707
618	0.4767	0.9755	2.449
619	0.4842	0.9723	2.768
620	0.4842	0.9726	2.744
621	0.4842	0.9730	2.704
622	0.4858	0.9720	2.797
623	0.4686	0.9796	2.037
624	0.4861	0.9719	2.808
625	0.4817	0.9739	2.606
626	0.4851	0.9726	2.737
627	0.4867	0.9714	2.859
628	0.4782	0.9749	2.506
629	0.4847	0.9723	2.770
630	0.4861	0.9719	2.814
631	0.4853	0.9722	2.784
632	0.4846	0.9724	2.763
633	0.4795	0.9744	2.559
634	0.4861	0.9720	2.805
635	0.4846	0.9723	2.768
636	0.4764	0.9759	2.408
637	0.4838	0.9728	2.720
638	0.4861	0.9719	2.808
639	0.4814	0.9735	2.647
640	0.4854	0.9720	2.800
641	0.4704	0.9792	2.079
642	0.4811	0.9740	2.596
643	0.4873	0.9710	2.897
644	0.4855	0.9724	2.758
645	0.4837	0.9731	2.690
646	0.4829	0.9729	2.706
647	0.4866	0.9716	2.837
648	0.4801	0.9743	2.569
649	0.4703	0.9791	2.095
650	0.4869	0.9720	2.796
651	0.4825	0.9734	2.665
652	0.4813	0.9742	2.585
653	0.4833	0.9732	2.676
654	0.4879	0.9710	2.898
655	0.4843	0.9725	2.746
656	0.4794	0.9744	2.556
657	0.4874	0.9711	2.893
658	0.4839	0.9724	2.763
659	0.4803	0.9741	2.590
660	0.4846	0.9724	2.758
661	0.4868	0.9719	2.807
662	0.4807	0.9737	2.629
663	0.4861	0.9717	2.829
664	0.4836	0.9728	2.722
665	0.4849	0.9719	2.810
666	0.4856	0.9724	2.759
667	0.4782	0.9750	2.505
668	0.4836	0.9726	2.737
669	0.4726	0.9774	2.256
670	0.4863	0.9716	2.835
671	0.4811	0.9738	2.625
672	0.4852	0.9718	2.818
673	0.4853	0.9724	2.761
674	0.4864	0.9717	2.827
675	0.4798	0.9741	2.589
676	0.4786	0.9751	2.488
677	0.4798	0.9748	2.524
678	0.4846	0.9725	2.747
679	0.4863	0.9719	2.812
680	0.4866	0.9713	2.872
681	0.4810	0.9740	2.597
682	0.4845	0.9727	2.734
683	0.4822	0.9734	2.664
684	0.4846	0.9724	2.765
685	0.4846	0.9723	2.773
686	0.4838	0.9729	2.710
687	0.4704	0.9788	2.119
688	0.4827	0.9730	2.700
689	0.4796	0.9743	2.568
690	0.4843	0.9727	2.731
691	0.4871	0.9710	2.899
692	0.4813	0.9741	2.591
693	0.4856	0.9723	2.772
694	0.4819	0.9736	2.636
695	0.4882	0.9707	2.926
696	0.4862	0.9717	2.831
697	0.4834	0.9726	2.739
698	0.4856	0.9717	2.827
699	0.4729	0.9781	2.185
700	0.4822	0.9735	2.650
701	0.4702	0.9788	2.123
702	0.4852	0.9724	2.763
703	0.4701	0.9790	2.098
704	0.4842	0.9725	2.753
705	0.4856	0.9719	2.813
706	0.4834	0.9726	2.739
707	0.4812	0.9735	2.649
708	0.4797	0.9747	2.528
709	0.4809	0.9740	2.599
710	0.4839	0.9729	2.706
711	0.4864	0.9713	2.867
712	0.4865	0.9713	2.871
713	0.4845	0.9723	2.772
714	0.4805	0.9737	2.632
715	0.4871	0.9713	2.871
716	0.4854	0.9721	2.788
717	0.4797	0.9741	2.590
718	0.4809	0.9740	2.596
719	0.4872	0.9715	2.851
720	0.4850	0.9722	2.785
721	0.4701	0.9792	2.080
722	0.4845	0.9724	2.756
723	0.4837	0.9729	2.710
724	0.4861	0.9717	2.831
725	0.4811	0.9741	2.585
726	0.4859	0.9718	2.816
727	0.4826	0.9730	2.698
728	0.4864	0.9716	2.841
729	0.4877	0.9710	2.898
730	0.4793	0.9744	2.559
731	0.4801	0.9746	2.539
732	0.4866	0.9720	2.795
733	0.4724	0.9774	2.256
734	0.4854	0.9724	2.762
735	0.4728	0.9781	2.185
736	0.4863	0.9717	2.829
737	0.4870	0.9710	2.899
738	0.4843	0.9723	2.771
739	0.4844	0.9724	2.764
740	0.4822	0.9733	2.667
741	0.4854	0.9717	2.829
742	0.4799	0.9743	2.568
743	0.4683	0.9796	2.036
744	0.4866	0.9719	2.807
745	0.4861	0.9716	2.836
746	0.4779	0.9749	2.508
747	0.4813	0.9739	2.608
748	0.4791	0.9744	2.557
749	0.4800	0.9741	2.588
750	0.4794	0.9743	2.566
751	0.4851	0.9726	2.737
752	0.4836	0.9724	2.762
753	0.4842	0.9724	2.761
754	0.4779	0.9749	2.506
755	0.4843	0.9727	2.731
756	0.4838	0.9726	2.743
757	0.4850	0.9724	2.763
758	0.4826	0.9729	2.705
759	0.4844	0.9723	2.770
760	0.4852	0.9724	2.763
761	0.4847	0.9719	2.810
762	0.4843	0.9724	2.761
763	0.4850	0.9720	2.799
764	0.4869	0.9710	2.898
765	0.4763	0.9755	2.452
766	0.4820	0.9735	2.650
767	0.4833	0.9726	2.739
768	0.4854	0.9723	2.771
769	0.4847	0.9726	2.738
770	0.4810	0.9742	2.584
771	0.4808	0.9738	2.625
772	0.4837	0.9723	2.767
773	0.4829	0.9732	2.675
774	0.4841	0.9727	2.727
775	0.4833	0.9729	2.705
776	0.4844	0.9726	2.744
777	0.4817	0.9733	2.669
778	0.4854	0.9716	2.835
779	0.4850	0.9724	2.761
780	0.4836	0.9726	2.742
781	0.4760	0.9759	2.408
782	0.4834	0.9728	2.718
783	0.4714	0.9781	2.188
784	0.4860	0.9719	2.813
785	0.4879	0.9707	2.927
786	0.4783	0.9751	2.489
787	0.4856	0.9719	2.807
788	0.4840	0.9727	2.734
789	0.4849	0.9718	2.817
790	0.4856	0.9719	2.809
791	0.4819	0.9734	2.659
792	0.4857	0.9717	2.831
793	0.4816	0.9737	2.634
794	0.4856	0.9720	2.804
795	0.4833	0.9728	2.722
796	0.4833	0.9731	2.690
797	0.4870	0.9711	2.894
798	0.4853	0.9721	2.792
799	0.4740	0.9770	2.304
800	0.4828	0.9731	2.693
801	0.4843	0.9728	2.724
802	0.4700	0.9788	2.125
803	0.4701	0.9788	2.117
804	0.4848	0.9722	2.785
805	0.4790	0.9744	2.562
806	0.4848	0.9718	2.818
807	0.4722	0.9775	2.255
808	0.4839	0.9726	2.736
809	0.4825	0.9730	2.705
810	0.4843	0.9723	2.765
811	0.4868	0.9710	2.898
812	0.4828	0.9732	2.677
813	0.4828	0.9730	2.698
814	0.4849	0.9720	2.800
815	0.4777	0.9749	2.506
816	0.4841	0.9724	2.761
817	0.4850	0.9724	2.762
818	0.4806	0.9740	2.597
819	0.4840	0.9727	2.728
820	0.4726	0.9781	2.186
821	0.4809	0.9741	2.591
822	0.4862	0.9716	2.843
823	0.4816	0.9733	2.671
824	0.4833	0.9728	2.720
825	0.4759	0.9759	2.406
826	0.4857	0.9717	2.831
827	0.4818	0.9734	2.661
828	0.4809	0.9735	2.647
829	0.4842	0.9723	2.771
830	0.4823	0.9730	2.699
831	0.4875	0.9710	2.902
832	0.4869	0.9711	2.890
833	0.4851	0.9724	2.765
834	0.4861	0.9714	2.860
835	0.4805	0.9740	2.595
836	0.4848	0.9724	2.756
837	0.4831	0.9726	2.738
838	0.4811	0.9739	2.606
839	0.4867	0.9711	2.895
840	0.4845	0.9726	2.738
841	0.4855	0.9720	2.800
842	0.4793	0.9741	2.585
843	0.4699	0.9788	2.124
844	0.4840	0.9724	2.763
845	0.4834	0.9726	2.743
846	0.4858	0.9717	2.827
847	0.4840	0.9726	2.737
848	0.4850	0.9721	2.790
849	0.4841	0.9724	2.756
850	0.4851	0.9718	2.824
851	0.4738	0.9770	2.304
852	0.4815	0.9737	2.633
853	0.4797	0.9747	2.532
854	0.4862	0.9720	2.803
855	0.4859	0.9718	2.822
856	0.4802	0.9737	2.627
857	0.4831	0.9729	2.706
858	0.4841	0.9723	2.767
859	0.4777	0.9750	2.504
860	0.4838	0.9725	2.745
861	0.4848	0.9726	2.736
862	0.4833	0.9730	2.702
863	0.4697	0.9790	2.095
864	0.4851	0.9720	2.803
865	0.4855	0.9719	2.811
866	0.4807	0.9742	2.582
867	0.4806	0.9738	2.625
868	0.4795	0.9743	2.569
869	0.4868	0.9715	2.849
870	0.4858	0.9716	2.836
871	0.4841	0.9728	2.723
872	0.4857	0.9719	2.813
873	0.4867	0.9713	2.865
874	0.4835	0.9726	2.744
875	0.4781	0.9751	2.487
876	0.4797	0.9741	2.589
877	0.4854	0.9719	2.808
878	0.4851	0.9723	2.770
879	0.4876	0.9707	2.925
880	0.4711	0.9781	2.188
881	0.4860	0.9713	2.872
882	0.4760	0.9755	2.453
883	0.4831	0.9730	2.697
884	0.4851	0.9717	2.833
885	0.4851	0.9720	2.798
886	0.4698	0.9788	2.118
887	0.4854	0.9719	2.809
888	0.4834	0.9730	2.702
889	0.4790	0.9743	2.568
890	0.4816	0.9735	2.650
891	0.4828	0.9726	2.740
892	0.4841	0.9726	2.745
893	0.4697	0.9792	2.080
894	0.4679	0.9796	2.038
895	0.4834	0.9723	2.768
896	0.4830	0.9728	2.722
897	0.4787	0.9744	2.556
898	0.4832	0.9724	2.763
899	0.4818	0.9734	2.664
900	0.4839	0.9723	2.770
901	0.4843	0.9719	2.814
902	0.4862	0.9720	2.799
903	0.4848	0.9724	2.763
904	0.4792	0.9747	2.526
905	0.4804	0.9740	2.599
906	0.4790	0.9743	2.566
907	0.4853	0.9719	2.806
908	0.4678	0.9796	2.037
909	0.4830	0.9728	2.722
910	0.4836	0.9725	2.753
911	0.4719	0.9775	2.253
912	0.4832	0.9729	2.712
913	0.4796	0.9746	2.539
914	0.4848	0.9724	2.763
915	0.4839	0.9723	2.769
916	0.4865	0.9710	2.898
917	0.4800	0.9737	2.630
918	0.4837	0.9727	2.727
919	0.4859	0.9713	2.872
920	0.4872	0.9710	2.901
921	0.4815	0.9735	2.650
922	0.4758	0.9755	2.450
923	0.4859	0.9716	2.844
924	0.4791	0.9747	2.525
925	0.4803	0.9741	2.594
926	0.4867	0.9711	2.890
927	0.4838	0.9723	2.768
928	0.4853	0.9719	2.807
929	0.4850	0.9720	2.799
930	0.4791	0.9741	2.587
931	0.4850	0.9723	2.771
932	0.4829	0.9730	2.703
933	0.4855	0.9717	2.828
934	0.4806	0.9735	2.646
935	0.4709	0.9781	2.186
936	0.4857	0.9717	2.825
937	0.4812	0.9733	2.669
938	0.4853	0.9717	2.830
939	0.4722	0.9781	2.186
940	0.4814	0.9734	2.660
941	0.4850	0.9717	2.833
942	0.4844	0.9722	2.783
943	0.4838	0.9726	2.736
944	0.4848	0.9724	2.764
945	0.4804	0.9738	2.623
946	0.4845	0.9720	2.800
947	0.4844	0.9718	2.818
948	0.4842	0.9719	2.809
949	0.4846	0.9726	2.737
950	0.4786	0.9744	2.559
951	0.4838	0.9724	2.758
952	0.4827	0.9726	2.739
953	0.4828	0.9726	2.736
954	0.4779	0.9751	2.487
955	0.4855	0.9716	2.836
956	0.4830	0.9724	2.764
957	0.4848	0.9717	2.827
958	0.4837	0.9724	2.758
959	0.4864	0.9713	2.869
960	0.4824	0.9731	2.693
961	0.4829	0.9728	2.718
962	0.4838	0.9727	2.725
963	0.4838	0.9723	2.770
964	0.4847	0.9721	2.790
965	0.4845	0.9724	2.759
966	0.4832	0.9726	2.743
967	0.4774	0.9749	2.507
968	0.4860	0.9720	2.795
969	0.4805	0.9742	2.578
970	0.4816	0.9734	2.662
971	0.4844	0.9724	2.756
972	0.4835	0.9727	2.728
973	0.4807	0.9740	2.601
974	0.4792	0.9743	2.570
975	0.4851	0.9720	2.802
976	0.4863	0.9711	2.894
977	0.4828	0.9731	2.690
978	0.4865	0.9715	2.845
979	0.4855	0.9719	2.814
980	0.4804	0.9742	2.582
981	0.4696	0.9788	2.119
982	0.4794	0.9741	2.588
983	0.4830	0.9726	2.742
984	0.4824	0.9732	2.676
985	0.4852	0.9719	2.813
986	0.4873	0.9708	2.922
987	0.4838	0.9726	2.741
988	0.4820	0.9730	2.704
989	0.4694	0.9792	2.082
990	0.4856	0.9714	2.859
991	0.4811	0.9737	2.633
992	0.4847	0.9720	2.800
993	0.4831	0.9730	2.696
994	0.4841	0.9726	2.736
995	0.4784	0.9745	2.554
996	0.4836	0.9724	2.763
997	0.4754	0.9759	2.406
998	0.4831	0.9723	2.766
999	0.4837	0.9724	2.763
1000	0.4693	0.9791	2.094
1001	0.4694	0.9788	2.123
1002	0.4818	0.9730	2.699
1003	0.4859	0.9719	2.806
1004	0.4734	0.9770	2.300
1005	0.4772	0.9749	2.506
1006	0.4806	0.9739	2.610
1007	0.4836	0.9727	2.731
1008	0.4811	0.9736	2.637
1009	0.4787	0.9743	2.565
1010	0.4862	0.9710	2.897
1011	0.4815	0.9734	2.664
1012	0.4834	0.9725	2.753
1013	0.4802	0.9737	2.629
1014	0.4693	0.9792	2.078
1015	0.4836	0.9723	2.772
1016	0.4856	0.9716	2.843
1017	0.4859	0.9720	2.799
1018	0.4804	0.9735	2.649
1019	0.4834	0.9727	2.728
1020	0.4864	0.9715	2.852
1021	0.4829	0.9724	2.764
1022	0.4818	0.9730	2.699
1023	0.4777	0.9751	2.488
1024	0.4862	0.9710	2.902
1025	0.4753	0.9759	2.405
1026	0.4843	0.9720	2.799
1027	0.4830	0.9730	2.704
1028	0.4836	0.9723	2.771
1029	0.4836	0.9723	2.769
1030	0.4850	0.9718	2.817
1031	0.4851	0.9717	2.827
1032	0.4818	0.9730	2.705
1033	0.4822	0.9732	2.675
1034	0.4853	0.9719	2.813
1035	0.4843	0.9726	2.736
1036	0.4716	0.9775	2.252
1037	0.4864	0.9710	2.895
1038	0.4796	0.9737	2.629
1039	0.4772	0.9749	2.507
1040	0.4847	0.9723	2.769
1041	0.4771	0.9749	2.507
1042	0.4826	0.9728	2.723
1043	0.4836	0.9726	2.744
1044	0.4830	0.9726	2.743
1045	0.4675	0.9796	2.037
1046	0.4827	0.9728	2.718
1047	0.4694	0.9788	2.117
1048	0.4836	0.9727	2.730
1049	0.4834	0.9724	2.762
1050	0.4828	0.9729	2.709
1051	0.4855	0.9714	2.864
1052	0.4802	0.9741	2.586
1053	0.4706	0.9781	2.187
1054	0.4839	0.9726	2.742
1055	0.4836	0.9724	2.764
1056	0.4792	0.9741	2.586
1057	0.4868	0.9710	2.902
1058	0.4783	0.9744	2.562
1059	0.4692	0.9788	2.123
1060	0.4833	0.9727	2.734
1061	0.4787	0.9747	2.527
1062	0.4732	0.9770	2.298
1063	0.4829	0.9723	2.766
1064	0.4838	0.9719	2.813
1065	0.4782	0.9745	2.552
1066	0.4849	0.9719	2.805
1067	0.4871	0.9707	2.931
1068	0.4840	0.9721	2.787
1069	0.4846	0.9716	2.837
1070	0.4802	0.9741	2.590
1071	0.4825	0.9726	2.741
1072	0.4789	0.9743	2.568
1073	0.4845	0.9721	2.789
1074	0.4843	0.9724	2.762
1075	0.4799	0.9740	2.598
1076	0.4718	0.9782	2.184
1077	0.4834	0.9723	2.767
1078	0.4857	0.9719	2.810
1079	0.4799	0.9740	2.596
1080	0.4843	0.9724	2.764
1081	0.4754	0.9755	2.451
1082	0.4848	0.9719	2.809
1083	0.4853	0.9717	2.827
1084	0.4820	0.9730	2.695
1085	0.4841	0.9724	2.758
1086	0.4823	0.9726	2.739
1087	0.4810	0.9734	2.660
1088	0.4852	0.9717	2.834
1089	0.4844	0.9724	2.760
1090	0.4811	0.9735	2.648
1091	0.4825	0.9731	2.691
1092	0.4845	0.9718	2.823
1093	0.4791	0.9747	2.533
1094	0.4851	0.9718	2.822
1095	0.4848	0.9720	2.802
1096	0.4840	0.9718	2.818
1097	0.4827	0.9726	2.742
1098	0.4808	0.9733	2.668
1099	0.4786	0.9742	2.585
1100	0.4834	0.9724	2.756
1101	0.4844	0.9720	2.798
1102	0.4860	0.9714	2.864
1103	0.4690	0.9791	2.094
1104	0.4854	0.9713	2.869
1105	0.4845	0.9721	2.794
1106	0.4824	0.9730	2.704
1107	0.4769	0.9749	2.507
1108	0.4801	0.9735	2.646
1109	0.4788	0.9743	2.569
1110	0.4822	0.9726	2.740
1111	0.4837	0.9719	2.808
1112	0.4807	0.9737	2.633
1113	0.4859	0.9710	2.896
1114	0.4850	0.9718	2.823
1115	0.4820	0.9733	2.675
1116	0.4825	0.9728	2.721
1117	0.4851	0.9719	2.814
1118	0.4847	0.9720	2.804
1119	0.4815	0.9730	2.696
1120	0.4824	0.9728	2.720
1121	0.4861	0.9711	2.895
1122	0.4831	0.9727	2.728
1123	0.4860	0.9714	2.863
1124	0.4774	0.9752	2.482
1125	0.4840	0.9720	2.799
1126	0.4848	0.9719	2.810
1127	0.4839	0.9722	2.783
1128	0.4786	0.9748	2.520
1129	0.4790	0.9741	2.589
1130	0.4845	0.9716	2.836
1131	0.4843	0.9721	2.790
1132	0.4823	0.9727	2.735
1133	0.4855	0.9721	2.793
1134	0.4828	0.9724	2.765
1135	0.4689	0.9791	2.094
1136	0.4690	0.9792	2.080
1137	0.4852	0.9714	2.861
1138	0.4834	0.9727	2.726
1139	0.4850	0.9716	2.835
1140	0.4797	0.9740	2.595
1141	0.4830	0.9725	2.747
1142	0.4789	0.9746	2.538
1143	0.4793	0.9737	2.630
1144	0.4827	0.9730	2.698
1145	0.4672	0.9796	2.036
1146	0.4840	0.9726	2.737
1147	0.4780	0.9745	2.554
1148	0.4843	0.9720	2.804
1149	0.4854	0.9719	2.807
1150	0.4859	0.9710	2.897
1151	0.4825	0.9729	2.707
1152	0.4842	0.9724	2.760
1153	0.4798	0.9738	2.624
1154	0.4799	0.9742	2.581
1155	0.4809	0.9735	2.648
1156	0.4768	0.9749	2.506
1157	0.4806	0.9733	2.669
1158	0.4713	0.9775	2.253
1159	0.4838	0.9718	2.817
1160	0.4860	0.9715	2.851
1161	0.4832	0.9727	2.732
1162	0.4818	0.9730	2.699
1163	0.4825	0.9724	2.763
1164	0.4780	0.9744	2.561
1165	0.4843	0.9723	2.772
1166	0.4847	0.9717	2.831
1167	0.4752	0.9755	2.451
1168	0.4822	0.9730	2.700
1169	0.4830	0.9727	2.727
1170	0.4802	0.9739	2.607
1171	0.4831	0.9723	2.767
1172	0.4831	0.9724	2.757
1173	0.4842	0.9718	2.823
1174	0.4833	0.9726	2.744
1175	0.4832	0.9724	2.765
1176	0.4825	0.9726	2.741
1177	0.4782	0.9743	2.567
1178	0.4826	0.9726	2.742
1179	0.4822	0.9731	2.692
1180	0.4832	0.9723	2.769
1181	0.4868	0.9708	2.923
1182	0.4814	0.9730	2.704
1183	0.4852	0.9716	2.838
1184	0.4840	0.9724	2.757
1185	0.4799	0.9742	2.577
1186	0.4749	0.9759	2.406
1187	0.4846	0.9720	2.800
1188	0.4839	0.9724	2.761
1189	0.4729	0.9770	2.304
1190	0.4850	0.9718	2.821
1191	0.4842	0.9721	2.791
1192	0.4865	0.9710	2.896
1193	0.4703	0.9782	2.184
1194	0.4716	0.9781	2.186
1195	0.4810	0.9734	2.664
1196	0.4838	0.9724	2.760
1197	0.4783	0.9741	2.587
1198	0.4852	0.9713	2.868
1199	0.4795	0.9741	2.594
1200	0.4690	0.9788	2.117
1201	0.4807	0.9734	2.660
1202	0.4689	0.9788	2.122
1203	0.4835	0.9726	2.739
1204	0.4830	0.9724	2.762
1205	0.4845	0.9719	2.808
1206	0.4831	0.9723	2.771
1207	0.4831	0.9724	2.757
1208	0.4851	0.9713	2.869
1209	0.4857	0.9710	2.896
1210	0.4822	0.9731	2.690
1211	0.4850	0.9714	2.859
1212	0.4792	0.9737	2.627
1213	0.4807	0.9735	2.648
1214	0.4800	0.9739	2.606
1215	0.4798	0.9742	2.583
1216	0.4821	0.9728	2.720
1217	0.4841	0.9720	2.799
1218	0.4857	0.9714	2.862
1219	0.4821	0.9729	2.705
1220	0.4715	0.9781	2.186
1221	0.4797	0.9742	2.583
1222	0.4711	0.9775	2.252
1223	0.4842	0.9717	2.833
1224	0.4852	0.9719	2.807
1225	0.4809	0.9734	2.664
1226	0.4850	0.9716	2.839
1227	0.4812	0.9730	2.699
1228	0.4830	0.9723	2.767
1229	0.4804	0.9737	2.633
1230	0.4819	0.9726	2.740
1231	0.4837	0.9720	2.802
1232	0.4830	0.9724	2.756
1233	0.4867	0.9708	2.921
1234	0.4845	0.9719	2.811
1235	0.4816	0.9733	2.674
1236	0.4728	0.9770	2.305
1237	0.4766	0.9750	2.503
1238	0.4823	0.9729	2.708
1239	0.4780	0.9743	2.569
1240	0.4783	0.9748	2.522
1241	0.4841	0.9723	2.770
1242	0.4838	0.9726	2.736
1243	0.4820	0.9726	2.736
1244	0.4841	0.9720	2.796
1245	0.4829	0.9726	2.736
1246	0.4836	0.9718	2.817
1247	0.4687	0.9792	2.079
1248	0.4828	0.9727	2.727
1249	0.4824	0.9730	2.701
1250	0.4823	0.9726	2.739
1251	0.4847	0.9716	2.835
1252	0.4829	0.9724	2.762
1253	0.4852	0.9720	2.796
1254	0.4778	0.9744	2.559
1255	0.4770	0.9751	2.487
1256	0.4844	0.9720	2.804
1257	0.4830	0.9724	2.763
1258	0.4863	0.9710	2.899
1259	0.4857	0.9711	2.891
1260	0.4857	0.9715	2.851
1261	0.4843	0.9719	2.806
1262	0.4777	0.9745	2.553
1263	0.4830	0.9723	2.769
1264	0.4812	0.9730	2.704
1265	0.4833	0.9719	2.808
1266	0.4848	0.9718	2.823
1267	0.4843	0.9720	2.804
1268	0.4786	0.9747	2.531
1269	0.4827	0.9725	2.746
1270	0.4855	0.9710	2.895
1271	0.4844	0.9718	2.822
1272	0.4830	0.9728	2.722
1273	0.4784	0.9743	2.571
1274	0.4795	0.9738	2.624
1275	0.4837	0.9724	2.761
1276	0.4786	0.9741	2.588
1277	0.4820	0.9728	2.718
1278	0.4688	0.9788	2.115
1279	0.4781	0.9741	2.590
1280	0.4746	0.9760	2.404
1281	0.4803	0.9733	2.671
1282	0.4796	0.9735	2.647
1283	0.4823	0.9726	2.742
1284	0.4815	0.9731	2.695
1285	0.4748	0.9755	2.449
1286	0.4838	0.9724	2.763
1287	0.4829	0.9723	2.772
1288	0.4686	0.9788	2.121
1289	0.4839	0.9717	2.825
1290	0.4793	0.9741	2.594
1291	0.4764	0.9749	2.507
1292	0.4828	0.9724	2.760
1293	0.4823	0.9724	2.764
1294	0.4833	0.9726	2.739
1295	0.4684	0.9790	2.096
1296	0.4805	0.9734	2.663
1297	0.4835	0.9724	2.760
1298	0.4834	0.9722	2.784
1299	0.4668	0.9796	2.037
1300	0.4846	0.9717	2.832
1301	0.4821	0.9724	2.764
1302	0.4793	0.9740	2.597
1303	0.4838	0.9724	2.763
1304	0.4699	0.9781	2.186
1305	0.4845	0.9719	2.811
1306	0.4826	0.9727	2.735
1307	0.4829	0.9725	2.749
1308	0.4838	0.9721	2.790
1309	0.4785	0.9746	2.537
1310	0.4848	0.9714	2.858
1311	0.4725	0.9770	2.298
1312	0.4685	0.9792	2.080
1313	0.4798	0.9739	2.608
1314	0.4827	0.9727	2.733
1315	0.4781	0.9748	2.524
1316	0.4839	0.9720	2.798
1317	0.4822	0.9726	2.742
1318	0.4829	0.9723	2.772
1319	0.4834	0.9718	2.817
1320	0.4856	0.9715	2.851
1321	0.4747	0.9755	2.451
1322	0.4836	0.9726	2.737
1323	0.4745	0.9760	2.405
1324	0.4845	0.9717	2.833
1325	0.4792	0.9741	2.593
1326	0.4793	0.9738	2.624
1327	0.4822	0.9730	2.702
1328	0.4828	0.9723	2.771
1329	0.4788	0.9737	2.630
1330	0.4833	0.9722	2.784
1331	0.4778	0.9743	2.566
1332	0.4801	0.9733	2.672
1333	0.4831	0.9719	2.812
1334	0.4838	0.9719	2.808
1335	0.4683	0.9790	2.096
1336	0.4828	0.9724	2.764
1337	0.4828	0.9727	2.730
1338	0.4792	0.9740	2.597
1339	0.4818	0.9728	2.720
1340	0.4827	0.9724	2.757
1341	0.4844	0.9719	2.811
1342	0.4841	0.9719	2.806
1343	0.4837	0.9724	2.761
1344	0.4698	0.9781	2.185
1345	0.4835	0.9724	2.761
1346	0.4784	0.9741	2.587
1347	0.4834	0.9720	2.800
1348	0.4794	0.9735	2.645
1349	0.4849	0.9719	2.807
1350	0.4847	0.9713	2.870
1351	0.4686	0.9788	2.116
1352	0.4860	0.9710	2.898
1353	0.4816	0.9726	2.738
1354	0.4847	0.9716	2.837
1355	0.4818	0.9731	2.691
1356	0.4818	0.9728	2.718
1357	0.4817	0.9726	2.735
1358	0.4809	0.9730	2.704
1359	0.4838	0.9723	2.770
1360	0.4863	0.9708	2.922
1361	0.4817	0.9730	2.703
1362	0.4711	0.9781	2.185
1363	0.4841	0.9720	2.803
1364	0.4826	0.9723	2.768
1365	0.4841	0.9719	2.813
1366	0.4767	0.9751	2.486
1367	0.4826	0.9724	2.757
1368	0.4853	0.9710	2.895
1369	0.4824	0.9725	2.746
1370	0.4836	0.9721	2.789
1371	0.4838	0.9717	2.835
1372	0.4819	0.9726	2.739
1373	0.4778	0.9742	2.585
1374	0.4819	0.9729	2.708
1375	0.4844	0.9717	2.835
1376	0.4821	0.9724	2.765
1377	0.4781	0.9743	2.567
1378	0.4841	0.9717	2.830
1379	0.4824	0.9727	2.727
1380	0.4803	0.9735	2.648
1381	0.4845	0.9717	2.826
1382	0.4819	0.9724	2.761
1383	0.4762	0.9749	2.506
1384	0.4835	0.9724	2.761
1385	0.4793	0.9742	2.583
1386	0.4848	0.9720	2.796
1387	0.4854	0.9711	2.890
1388	0.4833	0.9724	2.756
1389	0.4827	0.9726	2.741
1390	0.4774	0.9744	2.559
1391	0.4812	0.9731	2.691
1392	0.4793	0.9742	2.579
1393	0.4665	0.9796	2.036
1394	0.4802	0.9734	2.658
1395	0.4825	0.9724	2.762
1396	0.4773	0.9745	2.552
1397	0.4706	0.9775	2.252
1398	0.4812	0.9733	2.674
1399	0.4823	0.9727	2.731
1400	0.4807	0.9730	2.699
1401	0.4800	0.9737	2.634
1402	0.4683	0.9788	2.121
1403	0.4804	0.9734	2.664
1404	0.4851	0.9710	2.899
1405	0.4836	0.9718	2.824
1406	0.4839	0.9719	2.807
1407	0.4852	0.9713	2.869
1408	0.4761	0.9749	2.505
1409	0.4830	0.9726	2.736
1410	0.4818	0.9726	2.739
1411	0.4816	0.9731	2.694
1412	0.4818	0.9724	2.760
1413	0.4665	0.9796	2.037
1414	0.4848	0.9721	2.795
1415	0.4843	0.9716	2.835
1416	0.4835	0.9724	2.762
1417	0.4745	0.9755	2.449
1418	0.4790	0.9738	2.625
1419	0.4858	0.9710	2.900
1420	0.4819	0.9724	2.765
1421	0.4815	0.9730	2.700
1422	0.4766	0.9751	2.486
1423	0.4861	0.9708	2.924
1424	0.4826	0.9727	2.728
1425	0.4792	0.9735	2.646
1426	0.4823	0.9727	2.727
1427	0.4682	0.9792	2.080
1428	0.4772	0.9745	2.554
1429	0.4842	0.9717	2.831
1430	0.4844	0.9714	2.861
1431	0.4831	0.9718	2.818
1432	0.4801	0.9735	2.650
1433	0.4822	0.9726	2.736
1434	0.4851	0.9710	2.897
1435	0.4838	0.9719	2.806
1436	0.4835	0.9718	2.824
1437	0.4695	0.9781	2.188
1438	0.4842	0.9719	2.811
1439	0.4816	0.9728	2.717
1440	0.4826	0.9725	2.749
1441	0.4775	0.9743	2.566
1442	0.4851	0.9710	2.905
1443	0.4819	0.9730	2.704
1444	0.4828	0.9719	2.811
1445	0.4760	0.9750	2.504
1446	0.4846	0.9719	2.808
1447	0.4844	0.9716	2.843
1448	0.4822	0.9725	2.749
1449	0.4817	0.9729	2.708
1450	0.4830	0.9722	2.783
1451	0.4810	0.9731	2.695
1452	0.4682	0.9788	2.121
1453	0.4815	0.9728	2.721
1454	0.4788	0.9741	2.593
1455	0.4838	0.9720	2.803
1456	0.4721	0.9770	2.295
1457	0.4839	0.9718	2.815
1458	0.4835	0.9720	2.798
1459	0.4683	0.9788	2.118
1460	0.4824	0.9724	2.758
1461	0.4844	0.9713	2.868
1462	0.4789	0.9740	2.597
1463	0.4839	0.9717	2.830
1464	0.4823	0.9727	2.732
1465	0.4831	0.9720	2.800
1466	0.4850	0.9713	2.870
1467	0.4778	0.9743	2.567
1468	0.4704	0.9775	2.251
1469	0.4798	0.9733	2.671
1470	0.4823	0.9724	2.762
1471	0.4824	0.9723	2.771
1472	0.4793	0.9739	2.608
1473	0.4802	0.9734	2.663
1474	0.4823	0.9723	2.769
1475	0.4834	0.9720	2.802
1476	0.4780	0.9741	2.587
1477	0.4806	0.9730	2.703
1478	0.4842	0.9717	2.825
1479	0.4834	0.9723	2.769
1480	0.4835	0.9717	2.834
1481	0.4823	0.9724	2.757
1482	0.4830	0.9724	2.756
1483	0.4805	0.9730	2.696
1484	0.4791	0.9742	2.581
1485	0.4776	0.9748	2.519
1486	0.4759	0.9750	2.505
1487	0.4851	0.9715	2.850
1488	0.4707	0.9782	2.185
1489	0.4790	0.9741	2.586
1490	0.4831	0.9724	2.761
1491	0.4812	0.9726	2.738
1492	0.4824	0.9724	2.763
1493	0.4780	0.9746	2.536
1494	0.4827	0.9726	2.736
1495	0.4832	0.9724	2.759
1496	0.4771	0.9744	2.560
1497	0.4799	0.9734	2.659
1498	0.4813	0.9727	2.734
1499	0.4823	0.9723	2.769
1500	0.4832	0.9721	2.789
1501	0.4679	0.9791	2.093
1502	0.4837	0.9720	2.805
1503	0.4851	0.9711	2.892
1504	0.4775	0.9742	2.584
1505	0.4783	0.9737	2.629
1506	0.4830	0.9727	2.735
1507	0.4797	0.9737	2.634
1508	0.4817	0.9726	2.741
1509	0.4809	0.9733	2.674
1510	0.4740	0.9759	2.405
1511	0.4694	0.9782	2.184
1512	0.4789	0.9742	2.582
1513	0.4820	0.9727	2.731
1514	0.4823	0.9726	2.745
1515	0.4833	0.9723	2.770
1516	0.4817	0.9723	2.766
1517	0.4790	0.9735	2.646
1518	0.4815	0.9724	2.761
1519	0.4822	0.9724	2.759
1520	0.4758	0.9749	2.506
1521	0.4841	0.9718	2.824
1522	0.4720	0.9770	2.297
1523	0.4833	0.9720	2.805
1524	0.4805	0.9730	2.703
1525	0.4836	0.9719	2.807
1526	0.4837	0.9719	2.814
1527	0.4706	0.9782	2.185
1528	0.4763	0.9751	2.487
1529	0.4782	0.9737	2.629
1530	0.4661	0.9797	2.034
1531	0.4804	0.9730	2.697
1532	0.4839	0.9718	2.818
1533	0.4823	0.9727	2.732
1534	0.4839	0.9717	2.833
1535	0.4813	0.9730	2.699
1536	0.4848	0.9710	2.904
1537	0.4827	0.9722	2.784
1538	0.4828	0.9718	2.815
1539	0.4796	0.9737	2.635
1540	0.4812	0.9726	2.736
1541	0.4850	0.9711	2.889
1542	0.4774	0.9741	2.587
1543	0.4822	0.9724	2.764
1544	0.4825	0.9719	2.813
1545	0.4787	0.9737	2.627
1546	0.4855	0.9709	2.906
1547	0.4816	0.9730	2.704
1548	0.4739	0.9760	2.404
1549	0.4849	0.9715	2.852
1550	0.4786	0.9741	2.592
1551	0.4833	0.9720	2.797
1552	0.4812	0.9730	2.701
1553	0.4677	0.9790	2.096
1554	0.4822	0.9724	2.756
1555	0.4800	0.9734	2.664
1556	0.4825	0.9726	2.736
1557	0.4678	0.9792	2.079
1558	0.4821	0.9727	2.732
1559	0.4822	0.9723	2.770
1560	0.4807	0.9731	2.695
1561	0.4820	0.9724	2.760
1562	0.4843	0.9719	2.806
1563	0.4835	0.9719	2.808
1564	0.4774	0.9748	2.521
1565	0.4828	0.9720	2.801
1566	0.4843	0.9721	2.795
1567	0.4679	0.9788	2.121
1568	0.4791	0.9739	2.607
1569	0.4820	0.9723	2.766
1570	0.4777	0.9747	2.534
1571	0.4832	0.9716	2.835
1572	0.4701	0.9775	2.253
1573	0.4819	0.9728	2.725
1574	0.4841	0.9716	2.835
1575	0.4821	0.9723	2.768
1576	0.4829	0.9724	2.756
1577	0.4841	0.9713	2.868
1578	0.4775	0.9743	2.569
1579	0.4809	0.9726	2.737
1580	0.4838	0.9716	2.837
1581	0.4831	0.9718	2.818
1582	0.4797	0.9734	2.655
1583	0.4777	0.9741	2.587
1584	0.4757	0.9750	2.503
1585	0.4788	0.9742	2.579
1586	0.4857	0.9708	2.922
1587	0.4768	0.9745	2.552
1588	0.4740	0.9755	2.448
1589	0.4794	0.9733	2.669
1590	0.4840	0.9714	2.857
1591	0.4815	0.9726	2.742
1592	0.4830	0.9721	2.789
1593	0.4818	0.9726	2.744
1594	0.4834	0.9720	2.801
1595	0.4771	0.9743	2.566
1596	0.4846	0.9711	2.894
1597	0.4679	0.9788	2.116
1598	0.4810	0.9728	2.720
1599	0.4811	0.9728	2.718
1600	0.4846	0.9713	2.868
1601	0.4768	0.9744	2.559
1602	0.4813	0.9729	2.710
1603	0.4785	0.9741	2.594
1604	0.4835	0.9717	2.830
1605	0.4827	0.9724	2.757
1606	0.4828	0.9724	2.761
1607	0.4813	0.9726	2.739
1608	0.4796	0.9735	2.646
1609	0.4830	0.9724	2.759
1610	0.4827	0.9726	2.736
1611	0.4806	0.9733	2.675
1612	0.4784	0.9741	2.592
1613	0.4814	0.9730	2.697
1614	0.4847	0.9715	2.847
1615	0.4787	0.9743	2.574
1616	0.4833	0.9720	2.800
1617	0.4820	0.9726	2.740
1618	0.4827	0.9726	2.739
1619	0.4826	0.9718	2.816
1620	0.4795	0.9734	2.656
1621	0.4826	0.9724	2.757
1622	0.4755	0.9750	2.503
1623	0.4833	0.9720	2.801
1624	0.4820	0.9728	2.722
1625	0.4772	0.9748	2.517
1626	0.4812	0.9724	2.757
1627	0.4809	0.9727	2.733
1628	0.4817	0.9728	2.719
1629	0.4830	0.9721	2.787
1630	0.4828	0.9725	2.752
1631	0.4837	0.9716	2.839
1632	0.4836	0.9718	2.818
1633	0.4838	0.9718	2.817
1634	0.4805	0.9731	2.695
1635	0.4811	0.9728	2.721
1636	0.4677	0.9792	2.080
1637	0.4802	0.9730	2.700
1638	0.4774	0.9743	2.567
1639	0.4812	0.9730	2.701
1640	0.4796	0.9735	2.647
1641	0.4830	0.9718	2.818
1642	0.4833	0.9719	2.809
1643	0.4816	0.9725	2.747
1644	0.4793	0.9737	2.628
1645	0.4833	0.9720	2.800
1646	0.4737	0.9759	2.405
1647	0.4816	0.9728	2.724
1648	0.4819	0.9725	2.751
1649	0.4826	0.9720	2.798
1650	0.4845	0.9711	2.893
1651	0.4783	0.9742	2.584
1652	0.4845	0.9714	2.863
1653	0.4809	0.9732	2.685
1654	0.4829	0.9721	2.793
1655	0.4699	0.9775	2.252
1656	0.4824	0.9722	2.780
1657	0.4767	0.9744	2.558
1658	0.4822	0.9726	2.735
1659	0.4703	0.9781	2.186
1660	0.4658	0.9797	2.034
1661	0.4809	0.9728	2.721
1662	0.4840	0.9720	2.805
1663	0.4677	0.9788	2.116
1664	0.4826	0.9724	2.761
1665	0.4846	0.9711	2.891
1666	0.4676	0.9788	2.121
1667	0.4819	0.9724	2.763
1668	0.4788	0.9740	2.603
1669	0.4813	0.9726	2.741
1670	0.4818	0.9724	2.758
1671	0.4829	0.9723	2.769
1672	0.4792	0.9733	2.668
1673	0.4759	0.9751	2.485
1674	0.4800	0.9730	2.696
1675	0.4765	0.9745	2.552
1676	0.4674	0.9790	2.095
1677	0.4689	0.9781	2.186
1678	0.4807	0.9726	2.736
1679	0.4822	0.9719	2.810
1680	0.4784	0.9741	2.586
1681	0.4774	0.9742	2.584
1682	0.4817	0.9724	2.759
1683	0.4775	0.9746	2.540
1684	0.4778	0.9737	2.629
1685	0.4838	0.9713	2.866
1686	0.4817	0.9727	2.734
1687	0.4785	0.9735	2.647
1688	0.4753	0.9749	2.506
1689	0.4768	0.9743	2.570
1690	0.4804	0.9732	2.678
1691	0.4818	0.9723	2.769
1692	0.4715	0.9770	2.298
1693	0.4851	0.9709	2.907
1694	0.4833	0.9717	2.834
1695	0.4737	0.9755	2.452
1696	0.4840	0.9720	2.801
1697	0.4769	0.9741	2.587
1698	0.4834	0.9718	2.817
1699	0.4818	0.9723	2.775
1700	0.4796	0.9734	2.663
1701	0.4854	0.9707	2.928
1702	0.4828	0.9723	2.767
1703	0.4812	0.9724	2.763
1704	0.4783	0.9737	2.629
1705	0.4837	0.9713	2.866
1706	0.4827	0.9721	2.787
1707	0.4810	0.9726	2.745
1708	0.4817	0.9723	2.768
1709	0.4829	0.9717	2.832
1710	0.4807	0.9730	2.699
1711	0.4843	0.9710	2.901
1712	0.4837	0.9716	2.843
1713	0.4824	0.9720	2.801
1714	0.4816	0.9727	2.734
1715	0.4736	0.9755	2.448
1716	0.4826	0.9724	2.762
1717	0.4807	0.9728	2.720
1718	0.4772	0.9743	2.566
1719	0.4836	0.9714	2.859
1720	0.4781	0.9741	2.593
1721	0.4764	0.9745	2.551
1722	0.4820	0.9719	2.809
1723	0.4809	0.9724	2.761
1724	0.4823	0.9724	2.760
1725	0.4793	0.9735	2.650
1726	0.4853	0.9708	2.919
1727	0.4782	0.9738	2.623
1728	0.4830	0.9719	2.807
1729	0.4815	0.9724	2.761
1730	0.4814	0.9727	2.725
1731	0.4784	0.9742	2.583
1732	0.4827	0.9718	2.819
1733	0.4850	0.9710	2.898
1734	0.4700	0.9781	2.186
1735	0.4675	0.9788	2.118
1736	0.4817	0.9723	2.769
1737	0.4805	0.9727	2.735
1738	0.4811	0.9724	2.763
1739	0.4844	0.9715	2.853
1740	0.4809	0.9726	2.743
1741	0.4786	0.9739	2.610
1742	0.4828	0.9717	2.832
1743	0.4809	0.9729	2.708
1744	0.4838	0.9719	2.807
1745	0.4822	0.9722	2.783
1746	0.4687	0.9781	2.186
1747	0.4807	0.9728	2.717
1748	0.4790	0.9737	2.633
1749	0.4844	0.9711	2.889
1750	0.4830	0.9720	2.802
1751	0.4820	0.9726	2.736
1752	0.4817	0.9723	2.767
1753	0.4733	0.9759	2.405
1754	0.4833	0.9717	2.828
1755	0.4824	0.9724	2.760
1756	0.4780	0.9741	2.591
1757	0.4792	0.9734	2.657
1758	0.4696	0.9775	2.250
1759	0.4813	0.9727	2.730
1760	0.4842	0.9713	2.865
1761	0.4806	0.9730	2.702
1762	0.4713	0.9770	2.299
1763	0.4672	0.9791	2.094
1764	0.4794	0.9734	2.664
1765	0.4768	0.9742	2.584
1766	0.4841	0.9710	2.896
1767	0.4751	0.9750	2.505
1768	0.4790	0.9733	2.671
1769	0.4816	0.9725	2.748
1770	0.4768	0.9748	2.521
1771	0.4823	0.9726	2.738
1772	0.4826	0.9723	2.770
1773	0.4825	0.9721	2.791
1774	0.4826	0.9720	2.796
1775	0.4802	0.9733	2.673
1776	0.4766	0.9744	2.564
1777	0.4797	0.9730	2.697
1778	0.4830	0.9719	2.813
1779	0.4798	0.9730	2.703
1780	0.4841	0.9710	2.896
1781	0.4763	0.9744	2.559
1782	0.4751	0.9750	2.504
1783	0.4782	0.9735	2.645
1784	0.4826	0.9720	2.803
1785	0.4825	0.9724	2.760
1786	0.4809	0.9726	2.739
1787	0.4834	0.9718	2.822
1788	0.4832	0.9717	2.833
1789	0.4814	0.9724	2.764
1790	0.4812	0.9725	2.747
1791	0.4756	0.9752	2.483
1792	0.4775	0.9737	2.631
1793	0.4821	0.9718	2.817
1794	0.4837	0.9721	2.794
1795	0.4805	0.9727	2.733
1796	0.4781	0.9742	2.582
1797	0.4830	0.9717	2.830
1798	0.4815	0.9724	2.756
1799	0.4805	0.9731	2.687
1800	0.4832	0.9719	2.811
1801	0.4815	0.9724	2.765
1802	0.4771	0.9741	2.587
1803	0.4654	0.9797	2.035
1804	0.4814	0.9724	2.759
1805	0.4672	0.9792	2.080
1806	0.4800	0.9731	2.693
1807	0.4771	0.9747	2.535
1808	0.4834	0.9716	2.839
1809	0.4828	0.9719	2.807
1810	0.4835	0.9713	2.869
1811	0.4809	0.9730	2.698
1812	0.4815	0.9728	2.720
1813	0.4672	0.9788	2.123
1814	0.4832	0.9717	2.834
1815	0.4822	0.9724	2.759
1816	0.4775	0.9737	2.631
1817	0.4781	0.9735	2.645
1818	0.4829	0.9717	2.830
1819	0.4670	0.9791	2.093
1820	0.4826	0.9717	2.835
1821	0.4808	0.9724	2.765
1822	0.4815	0.9723	2.770
1823	0.4808	0.9726	2.741
1824	0.4825	0.9718	2.819
1825	0.4836	0.9719	2.806
1826	0.4750	0.9749	2.505
1827	0.4711	0.9770	2.299
1828	0.4840	0.9710	2.897
1829	0.4671	0.9792	2.078
1830	0.4761	0.9745	2.554
1831	0.4833	0.9714	2.862
1832	0.4815	0.9727	2.727
1833	0.4805	0.9730	2.697
1834	0.4779	0.9738	2.625
1835	0.4825	0.9720	2.798
1836	0.4731	0.9759	2.406
1837	0.4840	0.9710	2.902
1838	0.4820	0.9724	2.760
1839	0.4824	0.9720	2.804
1840	0.4811	0.9727	2.732
1841	0.4671	0.9788	2.120
1842	0.4818	0.9726	2.736
1843	0.4823	0.9721	2.790
1844	0.4830	0.9717	2.827
1845	0.4822	0.9724	2.760
1846	0.4814	0.9726	2.743
1847	0.4803	0.9728	2.717
1848	0.4820	0.9720	2.799
1849	0.4821	0.9726	2.739
1850	0.4780	0.9743	2.572
1851	0.4789	0.9734	2.656
1852	0.4769	0.9747	2.528
1853	0.4749	0.9750	2.501
1854	0.4827	0.9720	2.805
1855	0.4694	0.9775	2.250
1856	0.4813	0.9726	2.736
1857	0.4792	0.9734	2.660
1858	0.4841	0.9715	2.847
1859	0.4823	0.9724	2.759
1860	0.4813	0.9725	2.750
1861	0.4826	0.9720	2.800
1862	0.4801	0.9726	2.739
1863	0.4819	0.9722	2.781
1864	0.4799	0.9731	2.693
1865	0.4812	0.9725	2.750
1866	0.4807	0.9730	2.696
1867	0.4824	0.9724	2.765
1868	0.4672	0.9788	2.116
1869	0.4819	0.9718	2.817
1870	0.4761	0.9745	2.555
1871	0.4652	0.9796	2.035
1872	0.4812	0.9724	2.762
1873	0.4830	0.9719	2.809
1874	0.4827	0.9720	2.801
1875	0.4732	0.9755	2.448
1876	0.4763	0.9744	2.565
1877	0.4846	0.9710	2.898
1878	0.4805	0.9726	2.737
1879	0.4813	0.9723	2.771
1880	0.4786	0.9736	2.636
1881	0.4683	0.9782	2.183
1882	0.4779	0.9742	2.582
1883	0.4849	0.9708	2.920
1884	0.4794	0.9730	2.696
1885	0.4810	0.9725	2.745
1886	0.4789	0.9735	2.649
1887	0.4765	0.9748	2.519
1888	0.4803	0.9730	2.698
1889	0.4831	0.9718	2.824
1890	0.4832	0.9716	2.842
1891	0.4813	0.9724	2.762
1892	0.4840	0.9711	2.889
1893	0.4805	0.9729	2.708
1894	0.4835	0.9720	2.796
1895	0.4782	0.9740	2.603
1896	0.4753	0.9752	2.485
1897	0.4802	0.9727	2.734
1898	0.4798	0.9733	2.673
1899	0.4794	0.9730	2.702
1900	0.4811	0.9724	2.761
1901	0.4764	0.9742	2.585
1902	0.4803	0.9728	2.718
1903	0.4815	0.9719	2.807
1904	0.4838	0.9713	2.869
1905	0.4766	0.9743	2.567
1906	0.4786	0.9733	2.668
1907	0.4826	0.9719	2.807
1908	0.4832	0.9713	2.868
1909	0.4809	0.9727	2.725
1910	0.4776	0.9741	2.591
1911	0.4768	0.9741	2.587
1912	0.4696	0.9782	2.185
1913	0.4776	0.9741	2.590
1914	0.4804	0.9724	2.761
1915	0.4822	0.9718	2.822
1916	0.4811	0.9727	2.733
1917	0.4804	0.9729	2.708
1918	0.4747	0.9750	2.503
1919	0.4786	0.9737	2.633
1920	0.4778	0.9741	2.586
1921	0.4793	0.9730	2.696
1922	0.4820	0.9724	2.758
1923	0.4826	0.9717	2.831
1924	0.4812	0.9723	2.770
1925	0.4779	0.9735	2.647
1926	0.4801	0.9727	2.734
1927	0.4810	0.9723	2.769
1928	0.4776	0.9741	2.594
1929	0.4801	0.9728	2.721
1930	0.4819	0.9726	2.736
1931	0.4828	0.9718	2.823
1932	0.4839	0.9711	2.890
1933	0.4825	0.9720	2.804
1934	0.4670	0.9788	2.116
1935	0.4778	0.9742	2.583
1936	0.4811	0.9724	2.762
1937	0.4731	0.9755	2.448
1938	0.4810	0.9724	2.759
1939	0.4682	0.9782	2.184
1940	0.4830	0.9718	2.824
1941	0.4805	0.9730	2.697
1942	0.4751	0.9752	2.484
1943	0.4808	0.9727	2.731
1944	0.4809	0.9728	2.725
1945	0.4799	0.9727	2.734
1946	0.4821	0.9720	2.801
1947	0.4828	0.9717	2.833
1948	0.4832	0.9720	2.805
1949	0.4831	0.9713	2.867
1950	0.4847	0.9708	2.924
1951	0.4802	0.9728	2.718
1952	0.4830	0.9714	2.857
1953	0.4814	0.9726	2.738
1954	0.4811	0.9726	2.743
1955	0.4789	0.9734	2.661
1956	0.4805	0.9724	2.762
1957	0.4767	0.9747	2.531
1958	0.4827	0.9719	2.809
1959	0.4668	0.9792	2.080
1960	0.4650	0.9796	2.036
1961	0.4803	0.9724	2.761
1962	0.4763	0.9748	2.519
1963	0.4814	0.9719	2.809
1964	0.4816	0.9722	2.781
1965	0.4836	0.9710	2.896
1966	0.4825	0.9719	2.813
1967	0.4801	0.9731	2.692
1968	0.4793	0.9730	2.700
1969	0.4758	0.9744	2.557
1970	0.4707	0.9770	2.296
1971	0.4809	0.9724	2.760
1972	0.4821	0.9717	2.832
1973	0.4816	0.9718	2.816
1974	0.4821	0.9723	2.767
1975	0.4824	0.9720	2.801
1976	0.4766	0.9741	2.585
1977	0.4762	0.9741	2.585
1978	0.4786	0.9734	2.659
1979	0.4810	0.9728	2.723
1980	0.4796	0.9731	2.692
1981	0.4807	0.9725	2.745
1982	0.4786	0.9735	2.648
1983	0.4843	0.9710	2.900
1984	0.4727	0.9759	2.407
1985	0.4800	0.9730	2.696
1986	0.4764	0.9743	2.568
1987	0.4745	0.9749	2.505
1988	0.4819	0.9721	2.788
1989	0.4760	0.9744	2.564
1990	0.4837	0.9715	2.848
1991	0.4823	0.9719	2.808
1992	0.4817	0.9724	2.759
1993	0.4693	0.9782	2.185
1994	0.4802	0.9726	2.742
1995	0.4665	0.9790	2.096
1996	0.4779	0.9739	2.607
1997	0.4667	0.9788	2.119
1998	0.4819	0.9723	2.767
1999	0.4774	0.9737	2.628
