0	0.4665	0.9742	2.576
1	0.4709	0.9725	2.752
2	0.4710	0.9726	2.739
3	0.4742	0.9711	2.892
4	0.4682	0.9737	2.626
5	0.4725	0.9719	2.812
6	0.4566	0.9791	2.089
7	0.4719	0.9722	2.781
8	0.4685	0.9736	2.643
9	0.4718	0.9724	2.756
10	0.4580	0.9782	2.178
11	0.4589	0.9776	2.243
12	0.4715	0.9721	2.794
13	0.4660	0.9742	2.575
14	0.4716	0.9727	2.734
15	0.4706	0.9728	2.717
16	0.4703	0.9725	2.754
17	0.4720	0.9718	2.822
18	0.4727	0.9718	2.816
19	0.4593	0.9782	2.182
20	0.4674	0.9738	2.616
21	0.4714	0.9723	2.770
22	0.4722	0.9721	2.793
23	0.4548	0.9797	2.029
24	0.4719	0.9719	2.810
25	0.4714	0.9718	2.816
26	0.4731	0.9721	2.787
27	0.4734	0.9714	2.856
28	0.4717	0.9725	2.748
29	0.4675	0.9743	2.566
30	0.4682	0.9734	2.658
31	0.4698	0.9731	2.693
32	0.4707	0.9727	2.726
33	0.4736	0.9716	2.844
34	0.4707	0.9724	2.763
35	0.4661	0.9749	2.513
36	0.4625	0.9760	2.397
37	0.4644	0.9750	2.499
38	0.4700	0.9725	2.754
39	0.4649	0.9752	2.480
40	0.4643	0.9750	2.498
41	0.4722	0.9721	2.788
42	0.4702	0.9727	2.726
43	0.4699	0.9729	2.714
44	0.4733	0.9712	2.885
45	0.4674	0.9742	2.582
46	0.4711	0.9720	2.801
47	0.4668	0.9737	2.626
48	0.4724	0.9720	2.804
49	0.4664	0.9747	2.533
50	0.4727	0.9717	2.831
51	0.4723	0.9719	2.812
52	0.4686	0.9735	2.651
53	0.4734	0.9711	2.888
54	0.4707	0.9725	2.748
55	0.4708	0.9724	2.761
56	0.4656	0.9745	2.549
57	0.4719	0.9718	2.823
58	0.4565	0.9793	2.073
59	0.4708	0.9724	2.763
60	0.4706	0.9727	2.729
61	0.4718	0.9719	2.811
62	0.4718	0.9721	2.793
63	0.4705	0.9728	2.720
64	0.4726	0.9718	2.818
65	0.4565	0.9789	2.113
66	0.4675	0.9736	2.639
67	0.4566	0.9789	2.111
68	0.4700	0.9725	2.754
69	0.4710	0.9720	2.800
70	0.4697	0.9728	2.715
71	0.4672	0.9739	2.615
72	0.4729	0.9720	2.803
73	0.4671	0.9742	2.582
74	0.4727	0.9714	2.859
75	0.4740	0.9711	2.892
76	0.4604	0.9771	2.293
77	0.4722	0.9719	2.811
78	0.4689	0.9731	2.689
79	0.4724	0.9720	2.802
80	0.4708	0.9726	2.744
81	0.4721	0.9720	2.801
82	0.4712	0.9723	2.769
83	0.4707	0.9725	2.753
84	0.4663	0.9747	2.526
85	0.4697	0.9727	2.727
86	0.4706	0.9726	2.745
87	0.4563	0.9791	2.087
88	0.4681	0.9734	2.655
89	0.4715	0.9725	2.754
90	0.4701	0.9724	2.755
91	0.4734	0.9712	2.878
92	0.4667	0.9737	2.626
93	0.4718	0.9722	2.783
94	0.4711	0.9727	2.730
95	0.4713	0.9719	2.815
96	0.4704	0.9729	2.713
97	0.4654	0.9746	2.545
98	0.4685	0.9735	2.649
99	0.4714	0.9727	2.734
100	0.4647	0.9752	2.480
101	0.4683	0.9735	2.655
102	0.4732	0.9712	2.884
103	0.4697	0.9732	2.684
104	0.4707	0.9724	2.760
105	0.4699	0.9731	2.694
106	0.4726	0.9714	2.856
107	0.4689	0.9731	2.691
108	0.4699	0.9727	2.725
109	0.4692	0.9732	2.683
110	0.4716	0.9724	2.760
111	0.4717	0.9724	2.756
112	0.4658	0.9742	2.576
113	0.4720	0.9721	2.788
114	0.4577	0.9782	2.182
115	0.4729	0.9721	2.786
116	0.4734	0.9716	2.845
117	0.4662	0.9742	2.576
118	0.4719	0.9721	2.792
119	0.4590	0.9782	2.184
120	0.4721	0.9720	2.803
121	0.4586	0.9776	2.243
122	0.4642	0.9750	2.496
123	0.4625	0.9756	2.439
124	0.4676	0.9740	2.597
125	0.4713	0.9720	2.798
126	0.4692	0.9734	2.658
127	0.4673	0.9743	2.567
128	0.4703	0.9727	2.734
129	0.4696	0.9731	2.692
130	0.4658	0.9749	2.512
131	0.4700	0.9727	2.727
132	0.4715	0.9725	2.747
133	0.4742	0.9709	2.914
134	0.4694	0.9727	2.731
135	0.4705	0.9724	2.762
136	0.4712	0.9724	2.756
137	0.4623	0.9760	2.397
138	0.4706	0.9728	2.717
139	0.4697	0.9729	2.708
140	0.4725	0.9717	2.828
141	0.4670	0.9742	2.581
142	0.4706	0.9725	2.746
143	0.4723	0.9718	2.823
144	0.4672	0.9742	2.582
145	0.4679	0.9737	2.628
146	0.4656	0.9744	2.557
147	0.4682	0.9735	2.646
148	0.4641	0.9750	2.495
149	0.4700	0.9730	2.695
150	0.4715	0.9722	2.778
151	0.4704	0.9725	2.748
152	0.4545	0.9798	2.025
153	0.4660	0.9744	2.561
154	0.4722	0.9718	2.820
155	0.4731	0.9712	2.880
156	0.4731	0.9714	2.861
157	0.4714	0.9725	2.748
158	0.4704	0.9724	2.756
159	0.4625	0.9757	2.431
160	0.4720	0.9720	2.800
161	0.4730	0.9712	2.884
162	0.4703	0.9729	2.708
163	0.4672	0.9737	2.633
164	0.4669	0.9742	2.577
165	0.4732	0.9715	2.845
166	0.4563	0.9788	2.117
167	0.4674	0.9741	2.586
168	0.4655	0.9744	2.559
169	0.4661	0.9748	2.522
170	0.4712	0.9727	2.729
171	0.4731	0.9714	2.858
172	0.4702	0.9727	2.729
173	0.4693	0.9727	2.731
174	0.4640	0.9750	2.496
175	0.4724	0.9715	2.850
176	0.4713	0.9725	2.748
177	0.4708	0.9728	2.722
178	0.4711	0.9719	2.809
179	0.4704	0.9727	2.728
180	0.4705	0.9729	2.713
181	0.4694	0.9729	2.710
182	0.4705	0.9724	2.759
183	0.4659	0.9744	2.563
184	0.4690	0.9731	2.685
185	0.4576	0.9782	2.178
186	0.4711	0.9724	2.756
187	0.4678	0.9738	2.624
188	0.4678	0.9734	2.657
189	0.4705	0.9724	2.755
190	0.4697	0.9731	2.688
191	0.4687	0.9731	2.686
192	0.4681	0.9736	2.643
193	0.4732	0.9712	2.880
194	0.4695	0.9731	2.692
195	0.4721	0.9719	2.812
196	0.4704	0.9726	2.741
197	0.4671	0.9744	2.560
198	0.4710	0.9723	2.770
199	0.4622	0.9760	2.396
200	0.4652	0.9746	2.542
201	0.4737	0.9711	2.888
202	0.4705	0.9727	2.732
203	0.4690	0.9734	2.659
204	0.4726	0.9721	2.790
205	0.4698	0.9731	2.692
206	0.4645	0.9753	2.473
207	0.4721	0.9718	2.820
208	0.4701	0.9728	2.718
209	0.4694	0.9732	2.680
210	0.4695	0.9730	2.704
211	0.4703	0.9726	2.745
212	0.4719	0.9720	2.805
213	0.4656	0.9742	2.575
214	0.4698	0.9725	2.751
215	0.4723	0.9717	2.826
216	0.4698	0.9727	2.732
217	0.4717	0.9721	2.794
218	0.4730	0.9712	2.879
219	0.4703	0.9726	2.744
220	0.4724	0.9714	2.857
221	0.4722	0.9719	2.811
222	0.4660	0.9743	2.574
223	0.4561	0.9791	2.087
224	0.4714	0.9720	2.799
225	0.4714	0.9722	2.782
226	0.4717	0.9720	2.799
227	0.4588	0.9782	2.179
228	0.4670	0.9742	2.581
229	0.4680	0.9734	2.655
230	0.4717	0.9721	2.788
231	0.4652	0.9745	2.546
232	0.4713	0.9724	2.758
233	0.4601	0.9771	2.293
234	0.4543	0.9797	2.028
235	0.4682	0.9735	2.649
236	0.4715	0.9718	2.823
237	0.4561	0.9793	2.072
238	0.4664	0.9737	2.626
239	0.4726	0.9721	2.787
240	0.4668	0.9742	2.581
241	0.4710	0.9720	2.796
242	0.4696	0.9725	2.752
243	0.4693	0.9727	2.726
244	0.4656	0.9749	2.512
245	0.4562	0.9789	2.110
246	0.4668	0.9739	2.614
247	0.4720	0.9720	2.804
248	0.4713	0.9722	2.780
249	0.4685	0.9731	2.687
250	0.4739	0.9708	2.918
251	0.4714	0.9721	2.793
252	0.4583	0.9776	2.243
253	0.4714	0.9724	2.761
254	0.4639	0.9750	2.496
255	0.4696	0.9727	2.732
256	0.4706	0.9720	2.799
257	0.4703	0.9724	2.758
258	0.4710	0.9724	2.758
259	0.4543	0.9797	2.028
260	0.4713	0.9721	2.791
261	0.4703	0.9724	2.761
262	0.4708	0.9723	2.773
263	0.4709	0.9718	2.816
264	0.4657	0.9744	2.556
265	0.4718	0.9719	2.815
266	0.4713	0.9722	2.781
267	0.4720	0.9718	2.817
268	0.4638	0.9750	2.497
269	0.4677	0.9737	2.629
270	0.4729	0.9714	2.857
271	0.4653	0.9744	2.556
272	0.4700	0.9728	2.720
273	0.4689	0.9734	2.658
274	0.4702	0.9725	2.746
275	0.4670	0.9743	2.565
276	0.4622	0.9756	2.439
277	0.4695	0.9725	2.752
278	0.4703	0.9728	2.716
279	0.4703	0.9724	2.759
280	0.4716	0.9720	2.800
281	0.4678	0.9734	2.655
282	0.4676	0.9734	2.657
283	0.4667	0.9742	2.581
284	0.4716	0.9721	2.793
285	0.4738	0.9709	2.912
286	0.4587	0.9782	2.182
287	0.4710	0.9725	2.754
288	0.4669	0.9742	2.582
289	0.4727	0.9712	2.883
290	0.4659	0.9747	2.528
291	0.4695	0.9727	2.726
292	0.4654	0.9742	2.576
293	0.4711	0.9725	2.749
294	0.4692	0.9731	2.694
295	0.4722	0.9717	2.828
296	0.4713	0.9722	2.777
297	0.4620	0.9760	2.396
298	0.4700	0.9729	2.712
299	0.4699	0.9727	2.732
300	0.4701	0.9724	2.761
301	0.4561	0.9789	2.110
302	0.4650	0.9745	2.550
303	0.4559	0.9793	2.072
304	0.4662	0.9738	2.625
305	0.4728	0.9711	2.889
306	0.4720	0.9718	2.818
307	0.4666	0.9742	2.580
308	0.4709	0.9720	2.795
309	0.4690	0.9727	2.731
310	0.4713	0.9724	2.756
311	0.4658	0.9742	2.576
312	0.4654	0.9749	2.513
313	0.4642	0.9752	2.480
314	0.4599	0.9771	2.292
315	0.4692	0.9729	2.713
316	0.4669	0.9736	2.638
317	0.4671	0.9741	2.594
318	0.4718	0.9720	2.802
319	0.4667	0.9739	2.614
320	0.4721	0.9714	2.857
321	0.4692	0.9728	2.716
322	0.4724	0.9721	2.789
323	0.4729	0.9715	2.847
324	0.4702	0.9725	2.753
325	0.4715	0.9721	2.787
326	0.4702	0.9725	2.748
327	0.4649	0.9746	2.544
328	0.4716	0.9720	2.801
329	0.4558	0.9791	2.088
330	0.4637	0.9750	2.496
331	0.4691	0.9727	2.728
332	0.4695	0.9727	2.726
333	0.4677	0.9736	2.644
334	0.4713	0.9718	2.821
335	0.4692	0.9731	2.688
336	0.4679	0.9735	2.650
337	0.4734	0.9711	2.892
338	0.4718	0.9717	2.826
339	0.4695	0.9725	2.753
340	0.4709	0.9727	2.735
341	0.4700	0.9727	2.727
342	0.4683	0.9731	2.688
343	0.4711	0.9719	2.809
344	0.4700	0.9725	2.748
345	0.4704	0.9720	2.801
346	0.4705	0.9727	2.729
347	0.4711	0.9724	2.761
348	0.4687	0.9732	2.683
349	0.4728	0.9712	2.879
350	0.4559	0.9789	2.113
351	0.4721	0.9714	2.860
352	0.4581	0.9776	2.243
353	0.4682	0.9731	2.687
354	0.4696	0.9730	2.695
355	0.4723	0.9720	2.799
356	0.4693	0.9730	2.695
357	0.4572	0.9782	2.182
358	0.4701	0.9725	2.751
359	0.4700	0.9724	2.761
360	0.4690	0.9727	2.726
361	0.4701	0.9725	2.748
362	0.4559	0.9788	2.115
363	0.4540	0.9797	2.029
364	0.4711	0.9719	2.809
365	0.4667	0.9742	2.582
366	0.4674	0.9737	2.630
367	0.4665	0.9742	2.581
368	0.4701	0.9728	2.717
369	0.4691	0.9729	2.710
370	0.4697	0.9727	2.732
371	0.4649	0.9745	2.550
372	0.4691	0.9731	2.688
373	0.4641	0.9752	2.480
374	0.4701	0.9724	2.758
375	0.4558	0.9793	2.072
376	0.4698	0.9728	2.717
377	0.4686	0.9732	2.684
378	0.4726	0.9714	2.858
379	0.4694	0.9724	2.755
380	0.4694	0.9727	2.726
381	0.4710	0.9724	2.761
382	0.4700	0.9724	2.759
383	0.4571	0.9782	2.182
384	0.4705	0.9723	2.770
385	0.4704	0.9727	2.730
386	0.4597	0.9771	2.293
387	0.4682	0.9731	2.686
388	0.4699	0.9725	2.748
389	0.4667	0.9743	2.566
390	0.4699	0.9725	2.748
391	0.4690	0.9731	2.691
392	0.4682	0.9731	2.688
393	0.4692	0.9725	2.753
394	0.4708	0.9727	2.734
395	0.4686	0.9734	2.657
396	0.4733	0.9711	2.889
397	0.4727	0.9712	2.879
398	0.4636	0.9750	2.499
399	0.4713	0.9721	2.787
400	0.4706	0.9719	2.813
401	0.4689	0.9729	2.710
402	0.4584	0.9782	2.183
403	0.4694	0.9730	2.696
404	0.4718	0.9718	2.818
405	0.4656	0.9748	2.524
406	0.4619	0.9756	2.437
407	0.4652	0.9749	2.512
408	0.4700	0.9725	2.753
409	0.4710	0.9722	2.781
410	0.4692	0.9730	2.696
411	0.4700	0.9725	2.748
412	0.4556	0.9791	2.088
413	0.4708	0.9725	2.748
414	0.4678	0.9735	2.650
415	0.4714	0.9719	2.807
416	0.4646	0.9746	2.544
417	0.4719	0.9717	2.830
418	0.4713	0.9720	2.800
419	0.4580	0.9776	2.244
420	0.4709	0.9722	2.780
421	0.4654	0.9744	2.561
422	0.4616	0.9760	2.397
423	0.4727	0.9715	2.845
424	0.4735	0.9709	2.914
425	0.4710	0.9724	2.755
426	0.4666	0.9736	2.638
427	0.4669	0.9741	2.590
428	0.4675	0.9735	2.645
429	0.4714	0.9720	2.801
430	0.4687	0.9727	2.732
431	0.4721	0.9722	2.785
432	0.4712	0.9721	2.792
433	0.4724	0.9712	2.885
434	0.4675	0.9735	2.652
435	0.4710	0.9718	2.821
436	0.4707	0.9725	2.748
437	0.4649	0.9744	2.556
438	0.4698	0.9727	2.726
439	0.4651	0.9742	2.575
440	0.4673	0.9734	2.656
441	0.4719	0.9714	2.860
442	0.4705	0.9724	2.758
443	0.4655	0.9742	2.575
444	0.4702	0.9720	2.798
445	0.4715	0.9720	2.802
446	0.4659	0.9738	2.625
447	0.4691	0.9727	2.725
448	0.4720	0.9720	2.800
449	0.4558	0.9789	2.109
450	0.4664	0.9739	2.614
451	0.4706	0.9721	2.795
452	0.4718	0.9714	2.856
453	0.4716	0.9717	2.827
454	0.4715	0.9718	2.818
455	0.4709	0.9721	2.788
456	0.4724	0.9712	2.884
457	0.4662	0.9742	2.580
458	0.4634	0.9751	2.495
459	0.4695	0.9728	2.718
460	0.4666	0.9736	2.637
461	0.4691	0.9725	2.753
462	0.4693	0.9731	2.695
463	0.4704	0.9719	2.813
464	0.4596	0.9771	2.292
465	0.4618	0.9756	2.437
466	0.4707	0.9725	2.747
467	0.4659	0.9738	2.625
468	0.4692	0.9725	2.754
469	0.4718	0.9714	2.858
470	0.4615	0.9760	2.401
471	0.4731	0.9711	2.889
472	0.4711	0.9721	2.795
473	0.4691	0.9730	2.696
474	0.4680	0.9731	2.687
475	0.4569	0.9782	2.179
476	0.4706	0.9724	2.756
477	0.4684	0.9734	2.658
478	0.4716	0.9718	2.819
479	0.4554	0.9791	2.086
480	0.4713	0.9719	2.811
481	0.4709	0.9718	2.822
482	0.4717	0.9714	2.857
483	0.4688	0.9729	2.710
484	0.4701	0.9720	2.800
485	0.4698	0.9725	2.749
486	0.4698	0.9724	2.759
487	0.4663	0.9738	2.616
488	0.4672	0.9734	2.656
489	0.4649	0.9742	2.576
490	0.4698	0.9728	2.715
491	0.4698	0.9724	2.757
492	0.4725	0.9712	2.879
493	0.4687	0.9727	2.727
494	0.4556	0.9789	2.114
495	0.4717	0.9717	2.828
496	0.4723	0.9712	2.884
497	0.4688	0.9732	2.684
498	0.4578	0.9776	2.244
499	0.4664	0.9742	2.584
500	0.4652	0.9744	2.557
501	0.4673	0.9735	2.654
502	0.4555	0.9793	2.072
503	0.4701	0.9727	2.729
504	0.4646	0.9745	2.549
505	0.4687	0.9731	2.691
506	0.4556	0.9789	2.109
507	0.4708	0.9721	2.793
508	0.4671	0.9737	2.628
509	0.4691	0.9727	2.726
510	0.4733	0.9709	2.914
511	0.4697	0.9725	2.752
512	0.4714	0.9717	2.827
513	0.4719	0.9721	2.786
514	0.4723	0.9714	2.857
515	0.4702	0.9723	2.767
516	0.4696	0.9724	2.762
517	0.4725	0.9716	2.845
518	0.4688	0.9729	2.707
519	0.4707	0.9722	2.778
520	0.4696	0.9725	2.746
521	0.4711	0.9720	2.798
522	0.4685	0.9727	2.732
523	0.4661	0.9742	2.581
524	0.4632	0.9750	2.497
525	0.4537	0.9798	2.023
526	0.4698	0.9726	2.740
527	0.4675	0.9735	2.652
528	0.4710	0.9721	2.788
529	0.4673	0.9736	2.644
530	0.4653	0.9747	2.527
531	0.4666	0.9741	2.589
532	0.4664	0.9744	2.563
533	0.4718	0.9721	2.792
534	0.4703	0.9724	2.757
535	0.4714	0.9720	2.803
536	0.4647	0.9744	2.557
537	0.4693	0.9727	2.729
538	0.4713	0.9719	2.813
539	0.4706	0.9725	2.755
540	0.4707	0.9722	2.778
541	0.4704	0.9727	2.731
542	0.4707	0.9725	2.748
543	0.4694	0.9729	2.705
544	0.4682	0.9732	2.683
545	0.4644	0.9746	2.541
546	0.4695	0.9726	2.743
547	0.4695	0.9727	2.727
548	0.4711	0.9720	2.799
549	0.4689	0.9728	2.724
550	0.4649	0.9749	2.510
551	0.4637	0.9752	2.477
552	0.4661	0.9742	2.581
553	0.4652	0.9743	2.574
554	0.4580	0.9782	2.181
555	0.4721	0.9712	2.882
556	0.4693	0.9728	2.718
557	0.4678	0.9731	2.686
558	0.4703	0.9720	2.796
559	0.4632	0.9750	2.499
560	0.4706	0.9720	2.805
561	0.4713	0.9718	2.819
562	0.4686	0.9729	2.710
563	0.4674	0.9735	2.650
564	0.4637	0.9752	2.478
565	0.4689	0.9731	2.693
566	0.4682	0.9732	2.684
567	0.4723	0.9716	2.845
568	0.4687	0.9729	2.708
569	0.4660	0.9742	2.581
570	0.4710	0.9720	2.799
571	0.4672	0.9735	2.653
572	0.4704	0.9726	2.745
573	0.4663	0.9737	2.633
574	0.4684	0.9727	2.732
575	0.4554	0.9788	2.115
576	0.4693	0.9727	2.731
577	0.4702	0.9724	2.757
578	0.4552	0.9791	2.087
579	0.4688	0.9727	2.726
580	0.4686	0.9731	2.690
581	0.4695	0.9726	2.744
582	0.4710	0.9719	2.809
583	0.4648	0.9749	2.512
584	0.4694	0.9726	2.745
585	0.4553	0.9793	2.070
586	0.4696	0.9724	2.760
587	0.4717	0.9720	2.800
588	0.4714	0.9714	2.857
589	0.4698	0.9720	2.797
590	0.4642	0.9746	2.545
591	0.4631	0.9750	2.496
592	0.4665	0.9741	2.590
593	0.4692	0.9728	2.719
594	0.4706	0.9720	2.805
595	0.4703	0.9725	2.755
596	0.4690	0.9731	2.693
597	0.4706	0.9722	2.777
598	0.4731	0.9709	2.913
599	0.4554	0.9789	2.109
600	0.4700	0.9723	2.766
601	0.4705	0.9724	2.758
602	0.4612	0.9760	2.397
603	0.4709	0.9721	2.787
604	0.4645	0.9745	2.554
605	0.4649	0.9744	2.558
606	0.4661	0.9742	2.583
607	0.4647	0.9742	2.579
608	0.4706	0.9724	2.759
609	0.4721	0.9711	2.886
610	0.4660	0.9739	2.613
611	0.4728	0.9711	2.891
612	0.4643	0.9745	2.549
613	0.4701	0.9718	2.815
614	0.4717	0.9721	2.786
615	0.4655	0.9737	2.625
616	0.4687	0.9725	2.751
617	0.4689	0.9727	2.726
618	0.4677	0.9731	2.686
619	0.4711	0.9720	2.801
620	0.4708	0.9720	2.797
621	0.4695	0.9728	2.716
622	0.4699	0.9727	2.729
623	0.4685	0.9731	2.689
624	0.4695	0.9725	2.751
625	0.4684	0.9727	2.727
626	0.4668	0.9734	2.656
627	0.4676	0.9731	2.686
628	0.4658	0.9742	2.580
629	0.4662	0.9744	2.564
630	0.4630	0.9750	2.496
631	0.4706	0.9718	2.823
632	0.4704	0.9722	2.779
633	0.4713	0.9719	2.813
634	0.4712	0.9718	2.822
635	0.4722	0.9712	2.878
636	0.4692	0.9729	2.708
637	0.4579	0.9782	2.180
638	0.4709	0.9720	2.801
639	0.4695	0.9724	2.757
640	0.4650	0.9743	2.573
641	0.4694	0.9726	2.745
642	0.4688	0.9725	2.753
643	0.4720	0.9714	2.859
644	0.4534	0.9798	2.024
645	0.4704	0.9721	2.787
646	0.4701	0.9721	2.794
647	0.4702	0.9727	2.733
648	0.4680	0.9734	2.657
649	0.4714	0.9717	2.827
650	0.4592	0.9771	2.290
651	0.4714	0.9714	2.859
652	0.4668	0.9737	2.626
653	0.4650	0.9748	2.524
654	0.4695	0.9727	2.733
655	0.4670	0.9736	2.639
656	0.4693	0.9727	2.726
657	0.4719	0.9712	2.882
658	0.4693	0.9724	2.758
659	0.4613	0.9757	2.431
660	0.4574	0.9776	2.242
661	0.4565	0.9782	2.180
662	0.4710	0.9718	2.820
663	0.4675	0.9731	2.690
664	0.4693	0.9724	2.761
665	0.4707	0.9721	2.791
666	0.4702	0.9725	2.750
667	0.4692	0.9725	2.745
668	0.4682	0.9727	2.733
669	0.4691	0.9729	2.709
670	0.4714	0.9714	2.860
671	0.4684	0.9731	2.688
672	0.4565	0.9782	2.180
673	0.4700	0.9724	2.758
674	0.4660	0.9742	2.580
675	0.4729	0.9709	2.912
676	0.4719	0.9712	2.879
677	0.4613	0.9757	2.433
678	0.4699	0.9719	2.813
679	0.4713	0.9717	2.827
680	0.4688	0.9731	2.692
681	0.4708	0.9720	2.799
682	0.4693	0.9726	2.741
683	0.4708	0.9720	2.804
684	0.4690	0.9727	2.728
685	0.4707	0.9721	2.786
686	0.4696	0.9720	2.796
687	0.4698	0.9723	2.766
688	0.4667	0.9737	2.625
689	0.4693	0.9725	2.748
690	0.4679	0.9732	2.683
691	0.4702	0.9726	2.745
692	0.4703	0.9721	2.787
693	0.4649	0.9748	2.521
694	0.4660	0.9737	2.630
695	0.4643	0.9744	2.556
696	0.4711	0.9719	2.811
697	0.4703	0.9724	2.755
698	0.4654	0.9738	2.624
699	0.4685	0.9728	2.723
700	0.4719	0.9714	2.857
701	0.4692	0.9727	2.727
702	0.4647	0.9744	2.563
703	0.4552	0.9789	2.107
704	0.4687	0.9725	2.753
705	0.4629	0.9750	2.500
706	0.4692	0.9726	2.744
707	0.4720	0.9712	2.878
708	0.4687	0.9727	2.730
709	0.4712	0.9714	2.856
710	0.4700	0.9721	2.792
711	0.4549	0.9791	2.087
712	0.4690	0.9728	2.718
713	0.4660	0.9744	2.563
714	0.4693	0.9729	2.715
715	0.4657	0.9742	2.580
716	0.4725	0.9711	2.891
717	0.4682	0.9729	2.710
718	0.4693	0.9724	2.758
719	0.4709	0.9720	2.805
720	0.4706	0.9720	2.799
721	0.4662	0.9741	2.588
722	0.4703	0.9720	2.800
723	0.4645	0.9749	2.510
724	0.4649	0.9743	2.572
725	0.4714	0.9720	2.796
726	0.4644	0.9742	2.575
727	0.4703	0.9722	2.778
728	0.4685	0.9731	2.692
729	0.4656	0.9742	2.579
730	0.4703	0.9718	2.822
731	0.4532	0.9798	2.024
732	0.4683	0.9729	2.708
733	0.4639	0.9746	2.544
734	0.4627	0.9751	2.495
735	0.4668	0.9736	2.645
736	0.4678	0.9734	2.658
737	0.4702	0.9722	2.778
738	0.4700	0.9727	2.732
739	0.4719	0.9716	2.845
740	0.4693	0.9726	2.738
741	0.4609	0.9760	2.397
742	0.4682	0.9732	2.682
743	0.4576	0.9782	2.181
744	0.4666	0.9734	2.657
745	0.4572	0.9776	2.243
746	0.4693	0.9724	2.759
747	0.4717	0.9712	2.882
748	0.4670	0.9735	2.649
749	0.4709	0.9717	2.827
750	0.4550	0.9789	2.112
751	0.4640	0.9745	2.548
752	0.4657	0.9739	2.614
753	0.4702	0.9724	2.759
754	0.4668	0.9735	2.653
755	0.4684	0.9725	2.751
756	0.4681	0.9727	2.727
757	0.4632	0.9752	2.481
758	0.4674	0.9731	2.686
759	0.4589	0.9771	2.291
760	0.4714	0.9721	2.787
761	0.4695	0.9727	2.729
762	0.4549	0.9793	2.071
763	0.4680	0.9727	2.730
764	0.4646	0.9744	2.556
765	0.4575	0.9781	2.185
766	0.4686	0.9730	2.700
767	0.4643	0.9742	2.578
768	0.4708	0.9720	2.803
769	0.4651	0.9738	2.624
770	0.4708	0.9718	2.818
771	0.4690	0.9725	2.752
772	0.4695	0.9727	2.732
773	0.4717	0.9714	2.858
774	0.4697	0.9718	2.815
775	0.4641	0.9745	2.555
776	0.4647	0.9743	2.574
777	0.4689	0.9729	2.713
778	0.4685	0.9725	2.748
779	0.4657	0.9742	2.577
780	0.4711	0.9714	2.857
781	0.4691	0.9724	2.756
782	0.4727	0.9708	2.917
783	0.4691	0.9728	2.718
784	0.4547	0.9791	2.087
785	0.4705	0.9720	2.802
786	0.4700	0.9725	2.750
787	0.4710	0.9717	2.830
788	0.4682	0.9729	2.713
789	0.4588	0.9771	2.291
790	0.4681	0.9731	2.687
791	0.4704	0.9721	2.785
792	0.4550	0.9789	2.108
793	0.4608	0.9760	2.399
794	0.4562	0.9782	2.177
795	0.4701	0.9724	2.761
796	0.4704	0.9720	2.798
797	0.4692	0.9725	2.748
798	0.4660	0.9741	2.593
799	0.4683	0.9730	2.695
800	0.4706	0.9719	2.812
801	0.4723	0.9711	2.889
802	0.4705	0.9720	2.803
803	0.4685	0.9727	2.727
804	0.4718	0.9712	2.879
805	0.4718	0.9716	2.845
806	0.4666	0.9736	2.644
807	0.4716	0.9712	2.883
808	0.4680	0.9731	2.690
809	0.4639	0.9745	2.548
810	0.4647	0.9747	2.526
811	0.4683	0.9725	2.751
812	0.4680	0.9727	2.726
813	0.4697	0.9724	2.755
814	0.4631	0.9752	2.478
815	0.4655	0.9739	2.613
816	0.4668	0.9735	2.651
817	0.4625	0.9750	2.495
818	0.4701	0.9722	2.782
819	0.4680	0.9729	2.710
820	0.4672	0.9731	2.686
821	0.4707	0.9718	2.825
822	0.4690	0.9724	2.761
823	0.4701	0.9724	2.759
824	0.4657	0.9744	2.563
825	0.4637	0.9745	2.545
826	0.4676	0.9732	2.683
827	0.4700	0.9722	2.781
828	0.4715	0.9712	2.882
829	0.4698	0.9727	2.733
830	0.4672	0.9731	2.688
831	0.4687	0.9727	2.732
832	0.4654	0.9742	2.580
833	0.4664	0.9737	2.628
834	0.4530	0.9798	2.022
835	0.4689	0.9724	2.762
836	0.4689	0.9728	2.724
837	0.4687	0.9728	2.720
838	0.4709	0.9714	2.856
839	0.4689	0.9725	2.747
840	0.4712	0.9722	2.783
841	0.4700	0.9720	2.799
842	0.4676	0.9734	2.655
843	0.4698	0.9725	2.749
844	0.4625	0.9750	2.498
845	0.4657	0.9737	2.632
846	0.4642	0.9749	2.511
847	0.4700	0.9721	2.787
848	0.4570	0.9776	2.243
849	0.4711	0.9720	2.797
850	0.4708	0.9719	2.814
851	0.4609	0.9757	2.433
852	0.4692	0.9720	2.797
853	0.4665	0.9735	2.652
854	0.4690	0.9724	2.756
855	0.4694	0.9724	2.764
856	0.4700	0.9718	2.821
857	0.4653	0.9742	2.580
858	0.4689	0.9726	2.742
859	0.4696	0.9721	2.791
860	0.4663	0.9735	2.654
861	0.4547	0.9793	2.072
862	0.4547	0.9789	2.115
863	0.4682	0.9727	2.727
864	0.4644	0.9744	2.560
865	0.4686	0.9727	2.730
866	0.4680	0.9729	2.708
867	0.4665	0.9735	2.654
868	0.4649	0.9737	2.626
869	0.4699	0.9722	2.779
870	0.4560	0.9782	2.179
871	0.4702	0.9721	2.791
872	0.4706	0.9718	2.819
873	0.4690	0.9726	2.741
874	0.4586	0.9771	2.292
875	0.4683	0.9725	2.755
876	0.4697	0.9724	2.756
877	0.4702	0.9721	2.787
878	0.4624	0.9750	2.496
879	0.4714	0.9712	2.881
880	0.4695	0.9719	2.815
881	0.4702	0.9720	2.799
882	0.4640	0.9743	2.574
883	0.4688	0.9724	2.759
884	0.4696	0.9721	2.794
885	0.4641	0.9749	2.511
886	0.4707	0.9719	2.814
887	0.4569	0.9776	2.242
888	0.4681	0.9727	2.726
889	0.4606	0.9760	2.396
890	0.4674	0.9732	2.685
891	0.4662	0.9734	2.655
892	0.4656	0.9736	2.637
893	0.4572	0.9782	2.184
894	0.4670	0.9731	2.686
895	0.4629	0.9752	2.481
896	0.4678	0.9729	2.712
897	0.4692	0.9727	2.729
898	0.4608	0.9756	2.437
899	0.4699	0.9721	2.791
900	0.4716	0.9712	2.876
901	0.4653	0.9739	2.614
902	0.4693	0.9723	2.766
903	0.4666	0.9735	2.650
904	0.4645	0.9747	2.531
905	0.4682	0.9727	2.727
906	0.4705	0.9720	2.800
907	0.4699	0.9722	2.783
908	0.4545	0.9793	2.071
909	0.4680	0.9725	2.750
910	0.4696	0.9726	2.736
911	0.4654	0.9742	2.580
912	0.4678	0.9727	2.728
913	0.4687	0.9725	2.749
914	0.4652	0.9742	2.580
915	0.4699	0.9724	2.758
916	0.4703	0.9720	2.802
917	0.4724	0.9709	2.914
918	0.4707	0.9714	2.857
919	0.4688	0.9724	2.759
920	0.4688	0.9725	2.746
921	0.4544	0.9791	2.087
922	0.4682	0.9731	2.695
923	0.4688	0.9725	2.748
924	0.4710	0.9720	2.798
925	0.4699	0.9718	2.820
926	0.4655	0.9744	2.562
927	0.4688	0.9729	2.715
928	0.4680	0.9731	2.689
929	0.4691	0.9720	2.796
930	0.4636	0.9745	2.546
931	0.4661	0.9737	2.627
932	0.4697	0.9724	2.758
933	0.4678	0.9732	2.680
934	0.4686	0.9726	2.744
935	0.4676	0.9727	2.730
936	0.4698	0.9720	2.802
937	0.4635	0.9746	2.541
938	0.4674	0.9734	2.655
939	0.4637	0.9745	2.554
940	0.4657	0.9741	2.586
941	0.4696	0.9726	2.745
942	0.4694	0.9725	2.754
943	0.4527	0.9798	2.021
944	0.4702	0.9720	2.804
945	0.4713	0.9712	2.877
946	0.4707	0.9714	2.858
947	0.4709	0.9721	2.787
948	0.4715	0.9716	2.844
949	0.4669	0.9732	2.684
950	0.4651	0.9742	2.578
951	0.4663	0.9736	2.640
952	0.4713	0.9714	2.857
953	0.4643	0.9743	2.571
954	0.4687	0.9725	2.754
955	0.4684	0.9729	2.714
956	0.4720	0.9711	2.887
957	0.4704	0.9718	2.820
958	0.4686	0.9727	2.727
959	0.4684	0.9730	2.705
960	0.4677	0.9731	2.687
961	0.4545	0.9789	2.115
962	0.4706	0.9717	2.827
963	0.4546	0.9789	2.106
964	0.4623	0.9750	2.497
965	0.4694	0.9721	2.793
966	0.4546	0.9789	2.108
967	0.4712	0.9712	2.882
968	0.4694	0.9727	2.731
969	0.4637	0.9745	2.553
970	0.4697	0.9724	2.757
971	0.4687	0.9726	2.743
972	0.4654	0.9737	2.632
973	0.4675	0.9727	2.732
974	0.4703	0.9720	2.803
975	0.4684	0.9728	2.717
976	0.4687	0.9724	2.757
977	0.4708	0.9720	2.796
978	0.4543	0.9791	2.087
979	0.4669	0.9731	2.688
980	0.4684	0.9729	2.709
981	0.4606	0.9757	2.434
982	0.4701	0.9720	2.800
983	0.4683	0.9727	2.730
984	0.4697	0.9720	2.800
985	0.4651	0.9738	2.616
986	0.4705	0.9719	2.813
987	0.4651	0.9742	2.580
988	0.4706	0.9714	2.858
989	0.4697	0.9722	2.780
990	0.4701	0.9720	2.805
991	0.4672	0.9734	2.656
992	0.4713	0.9712	2.877
993	0.4676	0.9727	2.725
994	0.4690	0.9727	2.725
995	0.4660	0.9735	2.654
996	0.4662	0.9735	2.652
997	0.4660	0.9738	2.623
998	0.4691	0.9723	2.767
999	0.4676	0.9731	2.690
1000	0.4679	0.9731	2.689
1001	0.4642	0.9748	2.520
1002	0.4526	0.9798	2.021
1003	0.4695	0.9722	2.776
1004	0.4689	0.9720	2.796
1005	0.4699	0.9720	2.799
1006	0.4697	0.9718	2.819
1007	0.4662	0.9736	2.639
1008	0.4655	0.9742	2.584
1009	0.4557	0.9782	2.176
1010	0.4603	0.9761	2.395
1011	0.4713	0.9715	2.846
1012	0.4705	0.9715	2.852
1013	0.4566	0.9776	2.240
1014	0.4712	0.9714	2.859
1015	0.4676	0.9730	2.704
1016	0.4544	0.9789	2.115
1017	0.4718	0.9711	2.887
1018	0.4678	0.9725	2.753
1019	0.4649	0.9742	2.579
1020	0.4671	0.9732	2.682
1021	0.4694	0.9725	2.746
1022	0.4634	0.9745	2.546
1023	0.4664	0.9735	2.649
1024	0.4699	0.9721	2.791
1025	0.4702	0.9718	2.815
1026	0.4692	0.9724	2.756
1027	0.4676	0.9732	2.680
1028	0.4637	0.9743	2.574
1029	0.4652	0.9744	2.560
1030	0.4696	0.9721	2.786
1031	0.4685	0.9725	2.748
1032	0.4686	0.9725	2.753
1033	0.4642	0.9743	2.572
1034	0.4667	0.9731	2.692
1035	0.4680	0.9731	2.692
1036	0.4646	0.9738	2.625
1037	0.4652	0.9742	2.581
1038	0.4684	0.9726	2.744
1039	0.4711	0.9712	2.875
1040	0.4678	0.9727	2.726
1041	0.4696	0.9725	2.746
1042	0.4640	0.9744	2.563
1043	0.4693	0.9725	2.746
1044	0.4632	0.9746	2.542
1045	0.4684	0.9726	2.742
1046	0.4704	0.9717	2.827
1047	0.4691	0.9719	2.813
1048	0.4685	0.9729	2.714
1049	0.4626	0.9752	2.477
1050	0.4569	0.9782	2.182
1051	0.4721	0.9709	2.914
1052	0.4637	0.9749	2.514
1053	0.4684	0.9727	2.726
1054	0.4707	0.9721	2.786
1055	0.4621	0.9750	2.496
1056	0.4679	0.9725	2.750
1057	0.4620	0.9751	2.494
1058	0.4702	0.9717	2.826
1059	0.4679	0.9727	2.725
1060	0.4542	0.9793	2.070
1061	0.4582	0.9771	2.291
1062	0.4684	0.9724	2.762
1063	0.4674	0.9729	2.712
1064	0.4698	0.9721	2.788
1065	0.4686	0.9725	2.745
1066	0.4685	0.9725	2.753
1067	0.4661	0.9735	2.652
1068	0.4696	0.9718	2.821
1069	0.4692	0.9727	2.733
1070	0.4677	0.9725	2.752
1071	0.4710	0.9714	2.856
1072	0.4712	0.9712	2.878
1073	0.4637	0.9749	2.513
1074	0.4640	0.9743	2.573
1075	0.4679	0.9731	2.695
1076	0.4631	0.9746	2.543
1077	0.4675	0.9732	2.685
1078	0.4667	0.9731	2.686
1079	0.4699	0.9720	2.800
1080	0.4620	0.9750	2.498
1081	0.4698	0.9721	2.785
1082	0.4694	0.9722	2.779
1083	0.4674	0.9727	2.727
1084	0.4568	0.9782	2.183
1085	0.4701	0.9720	2.801
1086	0.4660	0.9736	2.644
1087	0.4684	0.9728	2.717
1088	0.4674	0.9729	2.710
1089	0.4651	0.9736	2.636
1090	0.4675	0.9729	2.712
1091	0.4684	0.9724	2.761
1092	0.4603	0.9756	2.437
1093	0.4695	0.9722	2.783
1094	0.4717	0.9711	2.888
1095	0.4698	0.9720	2.798
1096	0.4703	0.9717	2.827
1097	0.4543	0.9789	2.107
1098	0.4685	0.9726	2.744
1099	0.4691	0.9721	2.795
1100	0.4690	0.9718	2.815
1101	0.4709	0.9712	2.881
1102	0.4711	0.9716	2.844
1103	0.4665	0.9731	2.687
1104	0.4680	0.9727	2.730
1105	0.4683	0.9724	2.760
1106	0.4647	0.9742	2.578
1107	0.4704	0.9714	2.859
1108	0.4700	0.9718	2.816
1109	0.4690	0.9724	2.757
1110	0.4674	0.9731	2.688
1111	0.4689	0.9724	2.765
1112	0.4694	0.9720	2.802
1113	0.4692	0.9726	2.743
1114	0.4676	0.9731	2.689
1115	0.4672	0.9727	2.730
1116	0.4601	0.9760	2.395
1117	0.4555	0.9782	2.178
1118	0.4682	0.9728	2.724
1119	0.4684	0.9724	2.755
1120	0.4624	0.9752	2.477
1121	0.4657	0.9734	2.655
1122	0.4619	0.9751	2.495
1123	0.4705	0.9720	2.797
1124	0.4650	0.9744	2.560
1125	0.4644	0.9737	2.626
1126	0.4682	0.9726	2.743
1127	0.4564	0.9776	2.240
1128	0.4698	0.9720	2.805
1129	0.4669	0.9734	2.657
1130	0.4540	0.9791	2.087
1131	0.4693	0.9724	2.760
1132	0.4705	0.9722	2.783
1133	0.4687	0.9728	2.724
1134	0.4686	0.9720	2.797
1135	0.4675	0.9727	2.727
1136	0.4680	0.9728	2.717
1137	0.4696	0.9721	2.791
1138	0.4541	0.9789	2.113
1139	0.4702	0.9714	2.856
1140	0.4523	0.9798	2.022
1141	0.4633	0.9745	2.552
1142	0.4631	0.9745	2.550
1143	0.4634	0.9742	2.577
1144	0.4693	0.9721	2.789
1145	0.4691	0.9725	2.754
1146	0.4680	0.9729	2.714
1147	0.4683	0.9725	2.746
1148	0.4649	0.9742	2.581
1149	0.4652	0.9741	2.589
1150	0.4677	0.9727	2.730
1151	0.4701	0.9719	2.815
1152	0.4540	0.9793	2.069
1153	0.4656	0.9737	2.628
1154	0.4719	0.9709	2.912
1155	0.4668	0.9732	2.683
1156	0.4681	0.9726	2.744
1157	0.4708	0.9712	2.881
1158	0.4647	0.9742	2.579
1159	0.4639	0.9748	2.524
1160	0.4700	0.9718	2.823
1161	0.4637	0.9744	2.561
1162	0.4580	0.9771	2.292
1163	0.4647	0.9739	2.615
1164	0.4693	0.9725	2.753
1165	0.4676	0.9725	2.753
1166	0.4660	0.9735	2.651
1167	0.4649	0.9742	2.580
1168	0.4718	0.9709	2.913
1169	0.4658	0.9736	2.643
1170	0.4539	0.9791	2.088
1171	0.4647	0.9739	2.613
1172	0.4676	0.9725	2.751
1173	0.4710	0.9716	2.845
1174	0.4699	0.9720	2.800
1175	0.4668	0.9734	2.658
1176	0.4562	0.9776	2.239
1177	0.4681	0.9725	2.750
1178	0.4674	0.9727	2.728
1179	0.4634	0.9748	2.518
1180	0.4663	0.9731	2.689
1181	0.4617	0.9750	2.499
1182	0.4673	0.9729	2.713
1183	0.4685	0.9720	2.798
1184	0.4688	0.9718	2.816
1185	0.4691	0.9725	2.753
1186	0.4656	0.9737	2.629
1187	0.4692	0.9722	2.781
1188	0.4697	0.9719	2.808
1189	0.4651	0.9741	2.590
1190	0.4681	0.9725	2.747
1191	0.4695	0.9720	2.797
1192	0.4629	0.9746	2.543
1193	0.4692	0.9720	2.803
1194	0.4689	0.9721	2.794
1195	0.4670	0.9727	2.732
1196	0.4541	0.9789	2.106
1197	0.4671	0.9729	2.709
1198	0.4709	0.9712	2.878
1199	0.4704	0.9722	2.783
1200	0.4707	0.9712	2.882
1201	0.4638	0.9747	2.526
1202	0.4689	0.9725	2.749
1203	0.4681	0.9725	2.750
1204	0.4678	0.9727	2.730
1205	0.4680	0.9728	2.725
1206	0.4707	0.9714	2.857
1207	0.4636	0.9744	2.560
1208	0.4691	0.9724	2.756
1209	0.4539	0.9789	2.113
1210	0.4681	0.9729	2.715
1211	0.4692	0.9718	2.821
1212	0.4671	0.9731	2.686
1213	0.4696	0.9720	2.801
1214	0.4657	0.9735	2.651
1215	0.4699	0.9719	2.812
1216	0.4679	0.9730	2.704
1217	0.4539	0.9793	2.070
1218	0.4701	0.9714	2.858
1219	0.4673	0.9725	2.751
1220	0.4601	0.9757	2.432
1221	0.4689	0.9727	2.732
1222	0.4633	0.9743	2.573
1223	0.4637	0.9743	2.571
1224	0.4675	0.9727	2.728
1225	0.4621	0.9752	2.478
1226	0.4645	0.9742	2.580
1227	0.4616	0.9750	2.495
1228	0.4697	0.9718	2.818
1229	0.4659	0.9735	2.650
1230	0.4648	0.9736	2.635
1231	0.4700	0.9714	2.856
1232	0.4663	0.9731	2.686
1233	0.4694	0.9722	2.783
1234	0.4671	0.9732	2.682
1235	0.4578	0.9771	2.291
1236	0.4673	0.9731	2.692
1237	0.4666	0.9732	2.683
1238	0.4520	0.9798	2.022
1239	0.4687	0.9724	2.757
1240	0.4698	0.9718	2.824
1241	0.4713	0.9711	2.888
1242	0.4702	0.9720	2.796
1243	0.4630	0.9745	2.551
1244	0.4681	0.9724	2.757
1245	0.4691	0.9721	2.786
1246	0.4564	0.9782	2.182
1247	0.4598	0.9760	2.400
1248	0.4680	0.9724	2.761
1249	0.4677	0.9728	2.717
1250	0.4648	0.9744	2.563
1251	0.4641	0.9738	2.624
1252	0.4685	0.9724	2.764
1253	0.4700	0.9717	2.827
1254	0.4691	0.9724	2.759
1255	0.4628	0.9745	2.550
1256	0.4681	0.9725	2.750
1257	0.4691	0.9722	2.780
1258	0.4644	0.9742	2.577
1259	0.4681	0.9726	2.742
1260	0.4670	0.9727	2.726
1261	0.4654	0.9735	2.655
1262	0.4684	0.9728	2.725
1263	0.4679	0.9724	2.759
1264	0.4693	0.9721	2.791
1265	0.4675	0.9731	2.693
1266	0.4705	0.9712	2.881
1267	0.4551	0.9782	2.178
1268	0.4669	0.9727	2.726
1269	0.4681	0.9726	2.740
1270	0.4632	0.9749	2.512
1271	0.4677	0.9729	2.708
1272	0.4671	0.9730	2.704
1273	0.4654	0.9737	2.626
1274	0.4662	0.9731	2.685
1275	0.4697	0.9720	2.803
1276	0.4536	0.9791	2.087
1277	0.4678	0.9726	2.743
1278	0.4539	0.9789	2.106
1279	0.4680	0.9725	2.748
1280	0.4706	0.9715	2.853
1281	0.4680	0.9724	2.757
1282	0.4564	0.9782	2.184
1283	0.4701	0.9720	2.801
1284	0.4674	0.9727	2.726
1285	0.4694	0.9719	2.806
1286	0.4688	0.9724	2.755
1287	0.4629	0.9745	2.552
1288	0.4693	0.9721	2.790
1289	0.4680	0.9725	2.749
1290	0.4631	0.9743	2.574
1291	0.4670	0.9731	2.686
1292	0.4644	0.9742	2.579
1293	0.4661	0.9731	2.686
1294	0.4678	0.9725	2.747
1295	0.4672	0.9731	2.691
1296	0.4647	0.9737	2.633
1297	0.4689	0.9724	2.757
1298	0.4519	0.9798	2.022
1299	0.4689	0.9720	2.802
1300	0.4636	0.9748	2.524
1301	0.4683	0.9728	2.723
1302	0.4696	0.9718	2.816
1303	0.4646	0.9742	2.580
1304	0.4672	0.9727	2.726
1305	0.4694	0.9720	2.798
1306	0.4597	0.9760	2.395
1307	0.4655	0.9736	2.643
1308	0.4657	0.9735	2.648
1309	0.4696	0.9718	2.822
1310	0.4665	0.9735	2.655
1311	0.4684	0.9724	2.764
1312	0.4627	0.9745	2.546
1313	0.4669	0.9731	2.686
1314	0.4679	0.9729	2.714
1315	0.4669	0.9729	2.708
1316	0.4687	0.9725	2.747
1317	0.4614	0.9750	2.497
1318	0.4678	0.9724	2.758
1319	0.4576	0.9771	2.293
1320	0.4642	0.9742	2.578
1321	0.4690	0.9718	2.820
1322	0.4715	0.9709	2.913
1323	0.4698	0.9715	2.853
1324	0.4676	0.9728	2.717
1325	0.4667	0.9727	2.731
1326	0.4673	0.9725	2.754
1327	0.4559	0.9776	2.241
1328	0.4614	0.9750	2.497
1329	0.4706	0.9712	2.877
1330	0.4684	0.9718	2.816
1331	0.4685	0.9721	2.793
1332	0.4701	0.9721	2.786
1333	0.4671	0.9725	2.750
1334	0.4689	0.9722	2.778
1335	0.4678	0.9724	2.758
1336	0.4697	0.9719	2.815
1337	0.4685	0.9724	2.758
1338	0.4689	0.9725	2.746
1339	0.4706	0.9716	2.845
1340	0.4675	0.9727	2.729
1341	0.4681	0.9720	2.798
1342	0.4639	0.9738	2.624
1343	0.4536	0.9789	2.114
1344	0.4688	0.9722	2.778
1345	0.4648	0.9741	2.587
1346	0.4536	0.9793	2.068
1347	0.4688	0.9721	2.787
1348	0.4652	0.9735	2.653
1349	0.4654	0.9735	2.651
1350	0.4625	0.9746	2.542
1351	0.4549	0.9782	2.178
1352	0.4673	0.9731	2.694
1353	0.4643	0.9739	2.614
1354	0.4697	0.9717	2.826
1355	0.4645	0.9744	2.559
1356	0.4634	0.9743	2.570
1357	0.4677	0.9727	2.726
1358	0.4703	0.9712	2.881
1359	0.4698	0.9714	2.858
1360	0.4618	0.9752	2.478
1361	0.4711	0.9711	2.886
1362	0.4691	0.9722	2.783
1363	0.4685	0.9727	2.732
1364	0.4703	0.9712	2.881
1365	0.4632	0.9744	2.559
1366	0.4597	0.9757	2.433
1367	0.4663	0.9732	2.683
1368	0.4691	0.9720	2.799
1369	0.4659	0.9731	2.686
1370	0.4651	0.9737	2.626
1371	0.4656	0.9735	2.651
1372	0.4681	0.9720	2.796
1373	0.4643	0.9739	2.614
1374	0.4672	0.9731	2.694
1375	0.4678	0.9726	2.743
1376	0.4687	0.9724	2.756
1377	0.4691	0.9721	2.791
1378	0.4629	0.9743	2.572
1379	0.4626	0.9745	2.546
1380	0.4549	0.9782	2.177
1381	0.4677	0.9725	2.750
1382	0.4683	0.9719	2.815
1383	0.4612	0.9751	2.494
1384	0.4613	0.9750	2.497
1385	0.4633	0.9743	2.572
1386	0.4594	0.9760	2.399
1387	0.4691	0.9720	2.802
1388	0.4678	0.9726	2.744
1389	0.4634	0.9747	2.528
1390	0.4694	0.9720	2.800
1391	0.4703	0.9712	2.883
1392	0.4624	0.9745	2.546
1393	0.4653	0.9735	2.653
1394	0.4641	0.9742	2.578
1395	0.4644	0.9744	2.562
1396	0.4627	0.9745	2.552
1397	0.4668	0.9729	2.712
1398	0.4677	0.9724	2.761
1399	0.4663	0.9732	2.682
1400	0.4676	0.9728	2.724
1401	0.4687	0.9720	2.805
1402	0.4665	0.9727	2.730
1403	0.4703	0.9715	2.854
1404	0.4677	0.9728	2.715
1405	0.4536	0.9789	2.105
1406	0.4685	0.9725	2.754
1407	0.4651	0.9734	2.655
1408	0.4702	0.9712	2.883
1409	0.4704	0.9716	2.844
1410	0.4663	0.9734	2.658
1411	0.4561	0.9782	2.183
1412	0.4694	0.9718	2.823
1413	0.4643	0.9742	2.581
1414	0.4696	0.9714	2.856
1415	0.4516	0.9798	2.024
1416	0.4629	0.9748	2.515
1417	0.4534	0.9793	2.069
1418	0.4687	0.9721	2.791
1419	0.4617	0.9752	2.480
1420	0.4666	0.9729	2.711
1421	0.4687	0.9724	2.759
1422	0.4675	0.9725	2.749
1423	0.4696	0.9717	2.831
1424	0.4690	0.9721	2.787
1425	0.4691	0.9720	2.803
1426	0.4696	0.9714	2.857
1427	0.4534	0.9789	2.111
1428	0.4673	0.9728	2.717
1429	0.4687	0.9722	2.783
1430	0.4712	0.9709	2.913
1431	0.4636	0.9738	2.624
1432	0.4675	0.9724	2.760
1433	0.4668	0.9725	2.751
1434	0.4532	0.9791	2.087
1435	0.4652	0.9736	2.644
1436	0.4699	0.9721	2.789
1437	0.4685	0.9725	2.749
1438	0.4556	0.9776	2.237
1439	0.4677	0.9724	2.763
1440	0.4709	0.9711	2.887
1441	0.4686	0.9722	2.778
1442	0.4573	0.9771	2.289
1443	0.4693	0.9718	2.817
1444	0.4687	0.9718	2.822
1445	0.4683	0.9721	2.794
1446	0.4658	0.9731	2.687
1447	0.4665	0.9727	2.726
1448	0.4694	0.9719	2.815
1449	0.4666	0.9731	2.686
1450	0.4668	0.9731	2.691
1451	0.4640	0.9742	2.579
1452	0.4645	0.9741	2.588
1453	0.4670	0.9727	2.727
1454	0.4668	0.9727	2.725
1455	0.4643	0.9737	2.632
1456	0.4683	0.9727	2.731
1457	0.4690	0.9720	2.805
1458	0.4679	0.9728	2.724
1459	0.4670	0.9725	2.753
1460	0.4675	0.9726	2.741
1461	0.4703	0.9712	2.875
1462	0.4595	0.9757	2.429
1463	0.4681	0.9724	2.764
1464	0.4673	0.9729	2.706
1465	0.4697	0.9721	2.791
1466	0.4672	0.9727	2.729
1467	0.4682	0.9724	2.756
1468	0.4630	0.9744	2.560
1469	0.4666	0.9732	2.680
1470	0.4627	0.9743	2.573
1471	0.4690	0.9720	2.799
1472	0.4661	0.9735	2.655
1473	0.4639	0.9742	2.576
1474	0.4649	0.9738	2.623
1475	0.4651	0.9735	2.650
1476	0.4685	0.9722	2.783
1477	0.4515	0.9798	2.021
1478	0.4665	0.9731	2.688
1479	0.4697	0.9721	2.787
1480	0.4666	0.9729	2.706
1481	0.4672	0.9729	2.712
1482	0.4695	0.9714	2.856
1483	0.4675	0.9729	2.714
1484	0.4622	0.9746	2.537
1485	0.4675	0.9725	2.749
1486	0.4631	0.9748	2.519
1487	0.4636	0.9738	2.623
1488	0.4644	0.9742	2.585
1489	0.4660	0.9732	2.681
1490	0.4701	0.9713	2.874
1491	0.4627	0.9749	2.508
1492	0.4641	0.9742	2.581
1493	0.4673	0.9724	2.758
1494	0.4640	0.9738	2.615
1495	0.4700	0.9712	2.879
1496	0.4702	0.9712	2.875
1497	0.4694	0.9718	2.822
1498	0.4639	0.9742	2.575
1499	0.4688	0.9722	2.781
1500	0.4684	0.9725	2.755
1501	0.4688	0.9721	2.785
1502	0.4680	0.9724	2.761
1503	0.4693	0.9719	2.811
1504	0.4675	0.9727	2.726
1505	0.4671	0.9727	2.726
1506	0.4675	0.9725	2.752
1507	0.4641	0.9745	2.555
1508	0.4682	0.9727	2.727
1509	0.4631	0.9743	2.568
1510	0.4642	0.9737	2.629
1511	0.4610	0.9751	2.491
1512	0.4531	0.9791	2.086
1513	0.4650	0.9736	2.639
1514	0.4672	0.9730	2.704
1515	0.4700	0.9714	2.857
1516	0.4534	0.9790	2.103
1517	0.4592	0.9760	2.396
1518	0.4624	0.9745	2.550
1519	0.4610	0.9750	2.497
1520	0.4668	0.9725	2.752
1521	0.4677	0.9720	2.795
1522	0.4681	0.9724	2.758
1523	0.4702	0.9716	2.845
1524	0.4691	0.9720	2.802
1525	0.4685	0.9722	2.778
1526	0.4673	0.9726	2.743
1527	0.4554	0.9776	2.240
1528	0.4668	0.9727	2.727
1529	0.4669	0.9731	2.693
1530	0.4571	0.9771	2.290
1531	0.4656	0.9732	2.684
1532	0.4696	0.9720	2.796
1533	0.4593	0.9757	2.433
1534	0.4673	0.9728	2.724
1535	0.4666	0.9731	2.692
1536	0.4674	0.9724	2.762
1537	0.4663	0.9727	2.726
1538	0.4673	0.9725	2.747
1539	0.4684	0.9720	2.805
1540	0.4662	0.9727	2.730
1541	0.4683	0.9722	2.777
1542	0.4680	0.9719	2.814
1543	0.4648	0.9735	2.654
1544	0.4677	0.9727	2.725
1545	0.4545	0.9782	2.178
1546	0.4687	0.9720	2.799
1547	0.4710	0.9709	2.913
1548	0.4666	0.9725	2.751
1549	0.4680	0.9721	2.794
1550	0.4706	0.9711	2.888
1551	0.4690	0.9718	2.817
1552	0.4614	0.9752	2.477
1553	0.4532	0.9789	2.113
1554	0.4682	0.9725	2.748
1555	0.4652	0.9735	2.649
1556	0.4655	0.9731	2.687
1557	0.4684	0.9725	2.753
1558	0.4666	0.9728	2.725
1559	0.4622	0.9745	2.545
1560	0.4664	0.9731	2.686
1561	0.4690	0.9718	2.823
1562	0.4684	0.9718	2.821
1563	0.4674	0.9726	2.743
1564	0.4663	0.9729	2.707
1565	0.4628	0.9744	2.560
1566	0.4692	0.9714	2.856
1567	0.4688	0.9719	2.807
1568	0.4681	0.9725	2.748
1569	0.4531	0.9793	2.068
1570	0.4557	0.9782	2.183
1571	0.4672	0.9724	2.761
1572	0.4590	0.9760	2.396
1573	0.4667	0.9725	2.748
1574	0.4629	0.9743	2.573
1575	0.4664	0.9731	2.685
1576	0.4643	0.9741	2.590
1577	0.4679	0.9719	2.815
1578	0.4683	0.9724	2.761
1579	0.4570	0.9771	2.289
1580	0.4658	0.9732	2.682
1581	0.4684	0.9722	2.781
1582	0.4699	0.9715	2.854
1583	0.4693	0.9714	2.857
1584	0.4621	0.9745	2.548
1585	0.4670	0.9727	2.730
1586	0.4682	0.9722	2.777
1587	0.4678	0.9724	2.762
1588	0.4692	0.9717	2.825
1589	0.4705	0.9711	2.885
1590	0.4670	0.9728	2.717
1591	0.4649	0.9735	2.653
1592	0.4673	0.9728	2.716
1593	0.4689	0.9720	2.802
1594	0.4684	0.9718	2.821
1595	0.4700	0.9713	2.875
1596	0.4689	0.9718	2.817
1597	0.4683	0.9720	2.800
1598	0.4691	0.9719	2.814
1599	0.4637	0.9739	2.613
1600	0.4667	0.9731	2.695
1601	0.4637	0.9742	2.579
1602	0.4530	0.9793	2.068
1603	0.4512	0.9798	2.019
1604	0.4646	0.9737	2.626
1605	0.4553	0.9776	2.238
1606	0.4672	0.9724	2.759
1607	0.4639	0.9742	2.580
1608	0.4694	0.9720	2.796
1609	0.4673	0.9726	2.740
1610	0.4671	0.9726	2.742
1611	0.4672	0.9726	2.741
1612	0.4697	0.9712	2.879
1613	0.4663	0.9730	2.705
1614	0.4592	0.9757	2.430
1615	0.4675	0.9720	2.796
1616	0.4650	0.9735	2.649
1617	0.4682	0.9721	2.787
1618	0.4654	0.9731	2.685
1619	0.4628	0.9748	2.523
1620	0.4531	0.9790	2.103
1621	0.4679	0.9724	2.757
1622	0.4624	0.9743	2.573
1623	0.4658	0.9734	2.656
1624	0.4679	0.9727	2.731
1625	0.4624	0.9749	2.511
1626	0.4680	0.9725	2.747
1627	0.4664	0.9727	2.726
1628	0.4626	0.9744	2.560
1629	0.4664	0.9731	2.689
1630	0.4670	0.9727	2.726
1631	0.4672	0.9724	2.756
1632	0.4635	0.9742	2.577
1633	0.4680	0.9725	2.748
1634	0.4661	0.9729	2.706
1635	0.4699	0.9715	2.846
1636	0.4621	0.9745	2.552
1637	0.4685	0.9720	2.799
1638	0.4661	0.9728	2.724
1639	0.4669	0.9730	2.703
1640	0.4694	0.9721	2.789
1641	0.4685	0.9722	2.781
1642	0.4664	0.9725	2.751
1643	0.4665	0.9727	2.726
1644	0.4686	0.9720	2.798
1645	0.4678	0.9721	2.787
1646	0.4543	0.9782	2.175
1647	0.4684	0.9721	2.789
1648	0.4556	0.9782	2.178
1649	0.4686	0.9720	2.804
1650	0.4707	0.9709	2.912
1651	0.4690	0.9715	2.853
1652	0.4659	0.9727	2.730
1653	0.4671	0.9725	2.749
1654	0.4528	0.9792	2.085
1655	0.4618	0.9746	2.542
1656	0.4688	0.9718	2.822
1657	0.4645	0.9735	2.654
1658	0.4675	0.9728	2.724
1659	0.4607	0.9750	2.497
1660	0.4661	0.9731	2.687
1661	0.4631	0.9737	2.625
1662	0.4529	0.9789	2.111
1663	0.4606	0.9751	2.493
1664	0.4638	0.9737	2.633
1665	0.4638	0.9744	2.564
1666	0.4669	0.9725	2.745
1667	0.4682	0.9724	2.759
1668	0.4697	0.9712	2.881
1669	0.4647	0.9736	2.644
1670	0.4611	0.9752	2.479
1671	0.4652	0.9731	2.687
1672	0.4638	0.9737	2.633
1673	0.4663	0.9725	2.751
1674	0.4529	0.9789	2.111
1675	0.4647	0.9736	2.643
1676	0.4686	0.9719	2.808
1677	0.4528	0.9793	2.069
1678	0.4666	0.9730	2.697
1679	0.4678	0.9721	2.792
1680	0.4623	0.9749	2.515
1681	0.4682	0.9718	2.822
1682	0.4617	0.9745	2.546
1683	0.4696	0.9712	2.881
1684	0.4674	0.9727	2.727
1685	0.4527	0.9791	2.086
1686	0.4684	0.9720	2.800
1687	0.4660	0.9729	2.711
1688	0.4678	0.9727	2.734
1689	0.4644	0.9735	2.653
1690	0.4606	0.9751	2.494
1691	0.4660	0.9731	2.686
1692	0.4568	0.9771	2.289
1693	0.4685	0.9720	2.803
1694	0.4669	0.9725	2.745
1695	0.4687	0.9720	2.800
1696	0.4671	0.9724	2.758
1697	0.4637	0.9744	2.562
1698	0.4681	0.9721	2.788
1699	0.4635	0.9739	2.613
1700	0.4675	0.9724	2.762
1701	0.4554	0.9782	2.183
1702	0.4541	0.9782	2.177
1703	0.4671	0.9725	2.748
1704	0.4618	0.9745	2.550
1705	0.4703	0.9711	2.890
1706	0.4671	0.9726	2.744
1707	0.4510	0.9798	2.024
1708	0.4696	0.9715	2.855
1709	0.4667	0.9728	2.717
1710	0.4634	0.9742	2.580
1711	0.4670	0.9728	2.717
1712	0.4626	0.9743	2.573
1713	0.4655	0.9732	2.681
1714	0.4660	0.9731	2.686
1715	0.4626	0.9747	2.527
1716	0.4689	0.9717	2.826
1717	0.4659	0.9727	2.727
1718	0.4667	0.9729	2.711
1719	0.4589	0.9757	2.432
1720	0.4675	0.9719	2.815
1721	0.4550	0.9776	2.237
1722	0.4679	0.9722	2.778
1723	0.4683	0.9721	2.790
1724	0.4670	0.9725	2.751
1725	0.4621	0.9743	2.574
1726	0.4678	0.9725	2.754
1727	0.4662	0.9727	2.728
1728	0.4630	0.9738	2.625
1729	0.4691	0.9720	2.800
1730	0.4663	0.9725	2.748
1731	0.4639	0.9741	2.589
1732	0.4651	0.9732	2.685
1733	0.4669	0.9724	2.762
1734	0.4705	0.9709	2.913
1735	0.4656	0.9734	2.659
1736	0.4668	0.9725	2.745
1737	0.4680	0.9722	2.778
1738	0.4697	0.9713	2.875
1739	0.4633	0.9742	2.576
1740	0.4687	0.9719	2.815
1741	0.4672	0.9720	2.796
1742	0.4666	0.9727	2.730
1743	0.4686	0.9718	2.822
1744	0.4528	0.9790	2.103
1745	0.4691	0.9722	2.783
1746	0.4668	0.9727	2.726
1747	0.4688	0.9714	2.857
1748	0.4676	0.9724	2.757
1749	0.4679	0.9724	2.756
1750	0.4695	0.9712	2.878
1751	0.4605	0.9750	2.496
1752	0.4662	0.9731	2.689
1753	0.4696	0.9716	2.844
1754	0.4668	0.9724	2.758
1755	0.4679	0.9720	2.800
1756	0.4689	0.9714	2.858
1757	0.4609	0.9752	2.479
1758	0.4645	0.9735	2.648
1759	0.4657	0.9727	2.729
1760	0.4635	0.9742	2.578
1761	0.4677	0.9725	2.746
1762	0.4663	0.9727	2.726
1763	0.4647	0.9735	2.647
1764	0.4642	0.9737	2.625
1765	0.4679	0.9726	2.744
1766	0.4651	0.9732	2.684
1767	0.4659	0.9729	2.705
1768	0.4618	0.9745	2.550
1769	0.4685	0.9719	2.815
1770	0.4623	0.9744	2.561
1771	0.4586	0.9760	2.396
1772	0.4682	0.9722	2.783
1773	0.4604	0.9750	2.495
1774	0.4625	0.9748	2.523
1775	0.4647	0.9735	2.647
1776	0.4687	0.9719	2.815
1777	0.4696	0.9713	2.875
1778	0.4694	0.9714	2.858
1779	0.4682	0.9722	2.783
1780	0.4677	0.9725	2.746
1781	0.4659	0.9730	2.703
1782	0.4661	0.9727	2.726
1783	0.4685	0.9718	2.820
1784	0.4676	0.9727	2.732
1785	0.4642	0.9737	2.626
1786	0.4632	0.9742	2.576
1787	0.4683	0.9720	2.802
1788	0.4687	0.9715	2.847
1789	0.4677	0.9722	2.775
1790	0.4667	0.9726	2.739
1791	0.4678	0.9720	2.796
1792	0.4528	0.9790	2.103
1793	0.4676	0.9725	2.745
1794	0.4588	0.9757	2.427
1795	0.4679	0.9718	2.818
1796	0.4644	0.9736	2.638
1797	0.4685	0.9720	2.800
1798	0.4526	0.9789	2.114
1799	0.4672	0.9728	2.723
1800	0.4644	0.9735	2.652
1801	0.4628	0.9738	2.623
1802	0.4690	0.9721	2.790
1803	0.4603	0.9751	2.495
1804	0.4684	0.9719	2.814
1805	0.4689	0.9721	2.788
1806	0.4666	0.9726	2.742
1807	0.4681	0.9720	2.798
1808	0.4620	0.9749	2.509
1809	0.4548	0.9776	2.238
1810	0.4665	0.9728	2.716
1811	0.4700	0.9712	2.885
1812	0.4662	0.9725	2.752
1813	0.4664	0.9727	2.730
1814	0.4673	0.9719	2.813
1815	0.4674	0.9724	2.756
1816	0.4668	0.9728	2.716
1817	0.4565	0.9771	2.291
1818	0.4678	0.9722	2.778
1819	0.4687	0.9714	2.857
1820	0.4637	0.9742	2.585
1821	0.4677	0.9724	2.755
1822	0.4703	0.9709	2.913
1823	0.4666	0.9724	2.757
1824	0.4678	0.9726	2.741
1825	0.4619	0.9743	2.575
1826	0.4649	0.9731	2.690
1827	0.4667	0.9726	2.740
1828	0.4680	0.9721	2.789
1829	0.4670	0.9720	2.797
1830	0.4525	0.9793	2.068
1831	0.4641	0.9735	2.652
1832	0.4662	0.9731	2.694
1833	0.4622	0.9744	2.561
1834	0.4657	0.9731	2.687
1835	0.4653	0.9732	2.682
1836	0.4524	0.9791	2.086
1837	0.4659	0.9725	2.749
1838	0.4615	0.9745	2.546
1839	0.4667	0.9724	2.759
1840	0.4667	0.9725	2.748
1841	0.4584	0.9761	2.395
1842	0.4659	0.9731	2.690
1843	0.4677	0.9721	2.787
1844	0.4656	0.9727	2.726
1845	0.4661	0.9727	2.727
1846	0.4538	0.9782	2.176
1847	0.4668	0.9726	2.743
1848	0.4634	0.9744	2.563
1849	0.4692	0.9712	2.879
1850	0.4616	0.9745	2.551
1851	0.4551	0.9782	2.182
1852	0.4668	0.9724	2.760
1853	0.4623	0.9743	2.572
1854	0.4655	0.9727	2.731
1855	0.4694	0.9716	2.844
1856	0.4657	0.9731	2.687
1857	0.4506	0.9798	2.020
1858	0.4681	0.9720	2.800
1859	0.4673	0.9721	2.793
1860	0.4630	0.9742	2.576
1861	0.4634	0.9737	2.633
1862	0.4664	0.9729	2.707
1863	0.4633	0.9742	2.577
1864	0.4692	0.9712	2.877
1865	0.4686	0.9717	2.826
1866	0.4671	0.9724	2.762
1867	0.4607	0.9752	2.478
1868	0.4656	0.9729	2.706
1869	0.4649	0.9732	2.683
1870	0.4665	0.9727	2.726
1871	0.4652	0.9734	2.657
1872	0.4631	0.9739	2.612
1873	0.4613	0.9746	2.541
1874	0.4667	0.9726	2.740
1875	0.4680	0.9720	2.798
1876	0.4677	0.9722	2.779
1877	0.4547	0.9776	2.235
1878	0.4692	0.9712	2.879
1879	0.4620	0.9744	2.559
1880	0.4675	0.9725	2.747
1881	0.4652	0.9732	2.682
1882	0.4681	0.9719	2.806
1883	0.4635	0.9741	2.585
1884	0.4666	0.9725	2.748
1885	0.4664	0.9726	2.741
1886	0.4676	0.9722	2.785
1887	0.4663	0.9728	2.716
1888	0.4666	0.9726	2.740
1889	0.4622	0.9743	2.569
1890	0.4665	0.9724	2.759
1891	0.4673	0.9721	2.792
1892	0.4613	0.9746	2.540
1893	0.4630	0.9742	2.578
1894	0.4691	0.9712	2.879
1895	0.4675	0.9725	2.755
1896	0.4673	0.9727	2.730
1897	0.4660	0.9725	2.752
1898	0.4618	0.9749	2.509
1899	0.4685	0.9715	2.853
1900	0.4655	0.9727	2.725
1901	0.4693	0.9713	2.872
1902	0.4655	0.9730	2.704
1903	0.4673	0.9725	2.745
1904	0.4687	0.9721	2.787
1905	0.4647	0.9731	2.689
1906	0.4685	0.9718	2.824
1907	0.4524	0.9789	2.114
1908	0.4563	0.9771	2.290
1909	0.4664	0.9726	2.741
1910	0.4675	0.9722	2.775
1911	0.4583	0.9760	2.396
1912	0.4617	0.9743	2.573
1913	0.4685	0.9714	2.856
1914	0.4693	0.9715	2.845
1915	0.4655	0.9731	2.686
1916	0.4659	0.9727	2.726
1917	0.4523	0.9793	2.069
1918	0.4682	0.9718	2.823
1919	0.4656	0.9732	2.684
1920	0.4670	0.9724	2.764
1921	0.4651	0.9734	2.655
1922	0.4549	0.9782	2.183
1923	0.4665	0.9728	2.716
1924	0.4666	0.9724	2.759
1925	0.4672	0.9724	2.757
1926	0.4653	0.9727	2.730
1927	0.4657	0.9725	2.748
1928	0.4505	0.9798	2.020
1929	0.4663	0.9729	2.708
1930	0.4668	0.9721	2.795
1931	0.4632	0.9737	2.633
1932	0.4615	0.9745	2.551
1933	0.4601	0.9750	2.496
1934	0.4631	0.9742	2.580
1935	0.4641	0.9736	2.643
1936	0.4629	0.9742	2.578
1937	0.4655	0.9729	2.708
1938	0.4701	0.9709	2.913
1939	0.4605	0.9752	2.478
1940	0.4683	0.9718	2.817
1941	0.4641	0.9735	2.652
1942	0.4678	0.9721	2.787
1943	0.4524	0.9790	2.102
1944	0.4521	0.9791	2.085
1945	0.4659	0.9730	2.695
1946	0.4638	0.9737	2.629
1947	0.4670	0.9719	2.814
1948	0.4600	0.9751	2.494
1949	0.4647	0.9732	2.684
1950	0.4681	0.9720	2.801
1951	0.4632	0.9744	2.563
1952	0.4643	0.9735	2.650
1953	0.4661	0.9727	2.729
1954	0.4664	0.9724	2.762
1955	0.4629	0.9739	2.613
1956	0.4663	0.9728	2.724
1957	0.4668	0.9727	2.727
1958	0.4681	0.9718	2.818
1959	0.4679	0.9720	2.801
1960	0.4675	0.9718	2.820
1961	0.4625	0.9737	2.626
1962	0.4657	0.9731	2.689
1963	0.4638	0.9735	2.654
1964	0.4678	0.9722	2.781
1965	0.4697	0.9712	2.884
1966	0.4675	0.9724	2.756
1967	0.4584	0.9757	2.430
1968	0.4535	0.9782	2.177
1969	0.4620	0.9747	2.526
1970	0.4656	0.9727	2.726
1971	0.4690	0.9715	2.853
1972	0.4612	0.9745	2.547
1973	0.4674	0.9720	2.801
1974	0.4686	0.9722	2.785
1975	0.4672	0.9725	2.753
1976	0.4674	0.9724	2.756
1977	0.4677	0.9722	2.781
1978	0.4638	0.9738	2.625
1979	0.4678	0.9720	2.798
1980	0.4696	0.9711	2.885
1981	0.4504	0.9798	2.019
1982	0.4642	0.9735	2.648
1983	0.4674	0.9725	2.747
1984	0.4629	0.9739	2.612
1985	0.4683	0.9718	2.825
1986	0.4662	0.9724	2.758
1987	0.4664	0.9726	2.737
1988	0.4656	0.9725	2.749
1989	0.4681	0.9718	2.822
1990	0.4662	0.9728	2.724
1991	0.4624	0.9737	2.625
1992	0.4691	0.9715	2.845
1993	0.4604	0.9752	2.477
1994	0.4521	0.9793	2.068
1995	0.4689	0.9712	2.880
1996	0.4653	0.9727	2.726
1997	0.4674	0.9721	2.787
1998	0.4682	0.9714	2.856
1999	0.4649	0.9732	2.681
