0	0.4076	0.9722	2.778
1	0.4037	0.9738	2.620
2	0.4018	0.9743	2.568
3	0.4039	0.9735	2.649
4	0.4047	0.9735	2.646
5	0.3920	0.9794	2.060
6	0.4025	0.9747	2.532
7	0.4058	0.9733	2.675
8	0.3917	0.9794	2.057
9	0.4052	0.9730	2.704
10	0.4062	0.9729	2.707
11	0.4070	0.9727	2.732
12	0.4077	0.9723	2.772
13	0.4081	0.9724	2.758
14	0.4015	0.9753	2.471
15	0.4076	0.9721	2.786
16	0.4068	0.9728	2.720
17	0.4073	0.9724	2.757
18	0.4060	0.9728	2.722
19	0.4065	0.9727	2.728
20	0.4057	0.9731	2.692
21	0.4054	0.9734	2.662
22	0.3900	0.9802	1.982
23	0.3940	0.9779	2.213
24	0.4051	0.9733	2.669
25	0.4059	0.9730	2.695
26	0.3994	0.9754	2.458
27	0.4044	0.9739	2.607
28	0.4077	0.9720	2.800
29	0.4090	0.9717	2.826
30	0.4071	0.9726	2.741
31	0.4058	0.9730	2.698
32	0.4023	0.9742	2.576
33	0.4057	0.9730	2.695
34	0.4068	0.9726	2.739
35	0.4048	0.9736	2.638
36	0.4025	0.9749	2.512
37	0.4067	0.9727	2.726
38	0.4083	0.9717	2.829
39	0.4081	0.9718	2.820
40	0.4060	0.9724	2.762
41	0.3999	0.9756	2.445
42	0.4046	0.9733	2.675
43	0.4005	0.9749	2.505
44	0.4007	0.9750	2.502
45	0.4010	0.9753	2.471
46	0.4032	0.9742	2.585
47	0.4050	0.9730	2.702
48	0.4056	0.9731	2.689
49	0.4043	0.9736	2.644
50	0.3918	0.9796	2.040
51	0.4074	0.9724	2.758
52	0.4075	0.9723	2.773
53	0.4035	0.9740	2.605
54	0.4074	0.9723	2.767
55	0.4094	0.9712	2.879
56	0.4074	0.9724	2.757
57	0.4026	0.9741	2.594
58	0.4009	0.9748	2.518
59	0.4080	0.9725	2.748
60	0.4057	0.9733	2.674
61	0.4056	0.9728	2.720
62	0.4057	0.9730	2.695
63	0.4059	0.9728	2.723
64	0.4086	0.9718	2.817
65	0.4057	0.9731	2.693
66	0.3917	0.9794	2.055
67	0.4073	0.9724	2.759
68	0.4077	0.9720	2.800
69	0.3918	0.9792	2.079
70	0.4083	0.9717	2.830
71	0.3900	0.9802	1.982
72	0.4069	0.9723	2.767
73	0.4005	0.9749	2.506
74	0.4025	0.9747	2.533
75	0.4047	0.9732	2.680
76	0.3917	0.9796	2.040
77	0.4043	0.9735	2.646
78	0.4067	0.9728	2.716
79	0.4036	0.9738	2.620
80	0.4046	0.9735	2.646
81	0.4063	0.9722	2.779
82	0.4073	0.9723	2.773
83	0.4058	0.9730	2.698
84	0.4061	0.9731	2.690
85	0.4070	0.9727	2.730
86	0.4059	0.9730	2.704
87	0.4050	0.9730	2.702
88	0.4051	0.9733	2.669
89	0.3931	0.9785	2.148
90	0.4013	0.9748	2.519
91	0.4021	0.9747	2.530
92	0.4068	0.9729	2.712
93	0.4040	0.9736	2.645
94	0.4055	0.9734	2.658
95	0.4080	0.9724	2.756
96	0.4018	0.9743	2.569
97	0.4077	0.9723	2.772
98	0.4065	0.9724	2.756
99	0.4075	0.9722	2.777
100	0.4022	0.9742	2.576
101	0.4048	0.9736	2.638
102	0.4054	0.9731	2.692
103	0.4006	0.9749	2.510
104	0.4065	0.9727	2.728
105	0.4054	0.9734	2.662
106	0.4068	0.9727	2.732
107	0.3994	0.9753	2.470
108	0.4060	0.9724	2.763
109	0.4062	0.9730	2.704
110	0.3993	0.9754	2.458
111	0.4022	0.9747	2.529
112	0.4039	0.9735	2.650
113	0.4014	0.9753	2.473
114	0.4084	0.9718	2.817
115	0.4033	0.9739	2.607
116	0.4059	0.9731	2.694
117	0.3978	0.9761	2.393
118	0.4025	0.9749	2.512
119	0.4045	0.9733	2.675
120	0.4068	0.9726	2.738
121	0.4074	0.9723	2.765
122	0.4065	0.9729	2.712
123	0.4054	0.9733	2.673
124	0.3956	0.9775	2.254
125	0.4071	0.9724	2.763
126	0.4055	0.9735	2.649
127	0.4056	0.9731	2.688
128	0.4067	0.9727	2.726
129	0.4051	0.9730	2.704
130	0.4067	0.9727	2.734
131	0.4032	0.9740	2.603
132	0.4089	0.9717	2.826
133	0.4070	0.9726	2.741
134	0.3939	0.9779	2.214
135	0.4093	0.9712	2.879
136	0.4034	0.9740	2.603
137	0.4027	0.9746	2.537
138	0.4076	0.9722	2.784
139	0.4081	0.9718	2.819
140	0.4068	0.9729	2.711
141	0.4006	0.9750	2.502
142	0.4051	0.9735	2.651
143	0.4031	0.9742	2.584
144	0.3999	0.9755	2.446
145	0.3943	0.9784	2.161
146	0.4047	0.9736	2.641
147	0.3976	0.9765	2.353
148	0.4083	0.9720	2.798
149	0.4074	0.9723	2.774
150	0.4047	0.9736	2.642
151	0.3919	0.9794	2.060
152	0.4012	0.9749	2.513
153	0.4050	0.9730	2.701
154	0.4043	0.9739	2.607
155	0.4010	0.9753	2.472
156	0.4067	0.9728	2.720
157	0.4061	0.9731	2.691
158	0.4065	0.9727	2.729
159	0.4067	0.9727	2.726
160	0.4046	0.9735	2.646
161	0.4082	0.9717	2.830
162	0.4065	0.9729	2.713
163	0.4022	0.9742	2.576
164	0.4083	0.9720	2.797
165	0.4025	0.9741	2.594
166	0.4050	0.9730	2.702
167	0.4045	0.9733	2.675
168	0.4068	0.9727	2.732
169	0.4093	0.9712	2.879
170	0.3919	0.9794	2.060
171	0.4050	0.9733	2.668
172	0.4061	0.9730	2.704
173	0.4063	0.9722	2.778
174	0.4006	0.9749	2.510
175	0.4056	0.9731	2.689
176	0.4047	0.9736	2.642
177	0.4053	0.9731	2.692
178	0.3930	0.9785	2.148
179	0.4055	0.9734	2.659
180	0.4080	0.9724	2.757
181	0.4051	0.9735	2.652
182	0.4074	0.9723	2.767
183	0.4021	0.9747	2.531
184	0.4022	0.9747	2.529
185	0.3998	0.9756	2.445
186	0.4057	0.9730	2.698
187	0.3939	0.9779	2.213
188	0.4032	0.9739	2.606
189	0.4008	0.9748	2.518
190	0.4064	0.9724	2.756
191	0.4085	0.9718	2.818
192	0.4006	0.9750	2.501
193	0.3993	0.9753	2.470
194	0.4043	0.9735	2.647
195	0.4070	0.9727	2.731
196	0.4047	0.9736	2.638
197	0.4059	0.9730	2.704
198	0.3916	0.9795	2.055
199	0.4005	0.9750	2.505
200	0.4070	0.9726	2.740
201	0.4067	0.9728	2.720
202	0.4071	0.9724	2.761
203	0.4076	0.9720	2.800
204	0.4066	0.9728	2.717
205	0.4075	0.9722	2.777
206	0.4031	0.9742	2.585
207	0.4051	0.9730	2.704
208	0.4057	0.9731	2.692
209	0.4012	0.9748	2.520
210	0.4059	0.9728	2.722
211	0.3917	0.9796	2.041
212	0.3956	0.9775	2.253
213	0.4049	0.9730	2.700
214	0.4043	0.9739	2.606
215	0.4068	0.9723	2.767
216	0.4009	0.9753	2.472
217	0.4014	0.9753	2.472
218	0.4057	0.9733	2.674
219	0.4073	0.9724	2.757
220	0.3977	0.9761	2.392
221	0.3900	0.9802	1.982
222	0.4025	0.9749	2.512
223	0.4080	0.9718	2.820
224	0.4017	0.9743	2.570
225	0.4036	0.9738	2.620
226	0.4079	0.9725	2.748
227	0.4067	0.9726	2.738
228	0.4072	0.9723	2.773
229	0.4083	0.9718	2.818
230	0.4076	0.9723	2.772
231	0.4031	0.9740	2.603
232	0.3993	0.9754	2.459
233	0.4053	0.9733	2.675
234	0.4055	0.9735	2.652
235	0.4058	0.9730	2.695
236	0.4056	0.9728	2.719
237	0.4038	0.9735	2.649
238	0.4027	0.9746	2.538
239	0.4075	0.9721	2.785
240	0.4047	0.9736	2.642
241	0.4059	0.9724	2.763
242	0.3976	0.9765	2.353
243	0.4053	0.9734	2.662
244	0.4067	0.9727	2.734
245	0.4089	0.9717	2.826
246	0.4067	0.9729	2.712
247	0.4056	0.9730	2.696
248	0.3942	0.9784	2.162
249	0.3917	0.9792	2.079
250	0.4024	0.9747	2.532
251	0.4067	0.9729	2.712
252	0.4074	0.9723	2.772
253	0.4011	0.9749	2.513
254	0.4039	0.9735	2.645
255	0.4072	0.9724	2.758
256	0.4034	0.9740	2.604
257	0.4046	0.9732	2.680
258	0.4069	0.9727	2.730
259	0.3993	0.9754	2.458
260	0.4043	0.9739	2.606
261	0.3977	0.9761	2.393
262	0.4093	0.9712	2.881
263	0.4053	0.9734	2.662
264	0.3930	0.9785	2.148
265	0.4055	0.9731	2.689
266	0.4024	0.9749	2.512
267	0.4059	0.9728	2.722
268	0.4051	0.9730	2.704
269	0.4053	0.9733	2.675
270	0.4072	0.9724	2.758
271	0.4079	0.9725	2.748
272	0.4074	0.9723	2.774
273	0.3993	0.9753	2.471
274	0.4039	0.9735	2.645
275	0.3917	0.9792	2.079
276	0.4021	0.9747	2.531
277	0.4057	0.9730	2.698
278	0.4049	0.9730	2.701
279	0.4057	0.9732	2.675
280	0.4026	0.9746	2.537
281	0.4012	0.9748	2.519
282	0.4013	0.9753	2.473
283	0.3975	0.9765	2.353
284	0.4022	0.9747	2.529
285	0.4045	0.9735	2.646
286	0.4075	0.9721	2.785
287	0.4068	0.9723	2.765
288	0.4011	0.9749	2.513
289	0.4060	0.9731	2.691
290	0.4033	0.9740	2.602
291	0.4066	0.9728	2.715
292	0.4073	0.9724	2.758
293	0.3939	0.9779	2.214
294	0.4053	0.9731	2.692
295	0.4061	0.9730	2.704
296	0.3899	0.9802	1.982
297	0.4006	0.9749	2.509
298	0.4047	0.9736	2.642
299	0.4080	0.9718	2.820
300	0.3917	0.9796	2.040
301	0.4076	0.9723	2.772
302	0.4031	0.9740	2.604
303	0.4005	0.9750	2.501
304	0.4079	0.9724	2.759
305	0.4049	0.9730	2.700
306	0.4062	0.9722	2.780
307	0.4054	0.9735	2.651
308	0.4032	0.9739	2.606
309	0.4067	0.9729	2.712
310	0.4083	0.9718	2.818
311	0.4009	0.9753	2.471
312	0.4067	0.9729	2.712
313	0.4082	0.9717	2.831
314	0.4022	0.9742	2.577
315	0.4076	0.9720	2.800
316	0.4074	0.9722	2.778
317	0.4024	0.9747	2.533
318	0.4056	0.9731	2.693
319	0.4047	0.9736	2.637
320	0.4089	0.9717	2.826
321	0.4066	0.9727	2.735
322	0.4066	0.9727	2.726
323	0.4035	0.9738	2.620
324	0.4004	0.9750	2.505
325	0.3918	0.9794	2.060
326	0.4059	0.9724	2.765
327	0.4069	0.9726	2.740
328	0.4044	0.9733	2.674
329	0.4038	0.9735	2.648
330	0.4046	0.9732	2.680
331	0.3942	0.9784	2.162
332	0.4024	0.9741	2.591
333	0.4017	0.9743	2.569
334	0.4050	0.9733	2.669
335	0.4050	0.9735	2.653
336	0.4064	0.9727	2.729
337	0.4008	0.9748	2.519
338	0.4072	0.9723	2.774
339	0.4073	0.9723	2.767
340	0.4055	0.9728	2.720
341	0.4055	0.9730	2.696
342	0.4065	0.9728	2.715
343	0.4042	0.9735	2.645
344	0.3998	0.9755	2.445
345	0.4031	0.9742	2.584
346	0.4064	0.9724	2.756
347	0.4066	0.9728	2.720
348	0.4070	0.9724	2.763
349	0.3916	0.9794	2.055
350	0.4067	0.9727	2.733
351	0.4047	0.9736	2.642
352	0.4058	0.9730	2.703
353	0.4058	0.9731	2.694
354	0.4084	0.9718	2.816
355	0.4067	0.9726	2.740
356	0.4054	0.9734	2.660
357	0.3955	0.9775	2.254
358	0.4082	0.9720	2.797
359	0.4067	0.9726	2.738
360	0.4049	0.9730	2.702
361	0.4064	0.9729	2.713
362	0.3942	0.9784	2.162
363	0.3977	0.9761	2.394
364	0.4053	0.9734	2.662
365	0.4064	0.9724	2.756
366	0.4044	0.9733	2.675
367	0.4076	0.9720	2.800
368	0.4060	0.9730	2.704
369	0.4060	0.9731	2.691
370	0.4052	0.9731	2.692
371	0.4021	0.9747	2.529
372	0.4067	0.9723	2.766
373	0.4084	0.9718	2.816
374	0.4008	0.9748	2.518
375	0.4058	0.9731	2.693
376	0.4005	0.9750	2.501
377	0.4013	0.9753	2.473
378	0.3915	0.9794	2.055
379	0.3899	0.9802	1.982
380	0.4055	0.9728	2.719
381	0.4082	0.9717	2.830
382	0.4024	0.9749	2.512
383	0.4062	0.9722	2.778
384	0.4074	0.9722	2.785
385	0.4033	0.9740	2.602
386	0.4046	0.9736	2.641
387	0.4049	0.9730	2.699
388	0.3917	0.9792	2.079
389	0.3930	0.9785	2.148
390	0.4055	0.9731	2.689
391	0.4005	0.9749	2.510
392	0.4020	0.9747	2.531
393	0.3998	0.9755	2.446
394	0.4045	0.9735	2.646
395	0.3938	0.9779	2.215
396	0.4047	0.9736	2.638
397	0.4045	0.9732	2.680
398	0.4067	0.9729	2.712
399	0.4065	0.9728	2.717
400	0.3916	0.9796	2.040
401	0.4031	0.9739	2.606
402	0.4058	0.9730	2.704
403	0.4004	0.9750	2.505
404	0.4038	0.9735	2.649
405	0.4021	0.9742	2.576
406	0.4072	0.9723	2.773
407	0.4011	0.9748	2.521
408	0.4056	0.9733	2.675
409	0.4050	0.9735	2.651
410	0.4042	0.9735	2.646
411	0.4017	0.9743	2.569
412	0.4074	0.9722	2.777
413	0.3975	0.9765	2.353
414	0.3992	0.9753	2.469
415	0.4075	0.9723	2.772
416	0.4056	0.9730	2.697
417	0.3918	0.9794	2.060
418	0.4067	0.9727	2.734
419	0.4030	0.9740	2.604
420	0.4053	0.9732	2.676
421	0.4069	0.9726	2.741
422	0.4058	0.9728	2.722
423	0.4073	0.9723	2.773
424	0.4049	0.9733	2.670
425	0.4066	0.9728	2.720
426	0.4055	0.9730	2.696
427	0.4011	0.9749	2.513
428	0.4054	0.9734	2.658
429	0.4030	0.9741	2.586
430	0.4069	0.9727	2.731
431	0.4082	0.9720	2.800
432	0.4088	0.9717	2.826
433	0.4066	0.9728	2.724
434	0.4054	0.9735	2.651
435	0.4038	0.9735	2.645
436	0.4079	0.9718	2.821
437	0.4023	0.9747	2.532
438	0.4070	0.9724	2.762
439	0.3992	0.9754	2.459
440	0.4066	0.9726	2.738
441	0.3955	0.9775	2.253
442	0.4042	0.9739	2.606
443	0.4072	0.9724	2.758
444	0.4082	0.9718	2.818
445	0.4008	0.9753	2.472
446	0.4026	0.9746	2.537
447	0.4066	0.9729	2.711
448	0.4046	0.9736	2.641
449	0.4064	0.9727	2.729
450	0.4035	0.9738	2.620
451	0.4071	0.9724	2.757
452	0.4050	0.9730	2.704
453	0.4078	0.9725	2.748
454	0.4072	0.9723	2.767
455	0.4079	0.9724	2.758
456	0.4024	0.9741	2.594
457	0.4092	0.9712	2.879
458	0.4055	0.9731	2.692
459	0.4058	0.9724	2.763
460	0.4048	0.9730	2.699
461	0.4054	0.9731	2.689
462	0.4066	0.9727	2.726
463	0.4055	0.9730	2.696
464	0.4044	0.9733	2.674
465	0.4038	0.9736	2.645
466	0.4058	0.9730	2.704
467	0.4045	0.9735	2.646
468	0.4079	0.9718	2.820
469	0.4064	0.9729	2.713
470	0.4066	0.9729	2.711
471	0.3941	0.9784	2.161
472	0.4013	0.9753	2.473
473	0.4048	0.9730	2.702
474	0.4046	0.9736	2.642
475	0.3992	0.9753	2.470
476	0.3997	0.9755	2.445
477	0.4072	0.9724	2.757
478	0.4004	0.9750	2.505
479	0.4075	0.9720	2.800
480	0.4074	0.9722	2.777
481	0.3992	0.9754	2.458
482	0.4020	0.9747	2.532
483	0.4023	0.9749	2.512
484	0.4065	0.9728	2.717
485	0.4024	0.9741	2.594
486	0.4052	0.9732	2.675
487	0.4072	0.9723	2.765
488	0.4066	0.9729	2.712
489	0.4084	0.9719	2.814
490	0.4069	0.9726	2.741
491	0.4031	0.9739	2.608
492	0.3955	0.9775	2.255
493	0.4078	0.9725	2.746
494	0.4053	0.9735	2.650
495	0.4055	0.9731	2.693
496	0.3976	0.9761	2.394
497	0.4052	0.9731	2.692
498	0.3938	0.9779	2.214
499	0.4060	0.9730	2.704
500	0.4005	0.9750	2.501
501	0.4049	0.9733	2.667
502	0.4030	0.9742	2.585
503	0.4066	0.9726	2.739
504	0.4058	0.9724	2.763
505	0.4052	0.9734	2.663
506	0.4088	0.9717	2.826
507	0.4067	0.9723	2.766
508	0.4065	0.9727	2.734
509	0.4037	0.9735	2.648
510	0.4023	0.9747	2.531
511	0.3916	0.9796	2.039
512	0.4042	0.9740	2.605
513	0.4008	0.9753	2.474
514	0.4046	0.9736	2.642
515	0.4007	0.9748	2.519
516	0.4081	0.9720	2.797
517	0.4054	0.9728	2.717
518	0.4057	0.9728	2.722
519	0.4061	0.9722	2.776
520	0.4081	0.9717	2.830
521	0.4055	0.9732	2.677
522	0.3917	0.9794	2.059
523	0.4073	0.9723	2.772
524	0.4071	0.9724	2.760
525	0.4050	0.9730	2.704
526	0.4063	0.9727	2.728
527	0.4063	0.9724	2.756
528	0.4041	0.9736	2.645
529	0.4032	0.9740	2.602
530	0.4068	0.9727	2.730
531	0.3915	0.9794	2.056
532	0.3974	0.9765	2.353
533	0.4049	0.9735	2.653
534	0.4071	0.9723	2.774
535	0.4010	0.9749	2.513
536	0.3929	0.9785	2.148
537	0.4011	0.9748	2.519
538	0.3898	0.9802	1.981
539	0.4045	0.9732	2.680
540	0.4091	0.9712	2.880
541	0.4025	0.9746	2.538
542	0.4059	0.9731	2.690
543	0.4016	0.9743	2.569
544	0.4078	0.9724	2.757
545	0.3916	0.9792	2.079
546	0.4030	0.9740	2.603
547	0.4020	0.9747	2.529
548	0.4034	0.9738	2.619
549	0.4074	0.9721	2.786
550	0.4005	0.9749	2.510
551	0.4075	0.9723	2.772
552	0.4046	0.9736	2.638
553	0.4020	0.9742	2.576
554	0.4053	0.9734	2.659
555	0.4065	0.9728	2.720
556	0.4056	0.9730	2.698
557	0.4082	0.9718	2.818
558	0.4069	0.9724	2.762
559	0.4066	0.9727	2.733
560	0.4057	0.9731	2.695
561	0.4048	0.9730	2.702
562	0.4078	0.9724	2.758
563	0.4065	0.9728	2.720
564	0.4072	0.9724	2.758
565	0.4042	0.9739	2.607
566	0.3915	0.9794	2.055
567	0.4020	0.9747	2.529
568	0.4031	0.9739	2.606
569	0.4030	0.9741	2.585
570	0.4075	0.9723	2.772
571	0.4060	0.9730	2.704
572	0.4066	0.9729	2.711
573	0.4052	0.9731	2.692
574	0.4074	0.9721	2.786
575	0.4079	0.9718	2.818
576	0.4044	0.9735	2.645
577	0.4016	0.9743	2.568
578	0.4046	0.9736	2.642
579	0.4043	0.9733	2.674
580	0.3916	0.9792	2.079
581	0.4052	0.9734	2.663
582	0.4054	0.9728	2.719
583	0.4019	0.9747	2.532
584	0.4066	0.9727	2.733
585	0.4022	0.9747	2.532
586	0.4049	0.9735	2.653
587	0.4072	0.9723	2.773
588	0.4069	0.9724	2.763
589	0.4012	0.9753	2.473
590	0.4072	0.9724	2.764
591	0.4066	0.9729	2.712
592	0.3997	0.9756	2.445
593	0.4023	0.9749	2.512
594	0.3941	0.9784	2.161
595	0.4065	0.9727	2.726
596	0.3992	0.9753	2.470
597	0.4065	0.9728	2.716
598	0.4004	0.9749	2.510
599	0.4007	0.9748	2.518
600	0.4059	0.9731	2.690
601	0.4048	0.9730	2.699
602	0.4083	0.9718	2.817
603	0.4071	0.9724	2.760
604	0.4045	0.9736	2.642
605	0.4066	0.9723	2.766
606	0.3974	0.9765	2.353
607	0.4081	0.9720	2.797
608	0.4056	0.9730	2.698
609	0.4075	0.9720	2.799
610	0.4087	0.9717	2.826
611	0.4057	0.9728	2.723
612	0.3898	0.9802	1.981
613	0.4038	0.9735	2.645
614	0.4068	0.9727	2.730
615	0.4008	0.9753	2.472
616	0.3991	0.9754	2.459
617	0.4063	0.9729	2.713
618	0.4080	0.9717	2.830
619	0.4055	0.9732	2.676
620	0.4020	0.9742	2.576
621	0.4025	0.9746	2.537
622	0.4057	0.9730	2.704
623	0.3929	0.9785	2.148
624	0.4049	0.9730	2.704
625	0.4057	0.9731	2.693
626	0.3954	0.9775	2.254
627	0.4057	0.9724	2.763
628	0.4068	0.9726	2.742
629	0.4065	0.9727	2.734
630	0.4073	0.9722	2.778
631	0.4053	0.9734	2.660
632	0.4052	0.9732	2.675
633	0.3937	0.9779	2.213
634	0.4030	0.9740	2.604
635	0.4010	0.9749	2.513
636	0.4023	0.9741	2.594
637	0.4066	0.9726	2.739
638	0.4037	0.9735	2.648
639	0.4061	0.9722	2.780
640	0.4091	0.9712	2.880
641	0.4046	0.9736	2.637
642	0.4053	0.9731	2.689
643	0.4003	0.9750	2.505
644	0.4081	0.9718	2.818
645	0.3917	0.9794	2.060
646	0.4071	0.9723	2.773
647	0.4054	0.9730	2.696
648	0.3915	0.9796	2.040
649	0.4034	0.9738	2.620
650	0.4010	0.9748	2.521
651	0.4053	0.9735	2.651
652	0.4062	0.9724	2.755
653	0.4055	0.9731	2.692
654	0.4063	0.9727	2.728
655	0.4044	0.9732	2.680
656	0.4078	0.9725	2.748
657	0.4032	0.9740	2.603
658	0.4048	0.9733	2.668
659	0.3975	0.9761	2.393
660	0.4004	0.9750	2.502
661	0.4041	0.9735	2.646
662	0.4037	0.9735	2.645
663	0.3898	0.9802	1.981
664	0.4074	0.9723	2.772
665	0.4073	0.9721	2.786
666	0.4068	0.9726	2.740
667	0.4065	0.9729	2.712
668	0.4081	0.9718	2.818
669	0.4059	0.9731	2.690
670	0.4053	0.9735	2.652
671	0.4023	0.9741	2.594
672	0.4071	0.9723	2.765
673	0.4055	0.9732	2.676
674	0.4065	0.9727	2.731
675	0.4078	0.9718	2.820
676	0.3937	0.9779	2.214
677	0.4010	0.9748	2.519
678	0.4057	0.9728	2.723
679	0.4055	0.9730	2.698
680	0.4034	0.9738	2.620
681	0.4051	0.9734	2.662
682	0.4045	0.9736	2.636
683	0.4045	0.9736	2.642
684	0.4062	0.9724	2.756
685	0.4064	0.9729	2.714
686	0.4077	0.9725	2.747
687	0.4070	0.9724	2.761
688	0.4041	0.9736	2.644
689	0.4019	0.9747	2.531
690	0.4080	0.9717	2.827
691	0.4054	0.9730	2.696
692	0.4072	0.9723	2.772
693	0.4020	0.9742	2.577
694	0.3915	0.9796	2.039
695	0.3996	0.9756	2.445
696	0.4080	0.9720	2.797
697	0.4022	0.9749	2.511
698	0.4043	0.9733	2.674
699	0.4030	0.9739	2.608
700	0.4053	0.9731	2.688
701	0.4032	0.9740	2.603
702	0.4059	0.9730	2.702
703	0.4060	0.9722	2.776
704	0.4047	0.9730	2.701
705	0.4015	0.9743	2.568
706	0.4004	0.9749	2.509
707	0.4074	0.9720	2.799
708	0.4004	0.9750	2.501
709	0.4065	0.9726	2.739
710	0.4062	0.9727	2.728
711	0.4047	0.9730	2.699
712	0.4057	0.9724	2.762
713	0.4064	0.9727	2.726
714	0.4044	0.9732	2.681
715	0.4043	0.9735	2.645
716	0.4048	0.9733	2.667
717	0.4029	0.9742	2.584
718	0.3991	0.9753	2.470
719	0.4002	0.9750	2.504
720	0.4007	0.9753	2.472
721	0.4087	0.9717	2.826
722	0.4066	0.9723	2.766
723	0.4051	0.9731	2.692
724	0.4083	0.9718	2.815
725	0.3916	0.9794	2.060
726	0.4045	0.9736	2.642
727	0.4077	0.9724	2.757
728	0.3954	0.9775	2.254
729	0.4048	0.9735	2.652
730	0.4091	0.9712	2.879
731	0.4065	0.9728	2.720
732	0.4054	0.9731	2.693
733	0.4024	0.9746	2.538
734	0.3914	0.9794	2.055
735	0.4052	0.9734	2.659
736	0.4069	0.9724	2.763
737	0.4020	0.9747	2.529
738	0.4036	0.9735	2.648
739	0.4065	0.9729	2.712
740	0.4006	0.9748	2.518
741	0.4051	0.9733	2.673
742	0.3940	0.9784	2.162
743	0.3975	0.9761	2.393
744	0.4049	0.9730	2.704
745	0.4022	0.9747	2.532
746	0.4056	0.9730	2.695
747	0.4041	0.9739	2.606
748	0.3990	0.9754	2.459
749	0.4009	0.9749	2.513
750	0.3973	0.9765	2.353
751	0.4011	0.9753	2.472
752	0.4067	0.9727	2.731
753	0.4056	0.9730	2.705
754	0.4029	0.9740	2.604
755	0.4071	0.9724	2.760
756	0.4063	0.9728	2.715
757	0.4064	0.9726	2.738
758	0.3928	0.9785	2.148
759	0.4053	0.9728	2.720
760	0.4070	0.9723	2.773
761	0.3915	0.9792	2.080
762	0.4073	0.9722	2.777
763	0.4052	0.9734	2.660
764	0.4051	0.9731	2.693
765	0.4063	0.9728	2.715
766	0.4057	0.9723	2.765
767	0.4004	0.9749	2.511
768	0.4074	0.9723	2.771
769	0.4031	0.9740	2.604
770	0.4056	0.9731	2.694
771	0.3916	0.9794	2.060
772	0.4074	0.9720	2.800
773	0.3940	0.9784	2.163
774	0.3991	0.9753	2.468
775	0.3937	0.9779	2.213
776	0.3914	0.9796	2.040
777	0.4029	0.9741	2.586
778	0.4051	0.9734	2.663
779	0.4070	0.9723	2.774
780	0.4040	0.9735	2.646
781	0.4073	0.9721	2.788
782	0.3996	0.9756	2.445
783	0.4065	0.9726	2.736
784	0.4067	0.9727	2.733
785	0.4087	0.9717	2.828
786	0.4070	0.9724	2.756
787	0.4052	0.9735	2.653
788	0.4022	0.9741	2.591
789	0.4071	0.9724	2.759
790	0.4048	0.9735	2.653
791	0.4082	0.9718	2.818
792	0.4029	0.9739	2.605
793	0.4064	0.9728	2.720
794	0.4062	0.9724	2.756
795	0.4033	0.9738	2.620
796	0.4056	0.9730	2.705
797	0.4051	0.9732	2.675
798	0.4011	0.9753	2.471
799	0.4006	0.9748	2.518
800	0.4053	0.9728	2.720
801	0.4019	0.9742	2.576
802	0.3990	0.9754	2.459
803	0.4064	0.9728	2.716
804	0.4054	0.9733	2.675
805	0.4042	0.9733	2.674
806	0.4072	0.9723	2.773
807	0.4019	0.9747	2.528
808	0.4045	0.9736	2.638
809	0.4064	0.9727	2.725
810	0.4041	0.9739	2.607
811	0.4065	0.9729	2.712
812	0.4024	0.9746	2.538
813	0.3975	0.9761	2.393
814	0.4058	0.9731	2.691
815	0.4037	0.9735	2.645
816	0.4015	0.9743	2.568
817	0.4065	0.9726	2.738
818	0.4044	0.9732	2.680
819	0.4044	0.9736	2.642
820	0.4003	0.9750	2.502
821	0.4071	0.9723	2.765
822	0.4047	0.9730	2.699
823	0.4067	0.9726	2.741
824	0.3953	0.9775	2.254
825	0.4055	0.9730	2.698
826	0.3915	0.9792	2.079
827	0.4053	0.9730	2.695
828	0.4081	0.9718	2.818
829	0.3928	0.9785	2.148
830	0.4048	0.9730	2.704
831	0.3913	0.9794	2.056
832	0.4021	0.9747	2.531
833	0.4064	0.9726	2.738
834	0.4058	0.9729	2.706
835	0.4029	0.9739	2.606
836	0.4009	0.9749	2.513
837	0.4056	0.9728	2.723
838	0.4002	0.9750	2.504
839	0.4065	0.9729	2.713
840	0.4062	0.9727	2.729
841	0.4072	0.9722	2.777
842	0.3897	0.9802	1.982
843	0.4007	0.9753	2.471
844	0.4043	0.9735	2.647
845	0.4054	0.9731	2.693
846	0.4068	0.9724	2.762
847	0.4009	0.9748	2.521
848	0.4047	0.9733	2.670
849	0.4077	0.9724	2.758
850	0.4065	0.9723	2.767
851	0.4078	0.9718	2.820
852	0.3973	0.9765	2.353
853	0.4053	0.9731	2.690
854	0.4047	0.9730	2.702
855	0.4077	0.9725	2.748
856	0.4022	0.9749	2.511
857	0.4090	0.9712	2.880
858	0.4080	0.9720	2.799
859	0.4036	0.9735	2.649
860	0.4018	0.9747	2.531
861	0.4060	0.9722	2.779
862	0.4079	0.9717	2.831
863	0.4044	0.9736	2.642
864	0.4007	0.9753	2.471
865	0.3916	0.9794	2.060
866	0.4031	0.9740	2.604
867	0.4046	0.9730	2.701
868	0.4029	0.9739	2.606
869	0.4074	0.9720	2.799
870	0.3913	0.9794	2.056
871	0.4054	0.9732	2.675
872	0.4040	0.9735	2.645
873	0.4043	0.9735	2.647
874	0.4077	0.9725	2.748
875	0.4019	0.9742	2.576
876	0.3940	0.9784	2.163
877	0.4021	0.9747	2.533
878	0.4072	0.9721	2.787
879	0.4064	0.9728	2.723
880	0.4077	0.9724	2.759
881	0.4052	0.9734	2.658
882	0.4046	0.9730	2.703
883	0.4056	0.9729	2.705
884	0.4071	0.9723	2.768
885	0.4058	0.9729	2.706
886	0.3990	0.9753	2.469
887	0.4040	0.9739	2.606
888	0.4082	0.9718	2.819
889	0.4022	0.9741	2.593
890	0.4053	0.9730	2.696
891	0.4050	0.9734	2.664
892	0.4056	0.9730	2.695
893	0.4065	0.9726	2.739
894	0.4077	0.9718	2.818
895	0.4005	0.9748	2.518
896	0.4065	0.9723	2.767
897	0.3927	0.9785	2.148
898	0.4019	0.9747	2.529
899	0.4047	0.9733	2.668
900	0.3995	0.9755	2.445
901	0.4009	0.9748	2.520
902	0.4035	0.9735	2.648
903	0.4009	0.9749	2.512
904	0.4070	0.9724	2.760
905	0.4079	0.9720	2.799
906	0.4043	0.9732	2.680
907	0.4002	0.9750	2.505
908	0.3973	0.9765	2.353
909	0.4048	0.9730	2.704
910	0.4014	0.9743	2.568
911	0.4069	0.9724	2.756
912	0.4044	0.9736	2.642
913	0.4047	0.9735	2.654
914	0.4036	0.9736	2.644
915	0.4056	0.9723	2.767
916	0.4053	0.9731	2.692
917	0.4073	0.9723	2.772
918	0.4052	0.9735	2.653
919	0.4090	0.9712	2.880
920	0.4064	0.9726	2.739
921	0.4064	0.9727	2.735
922	0.4064	0.9729	2.712
923	0.4068	0.9724	2.762
924	0.4003	0.9749	2.511
925	0.4079	0.9717	2.831
926	0.4033	0.9738	2.620
927	0.4028	0.9740	2.605
928	0.4022	0.9749	2.512
929	0.4024	0.9746	2.537
930	0.4028	0.9741	2.585
931	0.4044	0.9736	2.638
932	0.4059	0.9722	2.780
933	0.4042	0.9733	2.675
934	0.4050	0.9731	2.693
935	0.3990	0.9754	2.458
936	0.4086	0.9717	2.827
937	0.4072	0.9722	2.777
938	0.3914	0.9796	2.040
939	0.4061	0.9727	2.728
940	0.3914	0.9792	2.080
941	0.4058	0.9731	2.690
942	0.4050	0.9733	2.675
943	0.4069	0.9723	2.773
944	0.4067	0.9726	2.740
945	0.4044	0.9736	2.642
946	0.4054	0.9730	2.698
947	0.4018	0.9747	2.531
948	0.4011	0.9753	2.472
949	0.3974	0.9761	2.394
950	0.4071	0.9723	2.772
951	0.4064	0.9729	2.712
952	0.4066	0.9727	2.730
953	0.4064	0.9728	2.719
954	0.4061	0.9724	2.756
955	0.4053	0.9728	2.718
956	0.4003	0.9750	2.501
957	0.3896	0.9802	1.981
958	0.4080	0.9718	2.817
959	0.4055	0.9728	2.723
960	0.4063	0.9728	2.716
961	0.3936	0.9779	2.213
962	0.3952	0.9775	2.254
963	0.4052	0.9731	2.689
964	0.4062	0.9729	2.715
965	0.4028	0.9741	2.585
966	0.4028	0.9740	2.604
967	0.4090	0.9712	2.880
968	0.4050	0.9734	2.662
969	0.4018	0.9747	2.530
970	0.4050	0.9733	2.673
971	0.4066	0.9727	2.730
972	0.4014	0.9743	2.568
973	0.4009	0.9748	2.519
974	0.4077	0.9718	2.819
975	0.4047	0.9733	2.667
976	0.4079	0.9717	2.831
977	0.4063	0.9727	2.726
978	0.4052	0.9728	2.717
979	0.4040	0.9740	2.604
980	0.3990	0.9753	2.470
981	0.4001	0.9750	2.504
982	0.4076	0.9725	2.747
983	0.3952	0.9775	2.254
984	0.3990	0.9754	2.458
985	0.4073	0.9720	2.799
986	0.4061	0.9727	2.727
987	0.3972	0.9765	2.353
988	0.3896	0.9802	1.981
989	0.3927	0.9785	2.148
990	0.4056	0.9724	2.764
991	0.4082	0.9718	2.817
992	0.4064	0.9729	2.710
993	0.4047	0.9735	2.652
994	0.4071	0.9723	2.772
995	0.4086	0.9717	2.826
996	0.4021	0.9741	2.594
997	0.4051	0.9734	2.658
998	0.4044	0.9736	2.643
999	0.4010	0.9753	2.471
1000	0.3913	0.9796	2.040
1001	0.4039	0.9735	2.646
1002	0.4003	0.9749	2.511
1003	0.4065	0.9723	2.767
1004	0.4070	0.9723	2.767
1005	0.4052	0.9730	2.695
1006	0.4055	0.9728	2.723
1007	0.4055	0.9730	2.704
1008	0.4062	0.9728	2.715
1009	0.4044	0.9736	2.642
1010	0.4043	0.9732	2.680
1011	0.4073	0.9723	2.772
1012	0.4030	0.9740	2.603
1013	0.4071	0.9722	2.778
1014	0.4048	0.9730	2.704
1015	0.4063	0.9727	2.734
1016	0.4061	0.9724	2.756
1017	0.4076	0.9724	2.757
1018	0.4055	0.9731	2.693
1019	0.4018	0.9747	2.528
1020	0.4008	0.9749	2.513
1021	0.4044	0.9736	2.636
1022	0.4072	0.9722	2.783
1023	0.4041	0.9733	2.673
1024	0.4079	0.9720	2.797
1025	0.4054	0.9730	2.699
1026	0.4032	0.9738	2.619
1027	0.4006	0.9753	2.474
1028	0.4067	0.9724	2.764
1029	0.4080	0.9718	2.817
1030	0.4035	0.9735	2.648
1031	0.4018	0.9742	2.576
1032	0.4064	0.9729	2.712
1033	0.4002	0.9750	2.501
1034	0.4036	0.9735	2.646
1035	0.4058	0.9730	2.703
1036	0.3913	0.9794	2.055
1037	0.3936	0.9779	2.213
1038	0.4066	0.9726	2.742
1039	0.4053	0.9732	2.676
1040	0.4005	0.9748	2.518
1041	0.4023	0.9746	2.538
1042	0.4020	0.9747	2.532
1043	0.4059	0.9722	2.778
1044	0.4064	0.9727	2.731
1045	0.4064	0.9726	2.739
1046	0.4050	0.9731	2.692
1047	0.4051	0.9735	2.650
1048	0.4053	0.9731	2.693
1049	0.4057	0.9731	2.690
1050	0.4052	0.9731	2.688
1051	0.4029	0.9739	2.608
1052	0.3915	0.9794	2.060
1053	0.4069	0.9723	2.774
1054	0.4070	0.9724	2.757
1055	0.4046	0.9730	2.699
1056	0.4069	0.9724	2.760
1057	0.4063	0.9728	2.720
1058	0.4021	0.9749	2.512
1059	0.4042	0.9735	2.645
1060	0.3995	0.9756	2.445
1061	0.3974	0.9761	2.394
1062	0.4063	0.9729	2.715
1063	0.3914	0.9792	2.080
1064	0.4046	0.9730	2.701
1065	0.3939	0.9784	2.162
1066	0.4010	0.9753	2.472
1067	0.4064	0.9729	2.712
1068	0.4043	0.9732	2.680
1069	0.4077	0.9718	2.818
1070	0.4053	0.9731	2.692
1071	0.4020	0.9747	2.532
1072	0.3952	0.9775	2.254
1073	0.4079	0.9717	2.831
1074	0.4070	0.9724	2.758
1075	0.4053	0.9732	2.675
1076	0.4021	0.9741	2.594
1077	0.4060	0.9724	2.756
1078	0.4021	0.9749	2.512
1079	0.4070	0.9724	2.765
1080	0.4027	0.9742	2.583
1081	0.4059	0.9722	2.776
1082	0.4006	0.9753	2.472
1083	0.4002	0.9749	2.509
1084	0.4064	0.9723	2.767
1085	0.4070	0.9723	2.771
1086	0.4004	0.9748	2.517
1087	0.4042	0.9735	2.645
1088	0.4017	0.9747	2.530
1089	0.4089	0.9712	2.879
1090	0.3972	0.9765	2.353
1091	0.4076	0.9725	2.746
1092	0.4039	0.9736	2.644
1093	0.4052	0.9728	2.717
1094	0.4045	0.9730	2.699
1095	0.4014	0.9743	2.568
1096	0.3926	0.9785	2.148
1097	0.4032	0.9738	2.620
1098	0.3913	0.9796	2.040
1099	0.4035	0.9735	2.646
1100	0.4071	0.9721	2.786
1101	0.4076	0.9724	2.757
1102	0.4073	0.9720	2.799
1103	0.3994	0.9755	2.445
1104	0.4053	0.9730	2.698
1105	0.4018	0.9743	2.575
1106	0.4030	0.9740	2.602
1107	0.4051	0.9734	2.659
1108	0.4055	0.9724	2.764
1109	0.3989	0.9753	2.470
1110	0.4008	0.9748	2.521
1111	0.4072	0.9723	2.772
1112	0.4055	0.9731	2.694
1113	0.4049	0.9731	2.693
1114	0.4057	0.9731	2.690
1115	0.4064	0.9727	2.734
1116	0.4066	0.9727	2.730
1117	0.4063	0.9728	2.719
1118	0.3935	0.9779	2.213
1119	0.4066	0.9726	2.740
1120	0.4018	0.9747	2.528
1121	0.4068	0.9724	2.759
1122	0.3939	0.9784	2.162
1123	0.3912	0.9794	2.055
1124	0.4008	0.9749	2.512
1125	0.4041	0.9733	2.674
1126	0.4063	0.9726	2.738
1127	0.4047	0.9735	2.652
1128	0.3896	0.9802	1.981
1129	0.4027	0.9740	2.605
1130	0.4078	0.9720	2.799
1131	0.4079	0.9718	2.818
1132	0.3973	0.9761	2.393
1133	0.4069	0.9723	2.774
1134	0.4051	0.9731	2.690
1135	0.4064	0.9726	2.739
1136	0.4062	0.9728	2.716
1137	0.4046	0.9733	2.670
1138	0.4043	0.9736	2.642
1139	0.4045	0.9730	2.702
1140	0.4055	0.9728	2.722
1141	0.4067	0.9724	2.763
1142	0.4049	0.9734	2.663
1143	0.3915	0.9794	2.061
1144	0.4085	0.9717	2.826
1145	0.4034	0.9735	2.648
1146	0.4043	0.9736	2.637
1147	0.4001	0.9750	2.505
1148	0.4081	0.9718	2.817
1149	0.4061	0.9728	2.715
1150	0.4061	0.9727	2.728
1151	0.4002	0.9750	2.502
1152	0.3989	0.9754	2.458
1153	0.4055	0.9730	2.704
1154	0.4052	0.9731	2.695
1155	0.4047	0.9730	2.704
1156	0.4043	0.9736	2.642
1157	0.4071	0.9722	2.778
1158	0.4039	0.9739	2.607
1159	0.4028	0.9739	2.606
1160	0.3913	0.9792	2.079
1161	0.4049	0.9733	2.674
1162	0.4063	0.9729	2.711
1163	0.4023	0.9746	2.538
1164	0.4057	0.9729	2.705
1165	0.4051	0.9735	2.651
1166	0.4063	0.9727	2.725
1167	0.3912	0.9794	2.055
1168	0.4043	0.9736	2.642
1169	0.4069	0.9723	2.766
1170	0.4055	0.9730	2.703
1171	0.4061	0.9729	2.715
1172	0.4042	0.9732	2.680
1173	0.4008	0.9749	2.513
1174	0.4018	0.9747	2.529
1175	0.4027	0.9740	2.603
1176	0.4041	0.9733	2.674
1177	0.4072	0.9720	2.798
1178	0.4081	0.9719	2.815
1179	0.4068	0.9723	2.775
1180	0.4070	0.9723	2.771
1181	0.3915	0.9794	2.060
1182	0.4058	0.9722	2.778
1183	0.4005	0.9753	2.471
1184	0.3989	0.9754	2.458
1185	0.4049	0.9734	2.662
1186	0.3952	0.9775	2.254
1187	0.4049	0.9733	2.673
1188	0.4051	0.9731	2.689
1189	0.4067	0.9724	2.763
1190	0.4004	0.9748	2.518
1191	0.4052	0.9731	2.692
1192	0.4046	0.9733	2.668
1193	0.4063	0.9728	2.719
1194	0.3926	0.9785	2.148
1195	0.3913	0.9796	2.040
1196	0.3973	0.9761	2.393
1197	0.4008	0.9748	2.520
1198	0.4047	0.9730	2.704
1199	0.4055	0.9723	2.765
1200	0.4053	0.9730	2.696
1201	0.4078	0.9720	2.800
1202	0.3895	0.9802	1.982
1203	0.4009	0.9753	2.472
1204	0.4027	0.9741	2.585
1205	0.4043	0.9736	2.637
1206	0.4038	0.9735	2.646
1207	0.4000	0.9750	2.505
1208	0.4056	0.9731	2.690
1209	0.4089	0.9712	2.880
1210	0.3989	0.9753	2.470
1211	0.3971	0.9765	2.353
1212	0.4049	0.9731	2.694
1213	0.4066	0.9726	2.741
1214	0.4002	0.9750	2.501
1215	0.4075	0.9725	2.749
1216	0.4057	0.9729	2.706
1217	0.4072	0.9723	2.771
1218	0.3938	0.9784	2.164
1219	0.4034	0.9735	2.647
1220	0.4078	0.9717	2.830
1221	0.4054	0.9730	2.697
1222	0.4043	0.9736	2.642
1223	0.4062	0.9728	2.723
1224	0.4035	0.9736	2.645
1225	0.4065	0.9727	2.731
1226	0.4020	0.9749	2.512
1227	0.4002	0.9749	2.510
1228	0.4063	0.9729	2.712
1229	0.4068	0.9724	2.756
1230	0.4054	0.9728	2.721
1231	0.4079	0.9718	2.818
1232	0.4013	0.9743	2.569
1233	0.4031	0.9738	2.620
1234	0.4041	0.9735	2.647
1235	0.4064	0.9723	2.767
1236	0.4060	0.9727	2.728
1237	0.4051	0.9730	2.696
1238	0.4063	0.9726	2.740
1239	0.4085	0.9717	2.826
1240	0.4017	0.9742	2.576
1241	0.4022	0.9746	2.537
1242	0.4063	0.9727	2.733
1243	0.4050	0.9734	2.659
1244	0.4071	0.9721	2.786
1245	0.4016	0.9747	2.531
1246	0.4062	0.9728	2.717
1247	0.4063	0.9729	2.712
1248	0.4060	0.9724	2.756
1249	0.4045	0.9730	2.699
1250	0.4045	0.9730	2.702
1251	0.4062	0.9727	2.734
1252	0.4051	0.9728	2.717
1253	0.4076	0.9718	2.819
1254	0.4075	0.9724	2.757
1255	0.4019	0.9747	2.531
1256	0.4050	0.9735	2.650
1257	0.4070	0.9722	2.777
1258	0.4052	0.9732	2.677
1259	0.3994	0.9756	2.445
1260	0.4029	0.9740	2.603
1261	0.4046	0.9735	2.653
1262	0.3935	0.9779	2.215
1263	0.4069	0.9724	2.757
1264	0.4028	0.9739	2.607
1265	0.4039	0.9739	2.605
1266	0.3913	0.9792	2.079
1267	0.4020	0.9741	2.593
1268	0.4046	0.9730	2.703
1269	0.4070	0.9723	2.772
1270	0.4065	0.9727	2.730
1271	0.4056	0.9731	2.691
1272	0.4016	0.9747	2.531
1273	0.4049	0.9733	2.674
1274	0.4027	0.9740	2.603
1275	0.4004	0.9748	2.517
1276	0.3912	0.9794	2.055
1277	0.4034	0.9735	2.648
1278	0.3914	0.9794	2.061
1279	0.4042	0.9736	2.642
1280	0.4041	0.9735	2.645
1281	0.4062	0.9728	2.720
1282	0.3973	0.9761	2.393
1283	0.4046	0.9733	2.669
1284	0.3912	0.9796	2.040
1285	0.3895	0.9802	1.981
1286	0.4031	0.9738	2.620
1287	0.4080	0.9718	2.819
1288	0.4060	0.9724	2.756
1289	0.4000	0.9750	2.504
1290	0.4051	0.9728	2.720
1291	0.4051	0.9731	2.690
1292	0.4069	0.9723	2.767
1293	0.4071	0.9723	2.770
1294	0.4054	0.9731	2.695
1295	0.4022	0.9746	2.538
1296	0.3934	0.9779	2.215
1297	0.4009	0.9753	2.471
1298	0.4062	0.9727	2.725
1299	0.4040	0.9733	2.675
1300	0.4050	0.9735	2.651
1301	0.4062	0.9727	2.734
1302	0.4017	0.9747	2.529
1303	0.4026	0.9741	2.585
1304	0.4046	0.9735	2.652
1305	0.4072	0.9720	2.799
1306	0.4068	0.9724	2.760
1307	0.4051	0.9730	2.696
1308	0.3951	0.9775	2.254
1309	0.4042	0.9736	2.642
1310	0.3989	0.9753	2.471
1311	0.4050	0.9734	2.659
1312	0.4070	0.9721	2.786
1313	0.4060	0.9729	2.715
1314	0.4076	0.9718	2.818
1315	0.4063	0.9727	2.733
1316	0.4017	0.9742	2.575
1317	0.4060	0.9727	2.727
1318	0.4078	0.9718	2.818
1319	0.4045	0.9730	2.702
1320	0.4062	0.9729	2.712
1321	0.4038	0.9736	2.644
1322	0.4075	0.9725	2.746
1323	0.4019	0.9747	2.531
1324	0.4005	0.9753	2.472
1325	0.4044	0.9730	2.699
1326	0.4029	0.9740	2.603
1327	0.3994	0.9756	2.445
1328	0.4043	0.9736	2.635
1329	0.4038	0.9740	2.605
1330	0.3913	0.9792	2.080
1331	0.4027	0.9739	2.607
1332	0.4066	0.9724	2.763
1333	0.4054	0.9730	2.703
1334	0.4034	0.9735	2.646
1335	0.3971	0.9765	2.353
1336	0.4075	0.9724	2.756
1337	0.4052	0.9731	2.693
1338	0.3925	0.9785	2.148
1339	0.4084	0.9717	2.826
1340	0.4041	0.9732	2.681
1341	0.4063	0.9723	2.766
1342	0.3988	0.9754	2.458
1343	0.4069	0.9724	2.758
1344	0.4054	0.9728	2.723
1345	0.4007	0.9748	2.519
1346	0.4048	0.9731	2.693
1347	0.4054	0.9724	2.763
1348	0.4013	0.9743	2.568
1349	0.4062	0.9729	2.711
1350	0.4061	0.9728	2.716
1351	0.4020	0.9749	2.512
1352	0.4001	0.9750	2.501
1353	0.3938	0.9784	2.162
1354	0.4048	0.9734	2.663
1355	0.4052	0.9730	2.698
1356	0.4052	0.9732	2.676
1357	0.4077	0.9720	2.799
1358	0.4058	0.9722	2.778
1359	0.4077	0.9717	2.830
1360	0.4001	0.9749	2.509
1361	0.4007	0.9749	2.512
1362	0.4063	0.9726	2.739
1363	0.4067	0.9723	2.773
1364	0.4088	0.9712	2.880
1365	0.4070	0.9722	2.778
1366	0.4020	0.9741	2.594
1367	0.4065	0.9726	2.742
1368	0.4056	0.9730	2.704
1369	0.4077	0.9720	2.797
1370	0.4004	0.9753	2.471
1371	0.4027	0.9739	2.606
1372	0.4038	0.9736	2.644
1373	0.3895	0.9802	1.981
1374	0.4046	0.9730	2.703
1375	0.4026	0.9740	2.604
1376	0.4038	0.9739	2.607
1377	0.4088	0.9712	2.879
1378	0.4042	0.9736	2.642
1379	0.3937	0.9784	2.162
1380	0.4020	0.9741	2.592
1381	0.4019	0.9747	2.532
1382	0.3993	0.9756	2.445
1383	0.4071	0.9723	2.771
1384	0.4062	0.9727	2.733
1385	0.3988	0.9754	2.458
1386	0.4022	0.9746	2.537
1387	0.4053	0.9731	2.695
1388	0.4016	0.9747	2.531
1389	0.4040	0.9733	2.675
1390	0.4062	0.9729	2.710
1391	0.4062	0.9727	2.734
1392	0.4075	0.9724	2.757
1393	0.4075	0.9718	2.818
1394	0.4059	0.9724	2.755
1395	0.4068	0.9724	2.758
1396	0.4054	0.9730	2.703
1397	0.4059	0.9727	2.727
1398	0.3925	0.9785	2.148
1399	0.4048	0.9731	2.692
1400	0.4062	0.9728	2.720
1401	0.4062	0.9729	2.712
1402	0.4033	0.9735	2.648
1403	0.4067	0.9723	2.774
1404	0.3971	0.9765	2.353
1405	0.4034	0.9735	2.645
1406	0.4070	0.9722	2.785
1407	0.4000	0.9750	2.504
1408	0.3912	0.9792	2.079
1409	0.3913	0.9794	2.061
1410	0.4069	0.9723	2.772
1411	0.4070	0.9722	2.778
1412	0.4063	0.9723	2.766
1413	0.4045	0.9733	2.669
1414	0.4056	0.9729	2.705
1415	0.4001	0.9749	2.509
1416	0.4071	0.9720	2.799
1417	0.4061	0.9728	2.725
1418	0.4054	0.9724	2.763
1419	0.4029	0.9740	2.603
1420	0.4084	0.9717	2.826
1421	0.4053	0.9728	2.724
1422	0.4062	0.9726	2.739
1423	0.4044	0.9730	2.699
1424	0.4026	0.9742	2.585
1425	0.4049	0.9734	2.659
1426	0.3912	0.9796	2.040
1427	0.4006	0.9749	2.513
1428	0.4042	0.9736	2.637
1429	0.4001	0.9750	2.502
1430	0.4007	0.9748	2.520
1431	0.4044	0.9730	2.703
1432	0.4078	0.9718	2.818
1433	0.4049	0.9735	2.651
1434	0.4050	0.9731	2.690
1435	0.4067	0.9724	2.758
1436	0.4040	0.9735	2.645
1437	0.4077	0.9717	2.831
1438	0.4017	0.9743	2.575
1439	0.4074	0.9725	2.748
1440	0.4045	0.9735	2.652
1441	0.4012	0.9743	2.568
1442	0.4003	0.9748	2.518
1443	0.4042	0.9736	2.642
1444	0.4019	0.9749	2.512
1445	0.3988	0.9753	2.469
1446	0.4008	0.9753	2.471
1447	0.4080	0.9718	2.817
1448	0.4064	0.9726	2.742
1449	0.3972	0.9761	2.394
1450	0.4057	0.9722	2.780
1451	0.3934	0.9779	2.215
1452	0.4048	0.9733	2.674
1453	0.4017	0.9747	2.528
1454	0.4051	0.9733	2.674
1455	0.4050	0.9728	2.717
1456	0.4048	0.9734	2.663
1457	0.4055	0.9731	2.691
1458	0.4068	0.9724	2.764
1459	0.4050	0.9730	2.696
1460	0.4051	0.9731	2.693
1461	0.3911	0.9794	2.055
1462	0.4052	0.9730	2.698
1463	0.4041	0.9732	2.681
1464	0.4061	0.9728	2.715
1465	0.3950	0.9775	2.254
1466	0.4030	0.9738	2.619
1467	0.4064	0.9727	2.730
1468	0.4060	0.9729	2.713
1469	0.4066	0.9724	2.763
1470	0.3993	0.9755	2.445
1471	0.4037	0.9736	2.643
1472	0.4051	0.9732	2.676
1473	0.3972	0.9761	2.394
1474	0.4071	0.9723	2.772
1475	0.4018	0.9747	2.531
1476	0.4008	0.9753	2.473
1477	0.4050	0.9731	2.688
1478	0.3987	0.9754	2.459
1479	0.4028	0.9740	2.603
1480	0.4062	0.9726	2.739
1481	0.4068	0.9724	2.757
1482	0.3894	0.9802	1.981
1483	0.4067	0.9724	2.760
1484	0.4049	0.9734	2.659
1485	0.4003	0.9748	2.518
1486	0.4041	0.9732	2.680
1487	0.4050	0.9731	2.695
1488	0.3911	0.9794	2.055
1489	0.4042	0.9736	2.637
1490	0.3911	0.9796	2.040
1491	0.3937	0.9784	2.162
1492	0.4044	0.9730	2.702
1493	0.3999	0.9750	2.504
1494	0.4042	0.9736	2.642
1495	0.4070	0.9721	2.787
1496	0.4051	0.9731	2.692
1497	0.4075	0.9718	2.820
1498	0.4030	0.9738	2.620
1499	0.4026	0.9741	2.585
1500	0.4049	0.9735	2.653
1501	0.4048	0.9734	2.664
1502	0.4053	0.9728	2.722
1503	0.4062	0.9723	2.768
1504	0.4069	0.9722	2.777
1505	0.4074	0.9725	2.747
1506	0.4061	0.9727	2.725
1507	0.4042	0.9736	2.642
1508	0.4050	0.9728	2.718
1509	0.4056	0.9730	2.704
1510	0.4060	0.9729	2.714
1511	0.4033	0.9735	2.648
1512	0.4048	0.9731	2.692
1513	0.4061	0.9728	2.715
1514	0.4019	0.9741	2.594
1515	0.4062	0.9729	2.711
1516	0.4045	0.9730	2.704
1517	0.4007	0.9748	2.519
1518	0.4048	0.9733	2.673
1519	0.4054	0.9724	2.763
1520	0.4059	0.9727	2.727
1521	0.3913	0.9794	2.060
1522	0.4061	0.9728	2.719
1523	0.4065	0.9724	2.763
1524	0.4087	0.9712	2.880
1525	0.4016	0.9742	2.575
1526	0.3933	0.9779	2.213
1527	0.4000	0.9750	2.502
1528	0.4039	0.9733	2.675
1529	0.4062	0.9729	2.712
1530	0.4038	0.9739	2.607
1531	0.4062	0.9727	2.733
1532	0.4052	0.9730	2.698
1533	0.4053	0.9730	2.702
1534	0.4077	0.9720	2.797
1535	0.4055	0.9731	2.690
1536	0.4064	0.9726	2.743
1537	0.4026	0.9739	2.607
1538	0.4040	0.9736	2.645
1539	0.4012	0.9743	2.568
1540	0.4026	0.9740	2.603
1541	0.4083	0.9717	2.827
1542	0.3925	0.9785	2.149
1543	0.4021	0.9746	2.537
1544	0.4076	0.9717	2.830
1545	0.4053	0.9731	2.694
1546	0.4016	0.9747	2.529
1547	0.4044	0.9733	2.667
1548	0.4057	0.9722	2.775
1549	0.4064	0.9727	2.730
1550	0.4058	0.9724	2.756
1551	0.4074	0.9724	2.756
1552	0.4043	0.9730	2.699
1553	0.4061	0.9727	2.734
1554	0.4067	0.9723	2.774
1555	0.4033	0.9736	2.644
1556	0.3970	0.9765	2.353
1557	0.3988	0.9753	2.469
1558	0.4015	0.9747	2.531
1559	0.4006	0.9749	2.513
1560	0.4068	0.9724	2.764
1561	0.4068	0.9723	2.773
1562	0.4045	0.9735	2.653
1563	0.4004	0.9753	2.474
1564	0.4000	0.9749	2.508
1565	0.4019	0.9749	2.511
1566	0.4079	0.9719	2.813
1567	0.4077	0.9718	2.816
1568	0.3912	0.9792	2.080
1569	0.4071	0.9720	2.800
1570	0.3950	0.9775	2.254
1571	0.3987	0.9754	2.459
1572	0.4065	0.9724	2.764
1573	0.4019	0.9741	2.595
1574	0.3894	0.9802	1.982
1575	0.4040	0.9732	2.681
1576	0.3911	0.9796	2.039
1577	0.4061	0.9729	2.710
1578	0.4049	0.9735	2.650
1579	0.4025	0.9742	2.584
1580	0.3970	0.9765	2.353
1581	0.4048	0.9733	2.675
1582	0.4053	0.9728	2.724
1583	0.3999	0.9750	2.504
1584	0.3924	0.9785	2.148
1585	0.4070	0.9723	2.771
1586	0.4053	0.9724	2.762
1587	0.4061	0.9727	2.726
1588	0.4074	0.9724	2.757
1589	0.4070	0.9720	2.798
1590	0.3933	0.9779	2.213
1591	0.4018	0.9747	2.532
1592	0.4059	0.9729	2.714
1593	0.3971	0.9761	2.393
1594	0.4087	0.9712	2.880
1595	0.4025	0.9740	2.603
1596	0.4058	0.9724	2.755
1597	0.4003	0.9753	2.471
1598	0.4040	0.9736	2.645
1599	0.4076	0.9720	2.797
1600	0.4039	0.9733	2.674
1601	0.4041	0.9736	2.642
1602	0.4066	0.9724	2.760
1603	0.4050	0.9730	2.696
1604	0.4019	0.9749	2.511
1605	0.4049	0.9731	2.688
1606	0.4033	0.9735	2.645
1607	0.4037	0.9736	2.644
1608	0.4052	0.9731	2.694
1609	0.4067	0.9724	2.758
1610	0.4079	0.9719	2.813
1611	0.4053	0.9730	2.704
1612	0.4011	0.9743	2.566
1613	0.4061	0.9726	2.739
1614	0.4041	0.9737	2.635
1615	0.4026	0.9739	2.607
1616	0.4083	0.9717	2.826
1617	0.3950	0.9775	2.254
1618	0.4000	0.9749	2.508
1619	0.4051	0.9732	2.677
1620	0.4000	0.9750	2.500
1621	0.4066	0.9723	2.774
1622	0.4049	0.9734	2.660
1623	0.4030	0.9738	2.618
1624	0.4064	0.9726	2.742
1625	0.4069	0.9722	2.777
1626	0.4058	0.9727	2.726
1627	0.4051	0.9730	2.699
1628	0.4068	0.9723	2.772
1629	0.4073	0.9725	2.746
1630	0.4002	0.9748	2.518
1631	0.4006	0.9749	2.514
1632	0.3992	0.9755	2.446
1633	0.4077	0.9718	2.816
1634	0.4060	0.9728	2.716
1635	0.4055	0.9730	2.703
1636	0.3910	0.9794	2.055
1637	0.4028	0.9740	2.602
1638	0.4050	0.9731	2.692
1639	0.4061	0.9728	2.719
1640	0.4056	0.9722	2.776
1641	0.4016	0.9742	2.576
1642	0.4044	0.9733	2.667
1643	0.4032	0.9735	2.647
1644	0.4061	0.9729	2.712
1645	0.4061	0.9727	2.730
1646	0.4063	0.9727	2.731
1647	0.4015	0.9747	2.531
1648	0.4062	0.9723	2.766
1649	0.4050	0.9728	2.716
1650	0.4054	0.9731	2.690
1651	0.4016	0.9747	2.528
1652	0.4045	0.9730	2.702
1653	0.4043	0.9730	2.701
1654	0.4047	0.9731	2.690
1655	0.4007	0.9753	2.475
1656	0.4067	0.9724	2.763
1657	0.3911	0.9792	2.080
1658	0.4020	0.9746	2.538
1659	0.3913	0.9794	2.060
1660	0.4006	0.9748	2.519
1661	0.3987	0.9753	2.469
1662	0.4044	0.9735	2.652
1663	0.4047	0.9734	2.663
1664	0.4060	0.9727	2.734
1665	0.3936	0.9784	2.161
1666	0.4037	0.9740	2.605
1667	0.4041	0.9736	2.641
1668	0.4043	0.9730	2.699
1669	0.4076	0.9717	2.829
1670	0.4074	0.9718	2.820
1671	0.4069	0.9722	2.783
1672	0.4060	0.9728	2.715
1673	0.4047	0.9734	2.663
1674	0.4006	0.9748	2.519
1675	0.4069	0.9722	2.783
1676	0.4049	0.9731	2.688
1677	0.3971	0.9761	2.394
1678	0.4005	0.9749	2.513
1679	0.4074	0.9718	2.819
1680	0.3949	0.9775	2.254
1681	0.4050	0.9731	2.692
1682	0.4068	0.9723	2.771
1683	0.3936	0.9784	2.162
1684	0.4058	0.9724	2.756
1685	0.4041	0.9736	2.636
1686	0.4044	0.9733	2.668
1687	0.3933	0.9779	2.213
1688	0.4018	0.9741	2.593
1689	0.3999	0.9750	2.502
1690	0.4073	0.9724	2.757
1691	0.4061	0.9727	2.733
1692	0.4079	0.9719	2.814
1693	0.4047	0.9731	2.692
1694	0.4058	0.9727	2.726
1695	0.4048	0.9735	2.651
1696	0.4011	0.9743	2.568
1697	0.4053	0.9724	2.762
1698	0.4027	0.9740	2.602
1699	0.4020	0.9746	2.537
1700	0.4061	0.9729	2.711
1701	0.4061	0.9726	2.739
1702	0.4052	0.9728	2.722
1703	0.4039	0.9733	2.675
1704	0.4076	0.9717	2.829
1705	0.4043	0.9730	2.702
1706	0.4060	0.9727	2.726
1707	0.4032	0.9735	2.648
1708	0.4017	0.9747	2.530
1709	0.4049	0.9728	2.717
1710	0.4045	0.9730	2.704
1711	0.4048	0.9734	2.660
1712	0.4047	0.9733	2.673
1713	0.4044	0.9735	2.652
1714	0.4070	0.9720	2.798
1715	0.3912	0.9794	2.060
1716	0.3893	0.9802	1.981
1717	0.3999	0.9749	2.509
1718	0.4007	0.9753	2.472
1719	0.4040	0.9732	2.680
1720	0.4025	0.9742	2.584
1721	0.4068	0.9722	2.778
1722	0.4052	0.9730	2.703
1723	0.4059	0.9729	2.713
1724	0.4039	0.9736	2.645
1725	0.4036	0.9736	2.643
1726	0.4018	0.9749	2.511
1727	0.4025	0.9740	2.604
1728	0.4064	0.9724	2.763
1729	0.4049	0.9730	2.697
1730	0.4056	0.9722	2.776
1731	0.4026	0.9739	2.607
1732	0.4061	0.9723	2.766
1733	0.4015	0.9742	2.576
1734	0.4076	0.9720	2.798
1735	0.4060	0.9727	2.734
1736	0.4003	0.9753	2.474
1737	0.4037	0.9740	2.604
1738	0.3969	0.9765	2.353
1739	0.3998	0.9750	2.504
1740	0.3910	0.9794	2.055
1741	0.3911	0.9792	2.080
1742	0.4040	0.9736	2.642
1743	0.3924	0.9785	2.148
1744	0.4033	0.9736	2.645
1745	0.4086	0.9712	2.880
1746	0.4073	0.9725	2.748
1747	0.4063	0.9726	2.742
1748	0.4066	0.9723	2.774
1749	0.4051	0.9730	2.697
1750	0.4050	0.9732	2.676
1751	0.4040	0.9736	2.642
1752	0.4014	0.9747	2.530
1753	0.4002	0.9748	2.517
1754	0.4067	0.9724	2.764
1755	0.4082	0.9717	2.827
1756	0.4066	0.9724	2.761
1757	0.4061	0.9729	2.712
1758	0.4029	0.9738	2.618
1759	0.3986	0.9754	2.459
1760	0.4054	0.9731	2.690
1761	0.4043	0.9730	2.699
1762	0.4054	0.9730	2.702
1763	0.4052	0.9731	2.693
1764	0.4067	0.9724	2.757
1765	0.3992	0.9756	2.445
1766	0.4077	0.9718	2.817
1767	0.4060	0.9728	2.720
1768	0.3987	0.9753	2.470
1769	0.4063	0.9727	2.730
1770	0.4015	0.9747	2.529
1771	0.4069	0.9723	2.772
1772	0.3910	0.9796	2.039
1773	0.4049	0.9731	2.689
1774	0.4039	0.9736	2.645
1775	0.4040	0.9736	2.642
1776	0.4073	0.9725	2.746
1777	0.4047	0.9733	2.673
1778	0.4050	0.9731	2.693
1779	0.4064	0.9724	2.763
1780	0.4075	0.9717	2.829
1781	0.3986	0.9754	2.459
1782	0.4063	0.9727	2.730
1783	0.4068	0.9722	2.783
1784	0.4017	0.9747	2.531
1785	0.4003	0.9753	2.471
1786	0.4058	0.9727	2.726
1787	0.4058	0.9729	2.712
1788	0.4052	0.9724	2.761
1789	0.4032	0.9735	2.646
1790	0.4059	0.9728	2.716
1791	0.4046	0.9731	2.692
1792	0.4036	0.9740	2.604
1793	0.4001	0.9748	2.517
1794	0.4020	0.9746	2.537
1795	0.4060	0.9728	2.719
1796	0.3910	0.9796	2.039
1797	0.3970	0.9761	2.394
1798	0.4024	0.9740	2.603
1799	0.4042	0.9730	2.703
1800	0.3893	0.9802	1.981
1801	0.4061	0.9727	2.732
1802	0.4015	0.9747	2.529
1803	0.4056	0.9722	2.775
1804	0.4052	0.9728	2.722
1805	0.4027	0.9740	2.603
1806	0.4057	0.9724	2.756
1807	0.4061	0.9723	2.766
1808	0.4039	0.9732	2.681
1809	0.4054	0.9731	2.689
1810	0.4073	0.9718	2.818
1811	0.3923	0.9785	2.148
1812	0.4024	0.9742	2.584
1813	0.4086	0.9712	2.879
1814	0.4038	0.9733	2.673
1815	0.4015	0.9742	2.576
1816	0.4075	0.9720	2.797
1817	0.4048	0.9735	2.650
1818	0.4067	0.9723	2.773
1819	0.4060	0.9727	2.726
1820	0.4069	0.9723	2.769
1821	0.4040	0.9736	2.640
1822	0.4032	0.9735	2.647
1823	0.4052	0.9731	2.694
1824	0.4060	0.9729	2.710
1825	0.4063	0.9726	2.743
1826	0.4044	0.9730	2.702
1827	0.4076	0.9719	2.815
1828	0.4005	0.9748	2.518
1829	0.4018	0.9749	2.511
1830	0.4054	0.9730	2.704
1831	0.3911	0.9792	2.080
1832	0.3999	0.9750	2.500
1833	0.4046	0.9734	2.663
1834	0.3936	0.9784	2.160
1835	0.4036	0.9736	2.644
1836	0.4078	0.9719	2.813
1837	0.3909	0.9794	2.055
1838	0.4018	0.9741	2.594
1839	0.4066	0.9724	2.765
1840	0.4049	0.9730	2.697
1841	0.4066	0.9724	2.758
1842	0.4060	0.9726	2.739
1843	0.4042	0.9730	2.699
1844	0.4043	0.9735	2.651
1845	0.3998	0.9750	2.504
1846	0.4043	0.9733	2.667
1847	0.4050	0.9732	2.676
1848	0.4010	0.9743	2.568
1849	0.4049	0.9728	2.717
1850	0.3991	0.9755	2.445
1851	0.4069	0.9720	2.798
1852	0.4005	0.9749	2.513
1853	0.4060	0.9729	2.712
1854	0.3986	0.9753	2.470
1855	0.4068	0.9722	2.778
1856	0.4052	0.9730	2.704
1857	0.4029	0.9738	2.618
1858	0.3999	0.9749	2.508
1859	0.4007	0.9753	2.473
1860	0.4073	0.9724	2.757
1861	0.4082	0.9717	2.826
1862	0.4047	0.9734	2.660
1863	0.4025	0.9739	2.607
1864	0.4065	0.9724	2.761
1865	0.3912	0.9794	2.061
1866	0.4065	0.9723	2.775
1867	0.4014	0.9747	2.531
1868	0.3932	0.9778	2.215
1869	0.4059	0.9727	2.734
1870	0.4050	0.9730	2.699
1871	0.3969	0.9765	2.353
1872	0.3949	0.9775	2.254
1873	0.4040	0.9737	2.635
1874	0.4038	0.9736	2.645
1875	0.3999	0.9749	2.508
1876	0.4042	0.9730	2.702
1877	0.4024	0.9740	2.603
1878	0.4038	0.9733	2.674
1879	0.4072	0.9724	2.756
1880	0.4051	0.9731	2.695
1881	0.4086	0.9712	2.879
1882	0.4036	0.9740	2.604
1883	0.4052	0.9724	2.761
1884	0.4050	0.9732	2.677
1885	0.3968	0.9765	2.353
1886	0.4057	0.9724	2.756
1887	0.4047	0.9734	2.660
1888	0.4072	0.9725	2.746
1889	0.4060	0.9729	2.710
1890	0.4015	0.9742	2.577
1891	0.4042	0.9730	2.699
1892	0.4001	0.9748	2.517
1893	0.4068	0.9722	2.778
1894	0.4059	0.9727	2.726
1895	0.4049	0.9731	2.692
1896	0.4004	0.9749	2.513
1897	0.4010	0.9743	2.567
1898	0.4006	0.9753	2.473
1899	0.4050	0.9730	2.698
1900	0.3986	0.9753	2.470
1901	0.4069	0.9720	2.798
1902	0.4068	0.9722	2.783
1903	0.4019	0.9746	2.537
1904	0.4055	0.9722	2.775
1905	0.4051	0.9730	2.704
1906	0.4005	0.9748	2.519
1907	0.4002	0.9753	2.471
1908	0.3932	0.9779	2.214
1909	0.3911	0.9794	2.060
1910	0.4059	0.9728	2.719
1911	0.4046	0.9731	2.693
1912	0.4067	0.9723	2.771
1913	0.3935	0.9784	2.162
1914	0.4058	0.9729	2.715
1915	0.4046	0.9734	2.663
1916	0.4057	0.9727	2.727
1917	0.4062	0.9727	2.730
1918	0.4040	0.9736	2.642
1919	0.4040	0.9736	2.642
1920	0.4039	0.9732	2.680
1921	0.4075	0.9717	2.830
1922	0.4060	0.9726	2.739
1923	0.3970	0.9761	2.394
1924	0.4075	0.9720	2.798
1925	0.4059	0.9727	2.734
1926	0.4024	0.9742	2.584
1927	0.4065	0.9724	2.760
1928	0.3909	0.9794	2.055
1929	0.4060	0.9727	2.733
1930	0.4043	0.9733	2.667
1931	0.3892	0.9802	1.981
1932	0.4054	0.9729	2.705
1933	0.3998	0.9750	2.502
1934	0.4066	0.9724	2.758
1935	0.3909	0.9796	2.040
1936	0.4031	0.9735	2.647
1937	0.3948	0.9775	2.252
1938	0.4013	0.9747	2.531
1939	0.4076	0.9718	2.818
1940	0.3997	0.9750	2.504
1941	0.4048	0.9728	2.719
1942	0.3985	0.9754	2.458
1943	0.3991	0.9755	2.445
1944	0.4077	0.9718	2.819
1945	0.4059	0.9728	2.716
1946	0.4025	0.9739	2.606
1947	0.4062	0.9726	2.740
1948	0.4069	0.9723	2.770
1949	0.4063	0.9724	2.764
1950	0.4044	0.9730	2.704
1951	0.4043	0.9735	2.653
1952	0.4032	0.9736	2.644
1953	0.4026	0.9740	2.604
1954	0.4066	0.9723	2.767
1955	0.4073	0.9718	2.818
1956	0.4017	0.9749	2.512
1957	0.4047	0.9735	2.651
1958	0.4014	0.9747	2.529
1959	0.4051	0.9728	2.724
1960	0.4048	0.9731	2.689
1961	0.4016	0.9747	2.531
1962	0.4046	0.9733	2.674
1963	0.4060	0.9723	2.765
1964	0.4035	0.9736	2.643
1965	0.3923	0.9785	2.148
1966	0.4060	0.9729	2.712
1967	0.4017	0.9741	2.594
1968	0.4081	0.9717	2.826
1969	0.3910	0.9792	2.079
1970	0.4065	0.9723	2.774
1971	0.4028	0.9738	2.619
1972	0.4048	0.9730	2.695
1973	0.4040	0.9736	2.635
1974	0.4053	0.9731	2.691
1975	0.4060	0.9727	2.731
1976	0.4014	0.9747	2.529
1977	0.4042	0.9730	2.699
1978	0.4037	0.9732	2.675
1979	0.4057	0.9727	2.726
1980	0.4042	0.9730	2.701
1981	0.4066	0.9724	2.764
1982	0.4032	0.9736	2.644
1983	0.4014	0.9742	2.576
1984	0.4075	0.9717	2.829
1985	0.4076	0.9718	2.816
1986	0.3923	0.9785	2.148
1987	0.4081	0.9717	2.826
1988	0.3909	0.9796	2.039
1989	0.4072	0.9724	2.756
1990	0.4053	0.9730	2.703
1991	0.4060	0.9726	2.739
1992	0.4059	0.9727	2.734
1993	0.4047	0.9735	2.651
1994	0.4066	0.9723	2.771
1995	0.4004	0.9748	2.519
1996	0.4039	0.9736	2.641
1997	0.4066	0.9724	2.757
1998	0.3911	0.9794	2.060
1999	0.3935	0.9784	2.163
